1.136229019165039062e+02 5.461755371093750000e+02 8.597401428222656250e+01 1.541243286132812500e+02 1.651267547607421875e+02 4.880375976562500000e+03 1.880609283447265625e+02 1.914113464355468750e+02 2.081748535156250000e+03 3.824555664062500000e+02 3.265293579101562500e+02 4.037803649902343750e+02 4.781561889648437500e+02 1.422854614257812500e+02 2.676700439453125000e+02 3.804514465332031250e+02
1.141862258911132812e+02 5.448959350585937500e+02 8.462889099121093750e+01 1.552548522949218750e+02 1.672357025146484375e+02 4.914343750000000000e+03 1.850225067138671875e+02 1.917649078369140625e+02 2.103425537109375000e+03 3.785986328125000000e+02 3.289390869140625000e+02 4.113663940429687500e+02 4.696897583007812500e+02 1.351841583251953125e+02 2.758290405273437500e+02 3.837684326171875000e+02
1.108718719482421875e+02 5.461784667968750000e+02 8.261582183837890625e+01 1.559324035644531250e+02 1.699187927246093750e+02 4.928169433593750000e+03 1.837487487792968750e+02 1.916369323730468750e+02 2.114808837890625000e+03 3.762030639648437500e+02 3.291796264648437500e+02 4.144942321777343750e+02 4.623270263671875000e+02 1.264562225341796875e+02 2.826696166992187500e+02 3.862758178710937500e+02
1.128943862915039062e+02 5.480293579101562500e+02 7.984536743164062500e+01 1.551561737060546875e+02 1.723362426757812500e+02 4.919766601562500000e+03 1.816968994140625000e+02 1.891240844726562500e+02 2.117154785156250000e+03 3.745599975585937500e+02 3.255124816894531250e+02 4.156431274414062500e+02 4.620731201171875000e+02 1.241493530273437500e+02 2.861862182617187500e+02 3.841891784667968750e+02
1.139755401611328125e+02 5.567513427734375000e+02 7.842713928222656250e+01 1.537825317382812500e+02 1.756976318359375000e+02 4.945426757812500000e+03 1.803349609375000000e+02 1.891208343505859375e+02 2.132592529296875000e+03 3.798986511230468750e+02 3.301441040039062500e+02 4.185180358886718750e+02 4.593178100585937500e+02 1.240927886962890625e+02 2.892662658691406250e+02 3.844348754882812500e+02
1.096969299316406250e+02 5.627964477539062500e+02 7.650586700439453125e+01 1.527504272460937500e+02 1.780613250732421875e+02 4.964915527343750000e+03 1.782513122558593750e+02 1.917134246826171875e+02 2.142075195312500000e+03 3.873585815429687500e+02 3.358411865234375000e+02 4.191899414062500000e+02 4.539013671875000000e+02 1.251179504394531250e+02 2.882955932617187500e+02 3.877755126953125000e+02
1.053205566406250000e+02 5.721652221679687500e+02 7.412998962402343750e+01 1.510423278808593750e+02 1.795466766357421875e+02 4.973549804687500000e+03 1.812980499267578125e+02 1.932697601318359375e+02 2.145066162109375000e+03 3.951933288574218750e+02 3.440749816894531250e+02 4.183936767578125000e+02 4.589087829589843750e+02 1.246220397949218750e+02 2.867866210937500000e+02 3.892980651855468750e+02
1.031691894531250000e+02 5.792447509765625000e+02 7.356404113769531250e+01 1.507291564941406250e+02 1.825052947998046875e+02 4.994324707031250000e+03 1.814076690673828125e+02 1.951921081542968750e+02 2.154866699218750000e+03 3.984111633300781250e+02 3.531349487304687500e+02 4.184206237792968750e+02 4.636621093750000000e+02 1.247173767089843750e+02 2.768366394042968750e+02 3.885654602050781250e+02
1.001322784423828125e+02 5.790909423828125000e+02 7.113390350341796875e+01 1.486067810058593750e+02 1.839069061279296875e+02 4.978223144531250000e+03 1.815384216308593750e+02 1.922344665527343750e+02 2.147684326171875000e+03 3.977164001464843750e+02 3.579068298339843750e+02 4.156281738281250000e+02 4.641330261230468750e+02 1.241105651855468750e+02 2.689433288574218750e+02 3.886784973144531250e+02
1.000363845825195312e+02 5.740750732421875000e+02 6.787637329101562500e+01 1.463704833984375000e+02 1.839438171386718750e+02 4.946732421875000000e+03 1.799289093017578125e+02 1.902055511474609375e+02 2.136066406250000000e+03 3.943157348632812500e+02 3.597453918457031250e+02 4.135228881835937500e+02 4.578905029296875000e+02 1.229345474243164062e+02 2.607745666503906250e+02 3.833488159179687500e+02
9.752578735351562500e+01 5.677725830078125000e+02 6.624269866943359375e+01 1.422771606445312500e+02 1.843659973144531250e+02 4.899056640625000000e+03 1.765550689697265625e+02 1.864397277832031250e+02 2.114690917968750000e+03 3.899814453125000000e+02 3.582687988281250000e+02 4.084713745117187500e+02 4.492839965820312500e+02 1.202019042968750000e+02 2.542882690429687500e+02 3.788011779785156250e+02
9.472965240478515625e+01 5.601673583984375000e+02 6.273348236083984375e+01 1.374355773925781250e+02 1.829111633300781250e+02 4.831016113281250000e+03 1.723866882324218750e+02 1.814755554199218750e+02 2.084241455078125000e+03 3.868061218261718750e+02 3.550629272460937500e+02 4.019795532226562500e+02 4.367741394042968750e+02 1.186532821655273438e+02 2.461778564453125000e+02 3.739980163574218750e+02
9.112718200683593750e+01 5.483928222656250000e+02 5.849176788330078125e+01 1.307476806640625000e+02 1.819839172363281250e+02 4.747269531250000000e+03 1.667831268310546875e+02 1.753898010253906250e+02 2.045670288085937500e+03 3.829573974609375000e+02 3.488844299316406250e+02 3.932320556640625000e+02 4.194735107421875000e+02 1.176429519653320312e+02 2.428098144531250000e+02 3.717521667480468750e+02
8.915251159667968750e+01 5.343298339843750000e+02 5.470584487915039062e+01 1.223385772705078125e+02 1.787159423828125000e+02 4.644122558593750000e+03 1.614668731689453125e+02 1.699754333496093750e+02 1.996503417968750000e+03 3.745535583496093750e+02 3.392333068847656250e+02 3.827379455566406250e+02 3.991072082519531250e+02 1.162790069580078125e+02 2.341748046875000000e+02 3.681105346679687500e+02
8.547210693359375000e+01 5.098812255859375000e+02 4.959162521362304688e+01 1.102937316894531250e+02 1.743382568359375000e+02 4.500200683593750000e+03 1.552463989257812500e+02 1.620860290527343750e+02 1.928470703125000000e+03 3.661604919433593750e+02 3.221097412109375000e+02 3.678406066894531250e+02 3.749026794433593750e+02 1.139252624511718750e+02 2.255260314941406250e+02 3.603976440429687500e+02
7.872184753417968750e+01 4.750837402343750000e+02 4.159016799926757812e+01 9.221070861816406250e+01 1.665186157226562500e+02 4.296650878906250000e+03 1.443465423583984375e+02 1.478241424560546875e+02 1.834725585937500000e+03 3.525747070312500000e+02 2.975431823730468750e+02 3.487116699218750000e+02 3.409880981445312500e+02 1.096877288818359375e+02 2.146478424072265625e+02 3.457377319335937500e+02
6.946650695800781250e+01 4.330621643066406250e+02 3.193452835083007812e+01 7.119058227539062500e+01 1.575787963867187500e+02 4.070517333984375000e+03 1.334167175292968750e+02 1.342246398925781250e+02 1.736455566406250000e+03 3.343869628906250000e+02 2.686990966796875000e+02 3.313725585937500000e+02 2.993205871582031250e+02 1.017257537841796875e+02 1.996278839111328125e+02 3.278515319824218750e+02
6.073401641845703125e+01 3.927329101562500000e+02 2.267151641845703125e+01 5.263865661621093750e+01 1.464862976074218750e+02 3.820986816406250000e+03 1.229090347290039062e+02 1.197735366821289062e+02 1.621842041015625000e+03 3.149567260742187500e+02 2.371769409179687500e+02 3.101856384277343750e+02 2.589604492187500000e+02 9.418446350097656250e+01 1.849182434082031250e+02 3.116884155273437500e+02
5.658078002929687500e+01 3.679891967773437500e+02 1.716247558593750000e+01 4.231498718261718750e+01 1.374451141357421875e+02 3.647483154296875000e+03 1.158449935913085938e+02 1.107184753417968750e+02 1.535758300781250000e+03 3.033522338867187500e+02 2.178816833496093750e+02 2.925097351074218750e+02 2.314244079589843750e+02 9.106666564941406250e+01 1.790023498535156250e+02 3.053378906250000000e+02
5.724723052978515625e+01 3.627139892578125000e+02 1.768040084838867188e+01 4.668685913085937500e+01 1.312289733886718750e+02 3.621683349609375000e+03 1.137562789916992188e+02 1.119508285522460938e+02 1.509014770507812500e+03 3.086215209960937500e+02 2.179261779785156250e+02 2.835469665527343750e+02 2.225756835937500000e+02 9.335587310791015625e+01 1.817020874023437500e+02 3.140665893554687500e+02
6.515319061279296875e+01 3.787988891601562500e+02 2.364764785766601562e+01 6.234458923339843750e+01 1.306445617675781250e+02 3.731604492187500000e+03 1.199836654663085938e+02 1.196518936157226562e+02 1.546670043945312500e+03 3.268137207031250000e+02 2.318695220947265625e+02 2.880213928222656250e+02 2.426777038574218750e+02 9.953959655761718750e+01 1.922309875488281250e+02 3.346112976074218750e+02
7.523255920410156250e+01 4.088961791992187500e+02 3.442625808715820312e+01 8.526278686523437500e+01 1.344262542724609375e+02 3.946086669921875000e+03 1.284885559082031250e+02 1.322938232421875000e+02 1.640239379882812500e+03 3.440202636718750000e+02 2.560941772460937500e+02 3.027241210937500000e+02 2.716719360351562500e+02 1.062364120483398438e+02 2.033269958496093750e+02 3.571691284179687500e+02
9.419485473632812500e+01 4.533346557617187500e+02 5.945610046386718750e+01 1.336311950683593750e+02 1.432851562500000000e+02 4.245149414062500000e+03 1.439335632324218750e+02 1.500386810302734375e+02 1.743947387695312500e+03 3.725987243652343750e+02 2.946804199218750000e+02 3.089354858398437500e+02 3.516432189941406250e+02 1.127821884155273438e+02 2.270908966064453125e+02 3.887670288085937500e+02
9.414215087890625000e+01 4.377654113769531250e+02 6.154790115356445312e+01 1.347855072021484375e+02 1.387965698242187500e+02 4.180865234375000000e+03 1.410145874023437500e+02 1.454068603515625000e+02 1.705071533203125000e+03 3.783930969238281250e+02 2.847876892089843750e+02 2.949200134277343750e+02 3.643928527832031250e+02 1.088808898925781250e+02 2.295574645996093750e+02 3.799178466796875000e+02
9.097814941406250000e+01 4.216148681640625000e+02 5.940237426757812500e+01 1.290143737792968750e+02 1.332348937988281250e+02 4.115612792968750000e+03 1.354236145019531250e+02 1.403817901611328125e+02 1.674687744140625000e+03 3.827662658691406250e+02 2.710298461914062500e+02 2.891918029785156250e+02 3.656080017089843750e+02 1.050672912597656250e+02 2.306553649902343750e+02 3.697877197265625000e+02
8.701869201660156250e+01 4.052235107421875000e+02 5.545768356323242188e+01 1.225680236816406250e+02 1.265450057983398438e+02 4.038621826171875000e+03 1.326796875000000000e+02 1.340672607421875000e+02 1.640334838867187500e+03 3.848680419921875000e+02 2.583828735351562500e+02 2.845918579101562500e+02 3.681297607421875000e+02 1.019830627441406250e+02 2.264880218505859375e+02 3.573643188476562500e+02
8.106037902832031250e+01 3.962291259765625000e+02 5.199998855590820312e+01 1.185596466064453125e+02 1.234509353637695312e+02 3.993843261718750000e+03 1.314874267578125000e+02 1.289739379882812500e+02 1.621751831054687500e+03 3.840401306152343750e+02 2.482010498046875000e+02 2.828481140136718750e+02 3.689776916503906250e+02 9.928053283691406250e+01 2.247718048095703125e+02 3.500975952148437500e+02
7.944949340820312500e+01 4.001380310058593750e+02 4.992233276367187500e+01 1.186777648925781250e+02 1.237775115966796875e+02 4.024337158203125000e+03 1.298982238769531250e+02 1.257035217285156250e+02 1.640187255859375000e+03 3.879806518554687500e+02 2.474926910400390625e+02 2.918580322265625000e+02 3.713184814453125000e+02 9.764600372314453125e+01 2.241795196533203125e+02 3.494227905273437500e+02
7.666032409667968750e+01 4.067984008789062500e+02 4.936927795410156250e+01 1.191430969238281250e+02 1.254105148315429688e+02 4.084505371093750000e+03 1.294038696289062500e+02 1.265191879272460938e+02 1.672826538085937500e+03 3.952961425781250000e+02 2.470779724121093750e+02 3.030262451171875000e+02 3.756033630371093750e+02 9.784306335449218750e+01 2.222492523193359375e+02 3.523224487304687500e+02
7.467853546142578125e+01 4.113960571289062500e+02 4.716420364379882812e+01 1.163589935302734375e+02 1.263496170043945312e+02 4.092912841796875000e+03 1.290757751464843750e+02 1.244671249389648438e+02 1.679567382812500000e+03 3.933140869140625000e+02 2.445982208251953125e+02 3.064314270019531250e+02 3.735923461914062500e+02 9.824646759033203125e+01 2.162829437255859375e+02 3.534415283203125000e+02
7.347104644775390625e+01 4.203702087402343750e+02 4.561323547363281250e+01 1.166018371582031250e+02 1.308358459472656250e+02 4.151615722656250000e+03 1.286364135742187500e+02 1.277789611816406250e+02 1.715160034179687500e+03 3.903645019531250000e+02 2.458544006347656250e+02 3.162140502929687500e+02 3.730708007812500000e+02 9.737522125244140625e+01 2.055682373046875000e+02 3.524942932128906250e+02
7.185456848144531250e+01 4.232425537109375000e+02 4.542285156250000000e+01 1.170359191894531250e+02 1.342535552978515625e+02 4.193766113281250000e+03 1.261002349853515625e+02 1.291987762451171875e+02 1.740879882812500000e+03 3.861588439941406250e+02 2.445182342529296875e+02 3.240285339355468750e+02 3.694701232910156250e+02 9.662480163574218750e+01 1.990059051513671875e+02 3.507072143554687500e+02
7.078572082519531250e+01 4.277106323242187500e+02 4.650817489624023438e+01 1.203989562988281250e+02 1.355143432617187500e+02 4.236275390625000000e+03 1.230057525634765625e+02 1.286598510742187500e+02 1.762838378906250000e+03 3.849992980957031250e+02 2.437002105712890625e+02 3.309982910156250000e+02 3.675700378417968750e+02 9.732112121582031250e+01 1.970887756347656250e+02 3.514022216796875000e+02
7.319982910156250000e+01 4.334416503906250000e+02 4.917121124267578125e+01 1.254204406738281250e+02 1.356319274902343750e+02 4.303770996093750000e+03 1.229132690429687500e+02 1.303395385742187500e+02 1.792954833984375000e+03 3.840603942871093750e+02 2.460299682617187500e+02 3.392921142578125000e+02 3.718111572265625000e+02 9.822317504882812500e+01 2.017117309570312500e+02 3.570083007812500000e+02
7.709179687500000000e+01 4.512707824707031250e+02 5.427927017211914062e+01 1.343555755615234375e+02 1.387430114746093750e+02 4.407649414062500000e+03 1.290610351562500000e+02 1.359338989257812500e+02 1.834209716796875000e+03 3.884510803222656250e+02 2.557598724365234375e+02 3.452826538085937500e+02 3.908860778808593750e+02 1.001699981689453125e+02 2.128442840576171875e+02 3.666012268066406250e+02
9.314742279052734375e+01 5.293460083007812500e+02 6.910671997070312500e+01 1.730224304199218750e+02 1.451261291503906250e+02 4.754855957031250000e+03 1.502851562500000000e+02 1.628888702392578125e+02 1.959316406250000000e+03 4.106874694824218750e+02 3.050137329101562500e+02 3.634788818359375000e+02 4.263049621582031250e+02 1.116582641601562500e+02 2.311625671386718750e+02 4.146602478027343750e+02
9.985858154296875000e+01 5.400004882812500000e+02 7.216794586181640625e+01 1.725423431396484375e+02 1.461771392822265625e+02 4.790181640625000000e+03 1.550987701416015625e+02 1.657725372314453125e+02 1.972593994140625000e+03 4.088752441406250000e+02 3.057987670898437500e+02 3.653394775390625000e+02 4.359341125488281250e+02 1.117652740478515625e+02 2.352224273681640625e+02 4.220516967773437500e+02
1.042287063598632812e+02 5.401080322265625000e+02 7.254331970214843750e+01 1.680705871582031250e+02 1.458775939941406250e+02 4.769711425781250000e+03 1.572311859130859375e+02 1.651415405273437500e+02 1.964466796875000000e+03 4.090937805175781250e+02 3.036782226562500000e+02 3.636290283203125000e+02 4.447224121093750000e+02 1.095623245239257812e+02 2.343145141601562500e+02 4.208338317871093750e+02
1.026003341674804688e+02 5.419938964843750000e+02 7.377262115478515625e+01 1.643583679199218750e+02 1.466346740722656250e+02 4.746344726562500000e+03 1.573402862548828125e+02 1.644312438964843750e+02 1.955824340820312500e+03 4.075888977050781250e+02 3.026066284179687500e+02 3.599810791015625000e+02 4.514442443847656250e+02 1.116787872314453125e+02 2.347259216308593750e+02 4.159542236328125000e+02
1.042020111083984375e+02 5.418652954101562500e+02 7.693469238281250000e+01 1.622141265869140625e+02 1.467633666992187500e+02 4.734280273437500000e+03 1.574336395263671875e+02 1.646790161132812500e+02 1.953270263671875000e+03 4.025111694335937500e+02 3.002269897460937500e+02 3.597876586914062500e+02 4.586521301269531250e+02 1.179672927856445312e+02 2.415494995117187500e+02 4.097062072753906250e+02
1.070193099975585938e+02 5.481772460937500000e+02 8.001279449462890625e+01 1.635412292480468750e+02 1.473611297607421875e+02 4.742666503906250000e+03 1.576578063964843750e+02 1.678996734619140625e+02 1.958251708984375000e+03 3.919605712890625000e+02 3.021617126464843750e+02 3.614751586914062500e+02 4.611358337402343750e+02 1.249824447631835938e+02 2.527271423339843750e+02 4.081914062500000000e+02
1.081497497558593750e+02 5.493925170898437500e+02 8.114282989501953125e+01 1.638276519775390625e+02 1.490451660156250000e+02 4.735257324218750000e+03 1.601229400634765625e+02 1.658498535156250000e+02 1.954533447265625000e+03 3.842362976074218750e+02 3.057417297363281250e+02 3.603170166015625000e+02 4.633456420898437500e+02 1.288383026123046875e+02 2.659081115722656250e+02 4.088244934082031250e+02
1.105870971679687500e+02 5.539594726562500000e+02 8.187873840332031250e+01 1.668445129394531250e+02 1.511675872802734375e+02 4.753840332031250000e+03 1.631556396484375000e+02 1.648113098144531250e+02 1.961024414062500000e+03 3.882405090332031250e+02 3.107120361328125000e+02 3.622646484375000000e+02 4.664882812500000000e+02 1.345273742675781250e+02 2.766219177246093750e+02 4.136347351074218750e+02
1.133949356079101562e+02 5.590712890625000000e+02 8.139421844482421875e+01 1.729095764160156250e+02 1.520751800537109375e+02 4.761469726562500000e+03 1.662631072998046875e+02 1.625314483642578125e+02 1.961740966796875000e+03 3.912639465332031250e+02 3.181164855957031250e+02 3.619395141601562500e+02 4.699144897460937500e+02 1.384751281738281250e+02 2.849953308105468750e+02 4.214385070800781250e+02
1.142067718505859375e+02 5.598142700195312500e+02 8.024741363525390625e+01 1.760412902832031250e+02 1.522817077636718750e+02 4.743598144531250000e+03 1.673456420898437500e+02 1.598068847656250000e+02 1.951279296875000000e+03 3.910967102050781250e+02 3.206884155273437500e+02 3.582428283691406250e+02 4.693508911132812500e+02 1.380444030761718750e+02 2.849899902343750000e+02 4.274402160644531250e+02
1.167759704589843750e+02 5.597048339843750000e+02 8.051942443847656250e+01 1.773882904052734375e+02 1.540209350585937500e+02 4.735392578125000000e+03 1.690419769287109375e+02 1.594347229003906250e+02 1.948565673828125000e+03 3.864966430664062500e+02 3.221839599609375000e+02 3.567518310546875000e+02 4.682252807617187500e+02 1.419119415283203125e+02 2.870876159667968750e+02 4.283476257324218750e+02
1.183160629272460938e+02 5.647078857421875000e+02 8.054543304443359375e+01 1.806629791259765625e+02 1.610264587402343750e+02 4.760248535156250000e+03 1.717219696044921875e+02 1.569798583984375000e+02 1.960890869140625000e+03 3.897976684570312500e+02 3.276506652832031250e+02 3.572073974609375000e+02 4.694234924316406250e+02 1.467119750976562500e+02 2.828702087402343750e+02 4.341786499023437500e+02
1.162677230834960938e+02 5.660970458984375000e+02 7.827244567871093750e+01 1.811476135253906250e+02 1.652708740234375000e+02 4.747339843750000000e+03 1.707899169921875000e+02 1.519498596191406250e+02 1.957075317382812500e+03 3.919404296875000000e+02 3.246777648925781250e+02 3.555761108398437500e+02 4.629345397949218750e+02 1.454922332763671875e+02 2.820998535156250000e+02 4.374869689941406250e+02
1.114468231201171875e+02 5.579730834960937500e+02 7.358268737792968750e+01 1.822229309082031250e+02 1.661426391601562500e+02 4.680688964843750000e+03 1.673988037109375000e+02 1.497126464843750000e+02 1.926701293945312500e+03 3.912167053222656250e+02 3.195655517578125000e+02 3.464395141601562500e+02 4.522827758789062500e+02 1.441999206542968750e+02 2.806967773437500000e+02 4.337641296386718750e+02
1.053382568359375000e+02 5.486000976562500000e+02 6.938751983642578125e+01 1.819630889892578125e+02 1.652862091064453125e+02 4.603959960937500000e+03 1.647725677490234375e+02 1.452422485351562500e+02 1.889571655273437500e+03 3.902072753906250000e+02 3.147672729492187500e+02 3.365751647949218750e+02 4.436666870117187500e+02 1.443025360107421875e+02 2.743916931152343750e+02 4.310638427734375000e+02
1.005196533203125000e+02 5.535123291015625000e+02 6.964896392822265625e+01 1.877897949218750000e+02 1.706665039062500000e+02 4.636166992187500000e+03 1.634885559082031250e+02 1.462481079101562500e+02 1.905713867187500000e+03 3.948373413085937500e+02 3.153063964843750000e+02 3.411643371582031250e+02 4.399272155761718750e+02 1.426701965332031250e+02 2.727306213378906250e+02 4.325162048339843750e+02
1.009211120605468750e+02 5.574113159179687500e+02 7.116659545898437500e+01 1.900156250000000000e+02 1.782136230468750000e+02 4.711507324218750000e+03 1.630783996582031250e+02 1.476335296630859375e+02 1.943032104492187500e+03 4.098704833984375000e+02 3.202736816406250000e+02 3.517595520019531250e+02 4.365266113281250000e+02 1.393055725097656250e+02 2.719723510742187500e+02 4.371910095214843750e+02
9.914965057373046875e+01 5.665682373046875000e+02 7.115079498291015625e+01 1.873886871337890625e+02 1.828480224609375000e+02 4.751271972656250000e+03 1.605111541748046875e+02 1.463026733398437500e+02 1.962399658203125000e+03 4.203171997070312500e+02 3.256333007812500000e+02 3.570201110839843750e+02 4.292147521972656250e+02 1.334055938720703125e+02 2.708455200195312500e+02 4.419190673828125000e+02
1.005753936767578125e+02 5.735542602539062500e+02 7.246843719482421875e+01 1.847999725341796875e+02 1.881363677978515625e+02 4.806739746093750000e+03 1.592968597412109375e+02 1.454816894531250000e+02 1.990329345703125000e+03 4.284064331054687500e+02 3.335097351074218750e+02 3.641310424804687500e+02 4.287640991210937500e+02 1.264501342773437500e+02 2.711878051757812500e+02 4.466560668945312500e+02
1.034122161865234375e+02 5.836134643554687500e+02 7.383489227294921875e+01 1.886682739257812500e+02 1.927329406738281250e+02 4.859846679687500000e+03 1.587440948486328125e+02 1.463397521972656250e+02 2.014824096679687500e+03 4.306196594238281250e+02 3.390610961914062500e+02 3.690133666992187500e+02 4.311609497070312500e+02 1.217196807861328125e+02 2.698252563476562500e+02 4.528486328125000000e+02
1.068872680664062500e+02 5.891708374023437500e+02 7.577715301513671875e+01 1.895458526611328125e+02 1.971409759521484375e+02 4.906351074218750000e+03 1.608949432373046875e+02 1.482783203125000000e+02 2.035469726562500000e+03 4.311779785156250000e+02 3.413748474121093750e+02 3.722925720214843750e+02 4.378542785644531250e+02 1.197191390991210938e+02 2.655903320312500000e+02 4.610499572753906250e+02
1.077470321655273438e+02 5.882469482421875000e+02 7.584988403320312500e+01 1.882182159423828125e+02 1.997775115966796875e+02 4.919333007812500000e+03 1.663561706542968750e+02 1.474293518066406250e+02 2.045323120117187500e+03 4.321795349121093750e+02 3.379979248046875000e+02 3.756337890625000000e+02 4.451986083984375000e+02 1.211241378784179688e+02 2.596746215820312500e+02 4.580934753417968750e+02
1.115700988769531250e+02 5.749915161132812500e+02 7.445495605468750000e+01 1.856512451171875000e+02 2.004552459716796875e+02 4.874874023437500000e+03 1.659450531005859375e+02 1.455331726074218750e+02 2.027879516601562500e+03 4.250901794433593750e+02 3.306451416015625000e+02 3.713002319335937500e+02 4.474041442871093750e+02 1.211810607910156250e+02 2.512449951171875000e+02 4.512733764648437500e+02
1.120497741699218750e+02 5.665494384765625000e+02 7.169741058349609375e+01 1.831485900878906250e+02 1.998498229980468750e+02 4.827565429687500000e+03 1.636864471435546875e+02 1.425863037109375000e+02 2.005163208007812500e+03 4.237278747558593750e+02 3.238873596191406250e+02 3.661885986328125000e+02 4.479208984375000000e+02 1.181504821777343750e+02 2.433422851562500000e+02 4.518220520019531250e+02
1.140996398925781250e+02 5.512939453125000000e+02 6.904947662353515625e+01 1.794778137207031250e+02 1.968457946777343750e+02 4.748873535156250000e+03 1.616122131347656250e+02 1.402073974609375000e+02 1.967265380859375000e+03 4.141374511718750000e+02 3.169263305664062500e+02 3.585424804687500000e+02 4.453152465820312500e+02 1.185303878784179688e+02 2.356778869628906250e+02 4.469101867675781250e+02
1.173675308227539062e+02 5.411288452148437500e+02 6.816748809814453125e+01 1.760166168212890625e+02 1.961684875488281250e+02 4.698497070312500000e+03 1.609069061279296875e+02 1.389226837158203125e+02 1.939398193359375000e+03 4.093892517089843750e+02 3.148389892578125000e+02 3.507356872558593750e+02 4.428157348632812500e+02 1.201603164672851562e+02 2.275425262451171875e+02 4.464389648437500000e+02
