1.090111160278320312e+02 4.679092407226562500e+02 7.017108154296875000e+01 1.026421661376953125e+02 1.412601318359375000e+02 3.654060302734375000e+03 1.616282348632812500e+02 1.708115234375000000e+02 1.624385620117187500e+03 3.392250976562500000e+02 2.691959838867187500e+02 3.712714843750000000e+02 4.935933837890625000e+02 1.207368469238281250e+02 2.592901306152343750e+02 3.428292846679687500e+02
1.002833862304687500e+02 4.787817993164062500e+02 6.847476959228515625e+01 1.042525024414062500e+02 1.433243408203125000e+02 3.757140869140625000e+03 1.616185302734375000e+02 1.695224456787109375e+02 1.596640258789062500e+03 3.260694885253906250e+02 2.858315734863281250e+02 3.745840454101562500e+02 4.918668823242187500e+02 1.093508758544921875e+02 2.657048645019531250e+02 3.574388122558593750e+02
9.206182861328125000e+01 4.885496826171875000e+02 6.371652984619140625e+01 1.062444458007812500e+02 1.449775695800781250e+02 3.727642578125000000e+03 1.647897796630859375e+02 1.709666137695312500e+02 1.666188598632812500e+03 3.259074096679687500e+02 2.854407958984375000e+02 3.744822082519531250e+02 4.747226562500000000e+02 9.930805206298828125e+01 2.612103271484375000e+02 3.605403442382812500e+02
1.096553497314453125e+02 4.989726867675781250e+02 5.760563659667968750e+01 1.049574737548828125e+02 1.462861328125000000e+02 3.460170410156250000e+03 1.600904846191406250e+02 1.630068054199218750e+02 1.632327392578125000e+03 3.303626708984375000e+02 2.762660522460937500e+02 3.726983032226562500e+02 5.176170043945312500e+02 1.196976852416992188e+02 2.594268798828125000e+02 3.490201416015625000e+02
1.034406356811523438e+02 5.225261840820312500e+02 5.832052993774414062e+01 1.055032043457031250e+02 1.474435729980468750e+02 3.641723632812500000e+03 1.623572998046875000e+02 1.657687530517578125e+02 1.577177246093750000e+03 3.638243408203125000e+02 3.019376220703125000e+02 3.745500793457031250e+02 4.925641784667968750e+02 1.206751708984375000e+02 2.620800170898437500e+02 3.507308044433593750e+02
8.908590698242187500e+01 5.153610839843750000e+02 5.620809173583984375e+01 1.083528137207031250e+02 1.478280029296875000e+02 3.495222900390625000e+03 1.556974792480468750e+02 1.755488891601562500e+02 1.562844482421875000e+03 3.689299011230468750e+02 3.096969604492187500e+02 3.727026977539062500e+02 4.913289794921875000e+02 1.194105834960937500e+02 2.542910919189453125e+02 3.635084533691406250e+02
8.380254364013671875e+01 5.450494384765625000e+02 5.337951660156250000e+01 1.065316467285156250e+02 1.481384887695312500e+02 3.475650634765625000e+03 1.769790649414062500e+02 1.756268157958984375e+02 1.530562133789062500e+03 3.898336791992187500e+02 3.281032409667968750e+02 3.729237060546875000e+02 5.202755737304687500e+02 1.178140945434570312e+02 2.572104492187500000e+02 3.594947814941406250e+02
8.634101104736328125e+01 5.443486328125000000e+02 5.668921279907226562e+01 1.098156585693359375e+02 1.488876953125000000e+02 3.426944580078125000e+03 1.656141815185546875e+02 1.782756958007812500e+02 1.526557006835937500e+03 3.762617797851562500e+02 3.416964721679687500e+02 3.737741088867187500e+02 5.473716430664062500e+02 1.162509841918945312e+02 2.389037475585937500e+02 3.518648071289062500e+02
8.062649536132812500e+01 5.284328613281250000e+02 5.154071044921875000e+01 1.038399658203125000e+02 1.490692596435546875e+02 3.322311767578125000e+03 1.705958709716796875e+02 1.629665527343750000e+02 1.502237426757812500e+03 3.564267272949218750e+02 3.323214416503906250e+02 3.669956054687500000e+02 5.315754394531250000e+02 1.137331466674804688e+02 2.368557281494140625e+02 3.496860961914062500e+02
8.836236572265625000e+01 5.099158325195312500e+02 4.909274673461914062e+01 1.029002685546875000e+02 1.476389770507812500e+02 3.319570312500000000e+03 1.600554504394531250e+02 1.697679748535156250e+02 1.454335693359375000e+03 3.398170776367187500e+02 3.317481994628906250e+02 3.681859741210937500e+02 4.975348205566406250e+02 1.107941894531250000e+02 2.292124786376953125e+02 3.357317199707031250e+02
8.110523986816406250e+01 5.087964477539062500e+02 5.151493072509765625e+01 9.710534667968750000e+01 1.469383392333984375e+02 3.322624023437500000e+03 1.528367309570312500e+02 1.637906646728515625e+02 1.397710083007812500e+03 3.431882934570312500e+02 3.252955932617187500e+02 3.629729614257812500e+02 5.084761657714843750e+02 1.040202941894531250e+02 2.282605285644531250e+02 3.386532897949218750e+02
7.257766723632812500e+01 4.907086486816406250e+02 4.411300277709960938e+01 9.067193603515625000e+01 1.448514709472656250e+02 3.139526367187500000e+03 1.460222015380859375e+02 1.536535949707031250e+02 1.344567993164062500e+03 3.482990417480468750e+02 3.217821960449218750e+02 3.498989868164062500e+02 4.840022277832031250e+02 1.067338180541992188e+02 2.131549377441406250e+02 3.308504333496093750e+02
7.086152648925781250e+01 4.664555969238281250e+02 3.935433959960937500e+01 8.195866394042968750e+01 1.436871948242187500e+02 3.034451171875000000e+03 1.365063018798828125e+02 1.440139160156250000e+02 1.321024780273437500e+03 3.387512512207031250e+02 3.038135070800781250e+02 3.402941589355468750e+02 4.606782531738281250e+02 1.057176361083984375e+02 2.287113342285156250e+02 3.441312255859375000e+02
8.616985321044921875e+01 4.458108825683593750e+02 3.961271667480468750e+01 7.461683654785156250e+01 1.377830505371093750e+02 3.050217285156250000e+03 1.308833312988281250e+02 1.412268676757812500e+02 1.252884277343750000e+03 3.112834167480468750e+02 2.820684204101562500e+02 3.309082946777343750e+02 4.514859313964843750e+02 1.052521209716796875e+02 2.066764221191406250e+02 3.398865051269531250e+02
7.433868408203125000e+01 4.128388671875000000e+02 3.503480911254882812e+01 6.810775756835937500e+01 1.335750579833984375e+02 2.946581787109375000e+03 1.298130187988281250e+02 1.311859436035156250e+02 1.203336181640625000e+03 3.162781372070312500e+02 2.560583496093750000e+02 3.145869750976562500e+02 4.273681030273437500e+02 9.959593200683593750e+01 2.031299743652343750e+02 3.335065307617187500e+02
6.732115173339843750e+01 3.926304016113281250e+02 2.737109375000000000e+01 6.243710327148437500e+01 1.223298797607421875e+02 2.876170898437500000e+03 1.222018280029296875e+02 1.178503112792968750e+02 1.126944824218750000e+03 3.188613281250000000e+02 2.368328552246093750e+02 2.946814880371093750e+02 4.086351623535156250e+02 9.573027038574218750e+01 1.947974243164062500e+02 3.201448974609375000e+02
7.363809204101562500e+01 3.920911865234375000e+02 2.925867843627929688e+01 6.399626159667968750e+01 1.214977874755859375e+02 2.911321533203125000e+03 1.258470993041992188e+02 1.292489929199218750e+02 1.178218383789062500e+03 3.297011413574218750e+02 2.372439422607421875e+02 3.013313903808593750e+02 4.007731018066406250e+02 9.954496002197265625e+01 1.865710449218750000e+02 3.262760314941406250e+02
6.678045654296875000e+01 3.876803894042968750e+02 3.159314727783203125e+01 6.422590637207031250e+01 1.135910034179687500e+02 2.932328613281250000e+03 1.247905120849609375e+02 1.223203277587890625e+02 1.202149047851562500e+03 3.333558654785156250e+02 2.265926513671875000e+02 2.957963256835937500e+02 3.856021728515625000e+02 9.679108428955078125e+01 1.858879547119140625e+02 3.438215637207031250e+02
6.682682800292968750e+01 3.935069580078125000e+02 3.533404159545898438e+01 6.842567443847656250e+01 1.141180572509765625e+02 3.014028320312500000e+03 1.226805953979492188e+02 1.279043197631835938e+02 1.194422851562500000e+03 3.266070556640625000e+02 2.381581420898437500e+02 2.941813354492187500e+02 4.174942016601562500e+02 1.086155395507812500e+02 2.053687133789062500e+02 3.697301635742187500e+02
6.869476318359375000e+01 3.934965515136718750e+02 3.567946624755859375e+01 8.571952819824218750e+01 1.139171829223632812e+02 3.197648437500000000e+03 1.233905487060546875e+02 1.394834289550781250e+02 1.258262573242187500e+03 3.492333068847656250e+02 2.644586181640625000e+02 2.964779052734375000e+02 4.291921997070312500e+02 1.144873428344726562e+02 2.130672149658203125e+02 3.813944091796875000e+02
9.158422088623046875e+01 3.992363891601562500e+02 3.685837173461914062e+01 9.794331359863281250e+01 1.090973968505859375e+02 3.445786376953125000e+03 1.323539733886718750e+02 1.358289642333984375e+02 1.219416503906250000e+03 3.373689880371093750e+02 2.587459411621093750e+02 2.899753417968750000e+02 4.301574096679687500e+02 1.138145446777343750e+02 2.041414947509765625e+02 3.868816528320312500e+02
9.246009826660156250e+01 4.326821899414062500e+02 4.951563262939453125e+01 1.240058593750000000e+02 1.072956466674804688e+02 3.642655761718750000e+03 1.372081604003906250e+02 1.441700744628906250e+02 1.419436523437500000e+03 3.157956542968750000e+02 2.796710815429687500e+02 2.933194580078125000e+02 4.241713867187500000e+02 1.090212860107421875e+02 1.990299682617187500e+02 3.788881530761718750e+02
1.164355239868164062e+02 5.286767578125000000e+02 8.223994445800781250e+01 1.948410644531250000e+02 1.212643814086914062e+02 4.120061523437500000e+03 1.681091308593750000e+02 1.775015716552734375e+02 1.524614501953125000e+03 3.693346557617187500e+02 3.444039306640625000e+02 3.223744201660156250e+02 5.229369506835937500e+02 1.241784667968750000e+02 2.391353912353515625e+02 4.222353515625000000e+02
1.205078048706054688e+02 5.325174560546875000e+02 8.876456451416015625e+01 2.008871765136718750e+02 1.368253173828125000e+02 4.066319091796875000e+03 1.687629089355468750e+02 1.806775970458984375e+02 1.579126708984375000e+03 3.913653259277343750e+02 3.511322326660156250e+02 3.437317504882812500e+02 5.950871582031250000e+02 1.240703201293945312e+02 2.472785339355468750e+02 4.350714721679687500e+02
1.001550750732421875e+02 4.795364990234375000e+02 6.720053100585937500e+01 1.611329956054687500e+02 1.174041213989257812e+02 3.850405029296875000e+03 1.492287597656250000e+02 1.598740081787109375e+02 1.422444091796875000e+03 3.795807495117187500e+02 3.045214538574218750e+02 2.997921142578125000e+02 5.222129516601562500e+02 1.130450515747070312e+02 2.265705566406250000e+02 3.914538879394531250e+02
8.959352111816406250e+01 4.385324096679687500e+02 5.637365341186523438e+01 1.387716369628906250e+02 1.115063323974609375e+02 3.694629638671875000e+03 1.433468627929687500e+02 1.428425903320312500e+02 1.306579589843750000e+03 3.663771972656250000e+02 2.758349609375000000e+02 2.917160949707031250e+02 4.967229919433593750e+02 1.050319519042968750e+02 2.141509552001953125e+02 3.632682189941406250e+02
7.649987792968750000e+01 4.155438232421875000e+02 4.725707626342773438e+01 1.203709716796875000e+02 1.096991958618164062e+02 3.417481445312500000e+03 1.366183471679687500e+02 1.311345367431640625e+02 1.236401855468750000e+03 3.303464355468750000e+02 2.499438781738281250e+02 2.784432678222656250e+02 4.671041259765625000e+02 9.731747436523437500e+01 1.998211669921875000e+02 3.458955078125000000e+02
7.243916320800781250e+01 4.187197265625000000e+02 4.046073150634765625e+01 1.110244140625000000e+02 1.136047592163085938e+02 3.235046630859375000e+03 1.289221191406250000e+02 1.219651184082031250e+02 1.193731933593750000e+03 3.429948425292968750e+02 2.498698577880859375e+02 2.918336791992187500e+02 4.592931213378906250e+02 9.221649932861328125e+01 1.984708557128906250e+02 3.460684814453125000e+02
6.441892242431640625e+01 4.133460083007812500e+02 3.922332000732421875e+01 9.945927429199218750e+01 1.144877929687500000e+02 3.264976562500000000e+03 1.240473709106445312e+02 1.220591888427734375e+02 1.207247802734375000e+03 3.593113403320312500e+02 2.360331573486328125e+02 2.998505859375000000e+02 4.554616394042968750e+02 9.353347015380859375e+01 1.885300140380859375e+02 3.467818603515625000e+02
6.398464965820312500e+01 3.997915649414062500e+02 3.138169860839843750e+01 8.356350708007812500e+01 1.141675109863281250e+02 3.157223876953125000e+03 1.228646545410156250e+02 1.144742507934570312e+02 1.192988647460937500e+03 3.278524780273437500e+02 2.220058746337890625e+02 2.889282836914062500e+02 4.410945129394531250e+02 9.331702423095703125e+01 1.705583953857421875e+02 3.395796203613281250e+02
5.965052795410156250e+01 4.078397216796875000e+02 2.951368713378906250e+01 8.336700439453125000e+01 1.204501876831054688e+02 3.046625976562500000e+03 1.194466705322265625e+02 1.263961410522460938e+02 1.185598999023437500e+03 3.165579223632812500e+02 2.209294586181640625e+02 2.998674926757812500e+02 4.434445190429687500e+02 8.802792358398437500e+01 1.552997131347656250e+02 3.296064758300781250e+02
5.755561065673828125e+01 3.895989074707031250e+02 3.247319793701171875e+01 7.983517456054687500e+01 1.229524154663085938e+02 2.901065917968750000e+03 1.136547546386718750e+02 1.218952026367187500e+02 1.116597167968750000e+03 3.037861938476562500e+02 2.131221923828125000e+02 3.010986633300781250e+02 4.577129516601562500e+02 8.811692810058593750e+01 1.625298461914062500e+02 3.234371643066406250e+02
5.644004058837890625e+01 3.833487548828125000e+02 3.425748825073242188e+01 8.706968688964843750e+01 1.171608963012695312e+02 2.955519287109375000e+03 1.107511367797851562e+02 1.148513336181640625e+02 1.133570068359375000e+03 3.136632690429687500e+02 2.101202697753906250e+02 3.042170104980468750e+02 4.718920898437500000e+02 9.021328735351562500e+01 1.703245086669921875e+02 3.227565307617187500e+02
6.917153930664062500e+01 3.755594787597656250e+02 3.687612533569335938e+01 8.462318420410156250e+01 1.074223022460937500e+02 2.900888183593750000e+03 1.141678848266601562e+02 1.128756027221679688e+02 1.091646484375000000e+03 2.943263244628906250e+02 2.057111663818359375e+02 3.068074951171875000e+02 4.735161132812500000e+02 8.789559936523437500e+01 1.828997192382812500e+02 3.285873107910156250e+02
6.701866149902343750e+01 3.997911987304687500e+02 4.485744476318359375e+01 8.618135070800781250e+01 1.111328735351562500e+02 3.131144042968750000e+03 1.272675247192382812e+02 1.180976181030273438e+02 1.255860229492187500e+03 2.847175903320312500e+02 2.154460601806640625e+02 2.994856567382812500e+02 4.814627990722656250e+02 8.632403564453125000e+01 2.003706970214843750e+02 3.242162780761718750e+02
7.215209960937500000e+01 4.065903930664062500e+02 4.361483001708984375e+01 8.225508117675781250e+01 1.121872863769531250e+02 3.229754882812500000e+03 1.315699920654296875e+02 1.187999801635742188e+02 1.196497558593750000e+03 2.818180541992187500e+02 2.129199218750000000e+02 3.091331787109375000e+02 4.727993774414062500e+02 8.332360839843750000e+01 2.063870849609375000e+02 3.427570190429687500e+02
8.674903106689453125e+01 4.059417114257812500e+02 4.582735443115234375e+01 7.824073791503906250e+01 1.113379058837890625e+02 3.544155273437500000e+03 1.307750549316406250e+02 1.197854156494140625e+02 1.216866210937500000e+03 2.999039306640625000e+02 2.074794616699218750e+02 3.059270629882812500e+02 4.790052185058593750e+02 8.413682556152343750e+01 2.034617309570312500e+02 3.468908081054687500e+02
8.664191436767578125e+01 3.988899536132812500e+02 4.246620178222656250e+01 7.373263549804687500e+01 1.102499008178710938e+02 3.328956542968750000e+03 1.265835494995117188e+02 1.173781661987304688e+02 1.284284301757812500e+03 3.228600463867187500e+02 2.099524841308593750e+02 3.017770080566406250e+02 5.016952819824218750e+02 8.317288970947265625e+01 1.926528320312500000e+02 3.370554504394531250e+02
7.416945648193359375e+01 3.950625915527343750e+02 4.607918548583984375e+01 7.208782958984375000e+01 1.131090621948242188e+02 3.108082031250000000e+03 1.249096755981445312e+02 1.128901367187500000e+02 1.368012573242187500e+03 3.157343444824218750e+02 2.085594024658203125e+02 2.909643554687500000e+02 5.065900878906250000e+02 9.503507232666015625e+01 1.919533996582031250e+02 3.196917724609375000e+02
7.836468505859375000e+01 3.971124877929687500e+02 5.671346282958984375e+01 7.479988098144531250e+01 1.133637084960937500e+02 3.121216552734375000e+03 1.237776412963867188e+02 1.160960769653320312e+02 1.373108764648437500e+03 2.948655395507812500e+02 2.053042144775390625e+02 3.005125122070312500e+02 5.116653442382812500e+02 1.119403533935546875e+02 2.128674926757812500e+02 3.137123413085937500e+02
8.741315460205078125e+01 4.379567871093750000e+02 6.216375732421875000e+01 8.685514831542968750e+01 1.166104202270507812e+02 3.372421875000000000e+03 1.229856338500976562e+02 1.261251907348632812e+02 1.351068603515625000e+03 2.827600097656250000e+02 2.275069885253906250e+02 3.111532287597656250e+02 5.023703002929687500e+02 1.198877563476562500e+02 2.366019744873046875e+02 3.333672790527343750e+02
8.147509765625000000e+01 4.302225341796875000e+02 6.210443115234375000e+01 8.577525329589843750e+01 1.210939941406250000e+02 3.353315185546875000e+03 1.299400634765625000e+02 1.200017547607421875e+02 1.336645019531250000e+03 2.826977539062500000e+02 2.299488067626953125e+02 2.999104309082031250e+02 4.903025817871093750e+02 1.193573303222656250e+02 2.497060852050781250e+02 3.425548095703125000e+02
9.144009399414062500e+01 4.448703613281250000e+02 6.289681625366210938e+01 9.390457153320312500e+01 1.251958312988281250e+02 3.639171142578125000e+03 1.364404296875000000e+02 1.197230148315429688e+02 1.344478271484375000e+03 3.002314758300781250e+02 2.382474517822265625e+02 3.106195068359375000e+02 4.875374755859375000e+02 1.280468292236328125e+02 2.531151275634765625e+02 3.608472900390625000e+02
9.282659149169921875e+01 4.615214843750000000e+02 6.196203613281250000e+01 1.157640075683593750e+02 1.269452438354492188e+02 3.700381591796875000e+03 1.381441650390625000e+02 1.212075500488281250e+02 1.548572753906250000e+03 2.987542724609375000e+02 2.574953918457031250e+02 3.094789428710937500e+02 4.952844238281250000e+02 1.262704925537109375e+02 2.569760742187500000e+02 3.771354675292968750e+02
8.950680541992187500e+01 4.484052124023437500e+02 6.027380371093750000e+01 1.142113494873046875e+02 1.257709960937500000e+02 3.323963378906250000e+03 1.337594604492187500e+02 1.176101379394531250e+02 1.563773193359375000e+03 2.929760131835937500e+02 2.499444732666015625e+02 2.919552612304687500e+02 4.950069580078125000e+02 1.198220367431640625e+02 2.509226989746093750e+02 3.829511108398437500e+02
9.792307281494140625e+01 4.527221374511718750e+02 6.308931732177734375e+01 1.170051116943359375e+02 1.297776184082031250e+02 3.268055175781250000e+03 1.374407958984375000e+02 1.212468109130859375e+02 1.575459228515625000e+03 2.863562622070312500e+02 2.520901794433593750e+02 2.974020080566406250e+02 4.901136169433593750e+02 1.334641113281250000e+02 2.580069274902343750e+02 3.793613281250000000e+02
1.029323806762695312e+02 4.751807250976562500e+02 6.325134658813476562e+01 1.254803771972656250e+02 1.374705200195312500e+02 3.502182373046875000e+03 1.484508972167968750e+02 1.186945495605468750e+02 1.653158203125000000e+03 2.998692626953125000e+02 2.694461669921875000e+02 3.061433105468750000e+02 4.937982177734375000e+02 1.372880096435546875e+02 2.477524719238281250e+02 3.996837768554687500e+02
9.556681823730468750e+01 4.836749877929687500e+02 5.742621231079101562e+01 1.230838623046875000e+02 1.419122924804687500e+02 3.597978515625000000e+03 1.449099578857421875e+02 1.145560760498046875e+02 1.674414184570312500e+03 3.027380981445312500e+02 2.577510986328125000e+02 2.983089599609375000e+02 4.807639160156250000e+02 1.287373199462890625e+02 2.550513000488281250e+02 3.991949768066406250e+02
8.773410034179687500e+01 4.607498168945312500e+02 4.815332794189453125e+01 1.259859085083007812e+02 1.389440460205078125e+02 3.690062011718750000e+03 1.378064270019531250e+02 1.177958908081054688e+02 1.633590942382812500e+03 3.039884643554687500e+02 2.480906524658203125e+02 2.756455383300781250e+02 4.735553283691406250e+02 1.265602798461914062e+02 2.503094329833984375e+02 3.886028442382812500e+02
8.042759704589843750e+01 4.495134582519531250e+02 4.414052200317382812e+01 1.226419677734375000e+02 1.345630340576171875e+02 3.798668701171875000e+03 1.359981689453125000e+02 1.123665390014648438e+02 1.661042724609375000e+03 3.053134155273437500e+02 2.426564178466796875e+02 2.668162231445312500e+02 4.802993469238281250e+02 1.309167327880859375e+02 2.385732421875000000e+02 3.864947509765625000e+02
7.630023956298828125e+01 4.983203125000000000e+02 5.366136169433593750e+01 1.473305664062500000e+02 1.413426971435546875e+02 4.042837646484375000e+03 1.359095306396484375e+02 1.228068313598632812e+02 1.618021362304687500e+03 3.284534301757812500e+02 2.568154602050781250e+02 2.999417724609375000e+02 5.036722106933593750e+02 1.265231475830078125e+02 2.451751708984375000e+02 3.941138916015625000e+02
8.505031585693359375e+01 5.050097351074218750e+02 5.750326919555664062e+01 1.472372741699218750e+02 1.460099182128906250e+02 4.263326660156250000e+03 1.375215759277343750e+02 1.231326217651367188e+02 1.542072509765625000e+03 3.776665039062500000e+02 2.724538574218750000e+02 3.268075866699218750e+02 4.941834411621093750e+02 1.218571853637695312e+02 2.482951660156250000e+02 4.020690002441406250e+02
8.244500732421875000e+01 5.303203125000000000e+02 5.562179946899414062e+01 1.397764587402343750e+02 1.487884368896484375e+02 4.363127441406250000e+03 1.318995971679687500e+02 1.188704528808593750e+02 1.496865844726562500e+03 3.741959228515625000e+02 2.828045043945312500e+02 3.295675659179687500e+02 4.866600341796875000e+02 1.116746978759765625e+02 2.505752716064453125e+02 4.077632141113281250e+02
9.391943359375000000e+01 5.391242065429687500e+02 5.846142196655273438e+01 1.404449157714843750e+02 1.490478820800781250e+02 4.492424804687500000e+03 1.341458587646484375e+02 1.205570678710937500e+02 1.493146972656250000e+03 3.826950073242187500e+02 3.105270385742187500e+02 3.421303100585937500e+02 5.120363769531250000e+02 1.027889251708984375e+02 2.567049560546875000e+02 4.149544372558593750e+02
9.704116821289062500e+01 5.478896484375000000e+02 5.838468170166015625e+01 1.602063598632812500e+02 1.506487274169921875e+02 4.560152832031250000e+03 1.376564941406250000e+02 1.221725997924804688e+02 1.484915283203125000e+03 3.700403442382812500e+02 3.109263000488281250e+02 3.426804809570312500e+02 5.257523193359375000e+02 1.017408828735351562e+02 2.504883422851562500e+02 4.206137390136718750e+02
1.044866638183593750e+02 5.456810302734375000e+02 6.090673065185546875e+01 1.560700988769531250e+02 1.510383605957031250e+02 4.635780761718750000e+03 1.485635375976562500e+02 1.271947250366210938e+02 1.452423583984375000e+03 3.653487548828125000e+02 3.067459106445312500e+02 3.459836120605468750e+02 5.369777832031250000e+02 1.089971160888671875e+02 2.403897705078125000e+02 4.313016357421875000e+02
9.831770324707031250e+01 5.283239135742187500e+02 5.668410491943359375e+01 1.508363647460937500e+02 1.517228851318359375e+02 4.578050781250000000e+03 1.652325592041015625e+02 1.210927047729492188e+02 1.368344482421875000e+03 3.784212646484375000e+02 2.907360229492187500e+02 3.504875793457031250e+02 5.116383056640625000e+02 1.171341857910156250e+02 2.289756469726562500e+02 4.067996215820312500e+02
1.090452270507812500e+02 4.807465820312500000e+02 5.245288085937500000e+01 1.397389526367187500e+02 1.509752502441406250e+02 4.578985839843750000e+03 1.522544250488281250e+02 1.163254089355468750e+02 1.300646484375000000e+03 3.464483337402343750e+02 2.687529907226562500e+02 3.086329956054687500e+02 5.327921142578125000e+02 1.117412567138671875e+02 2.118560791015625000e+02 3.896247558593750000e+02
1.017231750488281250e+02 4.892485656738281250e+02 4.825823211669921875e+01 1.369556274414062500e+02 1.499864196777343750e+02 4.605009765625000000e+03 1.456842956542968750e+02 1.135335845947265625e+02 1.403830566406250000e+03 3.512975769042968750e+02 2.635794067382812500e+02 3.125418701171875000e+02 5.493126220703125000e+02 1.046789016723632812e+02 2.086613311767578125e+02 4.119564514160156250e+02
1.091461791992187500e+02 4.594275207519531250e+02 4.660713577270507812e+01 1.302825622558593750e+02 1.482320861816406250e+02 4.509861328125000000e+03 1.436927185058593750e+02 1.131584167480468750e+02 1.316488281250000000e+03 3.210063171386718750e+02 2.582932739257812500e+02 2.973710327148437500e+02 5.390053100585937500e+02 1.166353988647460938e+02 1.952753295898437500e+02 3.989878845214843750e+02
