1.140112228393554688e+02 4.720875854492187500e+02 6.175842666625976562e+01 1.307143249511718750e+02 1.010604934692382812e+02 3.561168701171875000e+03 1.572432098388671875e+02 1.637466583251953125e+02 1.603640380859375000e+03 3.450493469238281250e+02 2.800137329101562500e+02 3.084572753906250000e+02 4.885956420898437500e+02 1.133055496215820312e+02 2.602523803710937500e+02 3.475058593750000000e+02
9.703298950195312500e+01 4.764205627441406250e+02 5.876296997070312500e+01 1.294419250488281250e+02 1.015287780761718750e+02 3.596867675781250000e+03 1.564412841796875000e+02 1.598544006347656250e+02 1.547247070312500000e+03 3.361332092285156250e+02 2.861516723632812500e+02 3.094187316894531250e+02 4.839910278320312500e+02 1.070185470581054688e+02 2.647763977050781250e+02 3.546203308105468750e+02
8.727760314941406250e+01 4.766582946777343750e+02 5.290917205810546875e+01 1.281146240234375000e+02 1.019256591796875000e+02 3.485085937500000000e+03 1.579139862060546875e+02 1.590225524902343750e+02 1.628111816406250000e+03 3.348747253417968750e+02 2.807477111816406250e+02 3.080300292968750000e+02 4.573034057617187500e+02 1.032822265625000000e+02 2.571484985351562500e+02 3.505252685546875000e+02
1.063576126098632812e+02 4.763060302734375000e+02 4.494637680053710938e+01 1.257042617797851562e+02 1.023222961425781250e+02 3.397945800781250000e+03 1.531772766113281250e+02 1.512232971191406250e+02 1.593037231445312500e+03 3.365882263183593750e+02 2.737657470703125000e+02 3.068663940429687500e+02 4.797992248535156250e+02 1.162079086303710938e+02 2.504608917236328125e+02 3.408698425292968750e+02
9.511726379394531250e+01 4.865482788085937500e+02 4.450192260742187500e+01 1.238753204345703125e+02 1.027579193115234375e+02 3.487924072265625000e+03 1.537814636230468750e+02 1.521609039306640625e+02 1.524023681640625000e+03 3.610144348144531250e+02 2.859349060058593750e+02 3.080480041503906250e+02 4.541268615722656250e+02 1.143462142944335938e+02 2.480642547607421875e+02 3.407722778320312500e+02
8.494781494140625000e+01 4.764356079101562500e+02 4.075892639160156250e+01 1.242583160400390625e+02 1.025660400390625000e+02 3.442077880859375000e+03 1.503319244384765625e+02 1.598627624511718750e+02 1.491654907226562500e+03 3.546139526367187500e+02 2.864416503906250000e+02 3.059573974609375000e+02 4.455222473144531250e+02 1.105040740966796875e+02 2.304363098144531250e+02 3.472131652832031250e+02
8.237562561035156250e+01 4.996425170898437500e+02 3.780472564697265625e+01 1.243433303833007812e+02 1.029683532714843750e+02 3.453434570312500000e+03 1.704736938476562500e+02 1.582246398925781250e+02 1.451733154296875000e+03 3.738538818359375000e+02 2.973404846191406250e+02 3.066190490722656250e+02 4.602537841796875000e+02 1.092050476074218750e+02 2.337610473632812500e+02 3.442353515625000000e+02
8.449620056152343750e+01 4.969615173339843750e+02 4.270332336425781250e+01 1.268749237060546875e+02 1.040433502197265625e+02 3.450505615234375000e+03 1.580871276855468750e+02 1.598583374023437500e+02 1.441592651367187500e+03 3.571603393554687500e+02 3.087450866699218750e+02 3.074873046875000000e+02 4.758436279296875000e+02 1.087732391357421875e+02 2.130681610107421875e+02 3.418549804687500000e+02
8.286434936523437500e+01 4.850111999511718750e+02 3.817351150512695312e+01 1.260443420410156250e+02 1.035835266113281250e+02 3.471048095703125000e+03 1.593184661865234375e+02 1.506799011230468750e+02 1.419786499023437500e+03 3.449773864746093750e+02 2.988269042968750000e+02 3.041159057617187500e+02 4.659136657714843750e+02 1.082975921630859375e+02 2.110312805175781250e+02 3.432641906738281250e+02
8.716911315917968750e+01 4.789022216796875000e+02 3.718093490600585938e+01 1.276533660888671875e+02 1.039669647216796875e+02 3.497194335937500000e+03 1.540061645507812500e+02 1.565013122558593750e+02 1.381376953125000000e+03 3.406352233886718750e+02 3.002308044433593750e+02 3.074956970214843750e+02 4.388908386230468750e+02 1.080338897705078125e+02 2.078746948242187500e+02 3.401530456542968750e+02
8.413186645507812500e+01 4.850299682617187500e+02 4.181155395507812500e+01 1.275851593017578125e+02 1.045537185668945312e+02 3.540244873046875000e+03 1.524305725097656250e+02 1.547432098388671875e+02 1.355291381835937500e+03 3.472781372070312500e+02 2.995964965820312500e+02 3.075787353515625000e+02 4.569404907226562500e+02 1.061096954345703125e+02 2.126178588867187500e+02 3.446968688964843750e+02
8.168942260742187500e+01 4.842954711914062500e+02 3.751068115234375000e+01 1.275331115722656250e+02 1.044985809326171875e+02 3.420194580078125000e+03 1.519728698730468750e+02 1.516533813476562500e+02 1.335617187500000000e+03 3.559328613281250000e+02 3.049099426269531250e+02 3.065236206054687500e+02 4.492038574218750000e+02 1.092491683959960938e+02 2.027899017333984375e+02 3.444128417968750000e+02
8.368269348144531250e+01 4.853411560058593750e+02 3.793981933593750000e+01 1.272834320068359375e+02 1.050021209716796875e+02 3.482116943359375000e+03 1.501389617919921875e+02 1.513888397216796875e+02 1.353020874023437500e+03 3.581747436523437500e+02 3.037625427246093750e+02 3.067935180664062500e+02 4.400287475585937500e+02 1.113159942626953125e+02 2.290495910644531250e+02 3.609155883789062500e+02
1.022016296386718750e+02 4.924996337890625000e+02 4.515329742431640625e+01 1.283722229003906250e+02 1.047943572998046875e+02 3.419522216796875000e+03 1.508938598632812500e+02 1.588984222412109375e+02 1.336639892578125000e+03 3.436465148925781250e+02 3.036732788085937500e+02 3.071193542480468750e+02 4.472905883789062500e+02 1.150111541748046875e+02 2.120956420898437500e+02 3.663734130859375000e+02
9.094203186035156250e+01 4.847142944335937500e+02 4.692799377441406250e+01 1.302306518554687500e+02 1.050256576538085938e+02 3.428581054687500000e+03 1.561151275634765625e+02 1.579565582275390625e+02 1.342149780273437500e+03 3.680104370117187500e+02 3.008318481445312500e+02 3.044592285156250000e+02 4.404744262695312500e+02 1.137080993652343750e+02 2.179674987792968750e+02 3.728747253417968750e+02
8.794708251953125000e+01 4.884012451171875000e+02 4.523356628417968750e+01 1.319734802246093750e+02 1.042746124267578125e+02 3.378215820312500000e+03 1.516867675781250000e+02 1.505457763671875000e+02 1.317160156250000000e+03 3.867204589843750000e+02 3.008782348632812500e+02 2.977664184570312500e+02 4.412194519042968750e+02 1.148536224365234375e+02 2.174526824951171875e+02 3.719296875000000000e+02
1.024527130126953125e+02 5.142799682617187500e+02 5.402031707763671875e+01 1.429860534667968750e+02 1.048745346069335938e+02 3.601509521484375000e+03 1.628877563476562500e+02 1.737113189697265625e+02 1.432016845703125000e+03 4.080866088867187500e+02 3.231279907226562500e+02 3.052585754394531250e+02 4.532805480957031250e+02 1.244431610107421875e+02 2.182809906005859375e+02 3.936409912109375000e+02
9.474768066406250000e+01 5.194566650390625000e+02 5.924666976928710938e+01 1.476593170166015625e+02 1.044104690551757812e+02 3.521518554687500000e+03 1.641571655273437500e+02 1.676441955566406250e+02 1.481113037109375000e+03 4.151113891601562500e+02 3.179187622070312500e+02 3.051182250976562500e+02 4.511907653808593750e+02 1.229304351806640625e+02 2.236090545654296875e+02 4.145518493652343750e+02
9.732669067382812500e+01 5.279808959960937500e+02 6.295239257812500000e+01 1.525126342773437500e+02 1.050636215209960938e+02 3.653710937500000000e+03 1.601519165039062500e+02 1.761153259277343750e+02 1.476944458007812500e+03 4.094817199707031250e+02 3.354779968261718750e+02 3.057803039550781250e+02 4.753106994628906250e+02 1.340637969970703125e+02 2.405413513183593750e+02 4.371447448730468750e+02
1.000651702880859375e+02 5.203599853515625000e+02 6.266233062744140625e+01 1.704814453125000000e+02 1.053394470214843750e+02 3.785272705078125000e+03 1.596811828613281250e+02 1.869206848144531250e+02 1.521050292968750000e+03 4.275809326171875000e+02 3.587703857421875000e+02 3.076673889160156250e+02 4.834315185546875000e+02 1.386898803710937500e+02 2.476473083496093750e+02 4.459408874511718750e+02
1.202366561889648438e+02 5.172631835937500000e+02 6.250798034667968750e+01 1.774393768310546875e+02 1.050055847167968750e+02 3.785255371093750000e+03 1.693895568847656250e+02 1.790657653808593750e+02 1.475992675781250000e+03 4.151217041015625000e+02 3.452395629882812500e+02 3.032541809082031250e+02 4.810594482421875000e+02 1.363592529296875000e+02 2.379811401367187500e+02 4.458853149414062500e+02
1.184696655273437500e+02 5.481608886718750000e+02 7.249698638916015625e+01 1.976575622558593750e+02 1.049419784545898438e+02 3.794896728515625000e+03 1.712292480468750000e+02 1.851814422607421875e+02 1.619564941406250000e+03 3.781015319824218750e+02 3.604377136230468750e+02 3.068411254882812500e+02 4.708944702148437500e+02 1.293944244384765625e+02 2.318229675292968750e+02 4.318736877441406250e+02
9.166658020019531250e+01 4.555106201171875000e+02 6.870721435546875000e+01 1.384769287109375000e+02 9.427529144287109375e+01 3.333965576171875000e+03 1.459742584228515625e+02 1.471276550292968750e+02 1.362108886718750000e+03 3.281561584472656250e+02 2.838279418945312500e+02 2.799459228515625000e+02 4.696828002929687500e+02 1.079386062622070312e+02 2.062827758789062500e+02 3.634689636230468750e+02
8.038114929199218750e+01 4.345397033691406250e+02 4.723230743408203125e+01 1.202051086425781250e+02 8.489044952392578125e+01 3.217624023437500000e+03 1.411221618652343750e+02 1.373459777832031250e+02 1.257299926757812500e+03 3.751496887207031250e+02 2.609215087890625000e+02 2.272179870605468750e+02 4.588019714355468750e+02 1.013447875976562500e+02 1.884231262207031250e+02 3.356032714843750000e+02
8.028950500488281250e+01 4.478431091308593750e+02 4.125824737548828125e+01 1.264820632934570312e+02 8.654814147949218750e+01 3.280291748046875000e+03 1.422875976562500000e+02 1.440006713867187500e+02 1.278177612304687500e+03 3.948729248046875000e+02 2.686988220214843750e+02 2.526300964355468750e+02 4.610521240234375000e+02 1.046609039306640625e+02 1.998403015136718750e+02 3.438078613281250000e+02
8.135655212402343750e+01 4.464487915039062500e+02 3.658929824829101562e+01 1.281481781005859375e+02 8.397988128662109375e+01 3.220156250000000000e+03 1.472468872070312500e+02 1.411753845214843750e+02 1.245201782226562500e+03 3.763752136230468750e+02 2.691181335449218750e+02 2.559803771972656250e+02 4.530933227539062500e+02 1.046083374023437500e+02 1.943494567871093750e+02 3.408411865234375000e+02
7.952552795410156250e+01 4.510194702148437500e+02 3.684158706665039062e+01 1.292099609375000000e+02 8.621618652343750000e+01 3.228591308593750000e+03 1.479494018554687500e+02 1.409551086425781250e+02 1.253236083984375000e+03 3.466659240722656250e+02 2.670991821289062500e+02 2.588236389160156250e+02 4.363254699707031250e+02 1.035220031738281250e+02 1.887278594970703125e+02 3.438743286132812500e+02
8.239381408691406250e+01 4.738029174804687500e+02 3.801232910156250000e+01 1.350960235595703125e+02 8.932128906250000000e+01 3.222529296875000000e+03 1.463816986083984375e+02 1.409973144531250000e+02 1.280681640625000000e+03 3.761768798828125000e+02 2.837829589843750000e+02 2.725069580078125000e+02 4.451094665527343750e+02 1.034477844238281250e+02 1.998112792968750000e+02 3.616603088378906250e+02
8.047183227539062500e+01 4.808638305664062500e+02 4.413153076171875000e+01 1.353056945800781250e+02 9.015738677978515625e+01 3.335038574218750000e+03 1.466252441406250000e+02 1.478485107421875000e+02 1.362864746093750000e+03 4.022970581054687500e+02 2.801502685546875000e+02 2.796490478515625000e+02 4.528468933105468750e+02 1.086921844482421875e+02 1.948738098144531250e+02 3.726486511230468750e+02
8.532891082763671875e+01 4.813800048828125000e+02 4.117259216308593750e+01 1.318830566406250000e+02 9.092485046386718750e+01 3.351692382812500000e+03 1.504993286132812500e+02 1.457241210937500000e+02 1.381824829101562500e+03 3.654152832031250000e+02 2.785817565917968750e+02 2.786574401855468750e+02 4.423472290039062500e+02 1.120064315795898438e+02 1.850430603027343750e+02 3.741367492675781250e+02
8.298547363281250000e+01 5.026307067871093750e+02 4.476721954345703125e+01 1.416394042968750000e+02 9.368490600585937500e+01 3.409412597656250000e+03 1.489655914306640625e+02 1.643312377929687500e+02 1.394812988281250000e+03 3.654628906250000000e+02 2.870473022460937500e+02 2.862240600585937500e+02 4.523910522460937500e+02 1.067246551513671875e+02 1.788158874511718750e+02 3.689882202148437500e+02
8.186616516113281250e+01 4.787366943359375000e+02 4.998698425292968750e+01 1.399071807861328125e+02 9.418435668945312500e+01 3.371425048828125000e+03 1.453225708007812500e+02 1.552383270263671875e+02 1.309245361328125000e+03 3.571928710937500000e+02 2.802934265136718750e+02 2.870246582031250000e+02 4.644133911132812500e+02 1.077599105834960938e+02 1.937202301025390625e+02 3.670659790039062500e+02
8.169117736816406250e+01 4.732324218750000000e+02 5.023475265502929688e+01 1.495851287841796875e+02 9.256312561035156250e+01 3.521072265625000000e+03 1.440487518310546875e+02 1.469967346191406250e+02 1.352832763671875000e+03 3.778791809082031250e+02 2.783621215820312500e+02 2.889458923339843750e+02 4.712986755371093750e+02 1.109347686767578125e+02 2.036492004394531250e+02 3.694502258300781250e+02
9.679608917236328125e+01 4.672647094726562500e+02 5.090562820434570312e+01 1.437206115722656250e+02 9.027903747558593750e+01 3.410201171875000000e+03 1.470537872314453125e+02 1.461855163574218750e+02 1.298239990234375000e+03 3.520755920410156250e+02 2.750079650878906250e+02 2.906599731445312500e+02 4.707100830078125000e+02 1.074075317382812500e+02 2.140647735595703125e+02 3.767955322265625000e+02
8.977149963378906250e+01 4.943651733398437500e+02 5.711889648437500000e+01 1.433865356445312500e+02 9.311548614501953125e+01 3.433929199218750000e+03 1.606808471679687500e+02 1.522908935546875000e+02 1.474523315429687500e+03 3.424647827148437500e+02 2.849671630859375000e+02 2.892295227050781250e+02 4.772576293945312500e+02 1.054665985107421875e+02 2.284751129150390625e+02 3.667972412109375000e+02
9.476899719238281250e+01 4.980934753417968750e+02 5.866941833496093750e+01 1.410001220703125000e+02 9.367938232421875000e+01 3.725330078125000000e+03 1.614821319580078125e+02 1.527072296142578125e+02 1.372997070312500000e+03 3.419396057128906250e+02 2.822383422851562500e+02 2.936622924804687500e+02 4.750137634277343750e+02 1.040041961669921875e+02 2.281660614013671875e+02 3.896817016601562500e+02
1.096766967773437500e+02 4.908965759277343750e+02 5.548868560791015625e+01 1.367643890380859375e+02 9.288621520996093750e+01 3.988661865234375000e+03 1.570573425292968750e+02 1.523006744384765625e+02 1.405885253906250000e+03 3.680883178710937500e+02 2.760737915039062500e+02 2.914232788085937500e+02 4.811478576660156250e+02 1.048791961669921875e+02 2.180676422119140625e+02 3.859099426269531250e+02
1.029349441528320312e+02 4.806119384765625000e+02 4.815556335449218750e+01 1.328547058105468750e+02 9.296598815917968750e+01 3.552784423828125000e+03 1.520356140136718750e+02 1.489988098144531250e+02 1.487102783203125000e+03 3.891387329101562500e+02 2.776810913085937500e+02 2.917897644042968750e+02 4.943389587402343750e+02 1.041439361572265625e+02 2.041574859619140625e+02 3.693728027343750000e+02
8.885438537597656250e+01 4.764957885742187500e+02 5.135192871093750000e+01 1.316090545654296875e+02 9.404608154296875000e+01 3.354588134765625000e+03 1.506823120117187500e+02 1.451361389160156250e+02 1.543496704101562500e+03 3.721669006347656250e+02 2.757864379882812500e+02 2.848613281250000000e+02 4.973207092285156250e+02 1.153076324462890625e+02 2.047901306152343750e+02 3.531561889648437500e+02
9.286259460449218750e+01 4.780878906250000000e+02 6.261685943603515625e+01 1.334411773681640625e+02 9.405824279785156250e+01 3.376861816406250000e+03 1.499104614257812500e+02 1.478520050048828125e+02 1.516370361328125000e+03 3.463880004882812500e+02 2.722726440429687500e+02 2.909657897949218750e+02 5.014455566406250000e+02 1.309476013183593750e+02 2.311088256835937500e+02 3.502786254882812500e+02
1.037303924560546875e+02 5.196234130859375000e+02 6.421791839599609375e+01 1.428880920410156250e+02 9.510478210449218750e+01 3.462464599609375000e+03 1.492154388427734375e+02 1.568994445800781250e+02 1.471597290039062500e+03 3.353598022460937500e+02 2.911185607910156250e+02 2.950001831054687500e+02 4.978897094726562500e+02 1.342001037597656250e+02 2.492709960937500000e+02 3.731765747070312500e+02
9.349734497070312500e+01 4.961017456054687500e+02 5.941213226318359375e+01 1.379996948242187500e+02 9.603832244873046875e+01 3.378595703125000000e+03 1.553754425048828125e+02 1.480485382080078125e+02 1.462018554687500000e+03 3.373878784179687500e+02 2.873155517578125000e+02 2.906058959960937500e+02 4.926791687011718750e+02 1.275991363525390625e+02 2.588512573242187500e+02 3.775389404296875000e+02
1.046892776489257812e+02 5.052448120117187500e+02 5.732367706298828125e+01 1.426782684326171875e+02 9.678092956542968750e+01 3.484352539062500000e+03 1.599773254394531250e+02 1.467264709472656250e+02 1.460967773437500000e+03 3.582208862304687500e+02 2.905458984375000000e+02 2.949765930175781250e+02 4.942315979003906250e+02 1.373286285400390625e+02 2.592268371582031250e+02 3.935283813476562500e+02
1.030725402832031250e+02 5.176627197265625000e+02 5.510180664062500000e+01 1.627336883544921875e+02 9.698062133789062500e+01 3.431244873046875000e+03 1.582591247558593750e+02 1.477913208007812500e+02 1.636598632812500000e+03 3.494956359863281250e+02 3.063634033203125000e+02 2.951237182617187500e+02 5.026808471679687500e+02 1.301717376708984375e+02 2.604685058593750000e+02 4.056106262207031250e+02
9.647564697265625000e+01 4.941440429687500000e+02 5.396902847290039062e+01 1.510124816894531250e+02 9.659397888183593750e+01 3.319955566406250000e+03 1.524142761230468750e+02 1.443147583007812500e+02 1.650799804687500000e+03 3.400270690917968750e+02 2.902541503906250000e+02 2.873821716308593750e+02 5.052854919433593750e+02 1.195920257568359375e+02 2.496675415039062500e+02 4.022557983398437500e+02
1.069969177246093750e+02 4.961682739257812500e+02 6.013014602661132812e+01 1.494100341796875000e+02 9.765836334228515625e+01 3.399612060546875000e+03 1.552770843505859375e+02 1.466587371826171875e+02 1.628759765625000000e+03 3.353111572265625000e+02 2.891001586914062500e+02 2.927663269042968750e+02 5.048265991210937500e+02 1.392518768310546875e+02 2.609530334472656250e+02 3.871750793457031250e+02
1.106037750244140625e+02 5.199874267578125000e+02 6.028404998779296875e+01 1.558562011718750000e+02 9.983795928955078125e+01 3.386158203125000000e+03 1.663339691162109375e+02 1.440677947998046875e+02 1.706724487304687500e+03 3.477986145019531250e+02 3.055512084960937500e+02 2.955384826660156250e+02 5.086427612304687500e+02 1.427857055664062500e+02 2.440079956054687500e+02 4.165981140136718750e+02
9.624308776855468750e+01 5.193586425781250000e+02 5.277890777587890625e+01 1.492872924804687500e+02 1.007003784179687500e+02 3.359563964843750000e+03 1.579310913085937500e+02 1.412809448242187500e+02 1.735022216796875000e+03 3.465297546386718750e+02 2.880208740234375000e+02 2.921555480957031250e+02 4.996141357421875000e+02 1.252793502807617188e+02 2.561654968261718750e+02 4.061560668945312500e+02
8.837525939941406250e+01 4.873862915039062500e+02 4.206361770629882812e+01 1.497969360351562500e+02 9.978992462158203125e+01 3.357350585937500000e+03 1.512121429443359375e+02 1.430950469970703125e+02 1.637963134765625000e+03 3.435195312500000000e+02 2.787949829101562500e+02 2.716069030761718750e+02 4.934390563964843750e+02 1.207629089355468750e+02 2.498955383300781250e+02 3.855244140625000000e+02
8.482334899902343750e+01 4.751934204101562500e+02 3.915364074707031250e+01 1.444908294677734375e+02 9.883084106445312500e+01 3.389920410156250000e+03 1.500195007324218750e+02 1.401802978515625000e+02 1.666918823242187500e+03 3.445454101562500000e+02 2.758175659179687500e+02 2.625698242187500000e+02 4.963978881835937500e+02 1.282637023925781250e+02 2.291966400146484375e+02 3.829962158203125000e+02
8.300088500976562500e+01 5.208996582031250000e+02 5.492276000976562500e+01 1.672917175292968750e+02 1.020818939208984375e+02 3.465730957031250000e+03 1.502126007080078125e+02 1.460912017822265625e+02 1.593854858398437500e+03 3.652874755859375000e+02 2.868401489257812500e+02 2.825618286132812500e+02 5.044675598144531250e+02 1.194906158447265625e+02 2.401847229003906250e+02 3.938498229980468750e+02
8.939942169189453125e+01 5.063039550781250000e+02 5.911534118652343750e+01 1.531409454345703125e+02 1.032418060302734375e+02 3.591611816406250000e+03 1.508057403564453125e+02 1.442626647949218750e+02 1.489780761718750000e+03 4.192871398925781250e+02 2.945774841308593750e+02 2.928751220703125000e+02 4.911499328613281250e+02 1.145285415649414062e+02 2.433573455810546875e+02 4.005179748535156250e+02
8.538018798828125000e+01 5.227877807617187500e+02 5.268895721435546875e+01 1.398146972656250000e+02 1.032084655761718750e+02 3.614748535156250000e+03 1.474002227783203125e+02 1.409426116943359375e+02 1.427824340820312500e+03 3.895138549804687500e+02 2.910985107421875000e+02 2.935751037597656250e+02 4.794926452636718750e+02 1.083134765625000000e+02 2.449537048339843750e+02 4.016911315917968750e+02
