1.167501754760742188e+02 5.120911254882812500e+02 7.179200744628906250e+01 1.580279388427734375e+02 1.110668640136718750e+02 3.557437500000000000e+03 1.718585052490234375e+02 1.777466430664062500e+02 1.636938110351562500e+03 3.648901672363281250e+02 3.103706359863281250e+02 3.233764648437500000e+02 5.318832397460937500e+02 1.241134796142578125e+02 2.755764770507812500e+02 3.700765686035156250e+02
1.067196578979492188e+02 5.095432739257812500e+02 6.731198120117187500e+01 1.557225952148437500e+02 1.114529953002929688e+02 3.551424316406250000e+03 1.681897888183593750e+02 1.723462371826171875e+02 1.571994506835937500e+03 3.584687500000000000e+02 3.100987854003906250e+02 3.239605712890625000e+02 5.330246582031250000e+02 1.182207489013671875e+02 2.827828674316406250e+02 3.714929199218750000e+02
9.915033721923828125e+01 5.066863403320312500e+02 6.002365493774414062e+01 1.538435974121093750e+02 1.118221435546875000e+02 3.506799316406250000e+03 1.664498748779296875e+02 1.684348449707031250e+02 1.632228027343750000e+03 3.561109619140625000e+02 3.059329223632812500e+02 3.236121520996093750e+02 5.027902526855468750e+02 1.145693817138671875e+02 2.711759643554687500e+02 3.679806518554687500e+02
1.076390075683593750e+02 5.038767700195312500e+02 5.173558807373046875e+01 1.519296112060546875e+02 1.121878509521484375e+02 3.464887939453125000e+03 1.633179626464843750e+02 1.630382232666015625e+02 1.593438598632812500e+03 3.556325988769531250e+02 3.013246459960937500e+02 3.228785705566406250e+02 5.261574707031250000e+02 1.191658248901367188e+02 2.618135375976562500e+02 3.624460449218750000e+02
1.026679382324218750e+02 5.056618957519531250e+02 4.841912078857421875e+01 1.506501159667968750e+02 1.125803985595703125e+02 3.506671386718750000e+03 1.619930725097656250e+02 1.617018737792968750e+02 1.528540649414062500e+03 3.635558166503906250e+02 3.039525146484375000e+02 3.232496948242187500e+02 4.974473876953125000e+02 1.185589523315429688e+02 2.575230102539062500e+02 3.609188842773437500e+02
9.683930969238281250e+01 5.025901489257812500e+02 4.556156158447265625e+01 1.505416870117187500e+02 1.127122802734375000e+02 3.484893066406250000e+03 1.606663818359375000e+02 1.640724945068359375e+02 1.487424926757812500e+03 3.624482727050781250e+02 3.040447387695312500e+02 3.228645019531250000e+02 4.848937683105468750e+02 1.170076904296875000e+02 2.397505035400390625e+02 3.622592163085937500e+02
9.516206359863281250e+01 5.115093994140625000e+02 4.345808792114257812e+01 1.507257385253906250e+02 1.129366683959960938e+02 3.495512207031250000e+03 1.682814636230468750e+02 1.645780029296875000e+02 1.451038574218750000e+03 3.699387207031250000e+02 3.090177612304687500e+02 3.229681091308593750e+02 5.078003234863281250e+02 1.162638931274414062e+02 2.368956909179687500e+02 3.626314697265625000e+02
9.558001708984375000e+01 5.156292114257812500e+02 4.482714080810546875e+01 1.527470245361328125e+02 1.136996383666992188e+02 3.506323486328125000e+03 1.666437072753906250e+02 1.660106811523437500e+02 1.439188232421875000e+03 3.683875427246093750e+02 3.164398498535156250e+02 3.236892089843750000e+02 5.342153930664062500e+02 1.161364135742187500e+02 2.205428161621093750e+02 3.637137145996093750e+02
9.518880462646484375e+01 5.161863403320312500e+02 4.394348144531250000e+01 1.552919464111328125e+02 1.138425369262695312e+02 3.505862060546875000e+03 1.671938629150390625e+02 1.644965057373046875e+02 1.423881347656250000e+03 3.659940490722656250e+02 3.176169128417968750e+02 3.231665039062500000e+02 5.333143310546875000e+02 1.161874542236328125e+02 2.136856384277343750e+02 3.658236389160156250e+02
9.721109008789062500e+01 5.186163940429687500e+02 4.361427307128906250e+01 1.583594970703125000e+02 1.139017333984375000e+02 3.552948730468750000e+03 1.669207305908203125e+02 1.671561431884765625e+02 1.410148803710937500e+03 3.665064697265625000e+02 3.206213989257812500e+02 3.238688354492187500e+02 4.971771545410156250e+02 1.167406387329101562e+02 2.103214569091796875e+02 3.672701416015625000e+02
9.781002807617187500e+01 5.251468505859375000e+02 4.620303344726562500e+01 1.621118316650390625e+02 1.142934112548828125e+02 3.570604736328125000e+03 1.676766052246093750e+02 1.688829345703125000e+02 1.403385131835937500e+03 3.714535522460937500e+02 3.241698608398437500e+02 3.246371154785156250e+02 5.193156738281250000e+02 1.171679077148437500e+02 2.125981750488281250e+02 3.721867370605468750e+02
9.821237182617187500e+01 5.298861083984375000e+02 4.627082824707031250e+01 1.669355468750000000e+02 1.144162368774414062e+02 3.573066162109375000e+03 1.687618103027343750e+02 1.697026672363281250e+02 1.401013549804687500e+03 3.775965270996093750e+02 3.293948974609375000e+02 3.245581665039062500e+02 5.197080078125000000e+02 1.188827819824218750e+02 2.107924194335937500e+02 3.756989746093750000e+02
9.943764495849609375e+01 5.334149780273437500e+02 4.661841201782226562e+01 1.701923217773437500e+02 1.146295547485351562e+02 3.633899169921875000e+03 1.692909545898437500e+02 1.706570129394531250e+02 1.409061767578125000e+03 3.818636779785156250e+02 3.326215209960937500e+02 3.245655822753906250e+02 5.074123535156250000e+02 1.205312194824218750e+02 2.266166534423828125e+02 3.820668029785156250e+02
1.052604522705078125e+02 5.375761108398437500e+02 4.965397644042968750e+01 1.724003753662109375e+02 1.146574325561523438e+02 3.650919189453125000e+03 1.699632263183593750e+02 1.732499542236328125e+02 1.409317626953125000e+03 3.802705993652343750e+02 3.345884094238281250e+02 3.247546081542968750e+02 5.119028930664062500e+02 1.223261718750000000e+02 2.206407318115234375e+02 3.869898681640625000e+02
1.042148361206054688e+02 5.384505004882812500e+02 5.131956481933593750e+01 1.741837463378906250e+02 1.146271362304687500e+02 3.663251220703125000e+03 1.715866699218750000e+02 1.744700317382812500e+02 1.411915771484375000e+03 3.853520812988281250e+02 3.353612060546875000e+02 3.241784362792968750e+02 5.002177124023437500e+02 1.227729187011718750e+02 2.240046386718750000e+02 3.907664489746093750e+02
1.030519332885742188e+02 5.402271728515625000e+02 5.111223983764648438e+01 1.756216735839843750e+02 1.144835586547851562e+02 3.678776611328125000e+03 1.715594482421875000e+02 1.734446411132812500e+02 1.407602783203125000e+03 3.942364807128906250e+02 3.359990539550781250e+02 3.213300170898437500e+02 4.946952209472656250e+02 1.232076110839843750e+02 2.237845458984375000e+02 3.921171569824218750e+02
1.061273193359375000e+02 5.471320800781250000e+02 5.459052276611328125e+01 1.785317993164062500e+02 1.143975219726562500e+02 3.736129394531250000e+03 1.737738494873046875e+02 1.784028472900390625e+02 1.441146484375000000e+03 4.063841247558593750e+02 3.411237182617187500e+02 3.231281433105468750e+02 5.001062622070312500e+02 1.259207382202148438e+02 2.238953094482421875e+02 3.984918823242187500e+02
1.058158416748046875e+02 5.514143066406250000e+02 5.857254791259765625e+01 1.809948425292968750e+02 1.144710388183593750e+02 3.736169921875000000e+03 1.753531036376953125e+02 1.794068145751953125e+02 1.475588745117187500e+03 4.145303955078125000e+02 3.422072143554687500e+02 3.243291625976562500e+02 4.930255126953125000e+02 1.264393539428710938e+02 2.268381652832031250e+02 4.102913818359375000e+02
1.058203353881835938e+02 5.542986450195312500e+02 6.197514343261718750e+01 1.830770874023437500e+02 1.144727554321289062e+02 3.733366699218750000e+03 1.750346679687500000e+02 1.809563598632812500e+02 1.479242187500000000e+03 4.125695190429687500e+02 3.456579895019531250e+02 3.243447265625000000e+02 5.106502380371093750e+02 1.312777404785156250e+02 2.404276275634765625e+02 4.288048706054687500e+02
1.065230560302734375e+02 5.539924316406250000e+02 6.259124755859375000e+01 1.873377685546875000e+02 1.147874526977539062e+02 3.768708984375000000e+03 1.747367553710937500e+02 1.848765563964843750e+02 1.506623046875000000e+03 4.235637207031250000e+02 3.539315185546875000e+02 3.248916015625000000e+02 5.194272460937500000e+02 1.357241210937500000e+02 2.482138671875000000e+02 4.390902404785156250e+02
1.143299865722656250e+02 5.531866455078125000e+02 6.262731933593750000e+01 1.904230957031250000e+02 1.148238449096679688e+02 3.801323730468750000e+03 1.764248504638671875e+02 1.840275421142578125e+02 1.488986816406250000e+03 4.187160339355468750e+02 3.526255493164062500e+02 3.224769287109375000e+02 5.129650268554687500e+02 1.349210052490234375e+02 2.399971771240234375e+02 4.408912963867187500e+02
1.151834259033203125e+02 5.582764892578125000e+02 6.925775909423828125e+01 1.953674163818359375e+02 1.146537322998046875e+02 3.806930175781250000e+03 1.774799957275390625e+02 1.849382781982421875e+02 1.582094970703125000e+03 4.043551635742187500e+02 3.558501281738281250e+02 3.234847412109375000e+02 4.932747192382812500e+02 1.318960266113281250e+02 2.337240753173828125e+02 4.327144165039062500e+02
1.037452163696289062e+02 5.111660766601562500e+02 6.139251708984375000e+01 1.752351989746093750e+02 1.103478851318359375e+02 3.439323242187500000e+03 1.650635070800781250e+02 1.667391967773437500e+02 1.439205810546875000e+03 3.780321655273437500e+02 3.211555786132812500e+02 2.735844421386718750e+02 5.088481750488281250e+02 1.183177795410156250e+02 2.164195556640625000e+02 3.918182067871093750e+02
9.928500366210937500e+01 5.072243957519531250e+02 5.312289047241210938e+01 1.702992553710937500e+02 1.035682449340820312e+02 3.405467285156250000e+03 1.639091339111328125e+02 1.644657287597656250e+02 1.397878784179687500e+03 4.041975097656250000e+02 3.139807434082031250e+02 2.580786743164062500e+02 5.087519836425781250e+02 1.157514038085937500e+02 2.100617675781250000e+02 3.786267395019531250e+02
9.885043334960937500e+01 5.165009155273437500e+02 5.182740020751953125e+01 1.736133728027343750e+02 1.053190689086914062e+02 3.432361816406250000e+03 1.636355743408203125e+02 1.688788146972656250e+02 1.405515747070312500e+03 4.266011962890625000e+02 3.192371215820312500e+02 2.822391967773437500e+02 5.195712280273437500e+02 1.181775207519531250e+02 2.175609283447265625e+02 3.840579223632812500e+02
9.805821228027343750e+01 5.109801330566406250e+02 4.869855117797851562e+01 1.718365325927734375e+02 1.058768005371093750e+02 3.348725097656250000e+03 1.658578796386718750e+02 1.656671752929687500e+02 1.372589843750000000e+03 4.174764404296875000e+02 3.163710327148437500e+02 2.920759887695312500e+02 5.225923461914062500e+02 1.174256057739257812e+02 2.137180633544921875e+02 3.795750732421875000e+02
9.542788696289062500e+01 5.106857910156250000e+02 4.803063201904296875e+01 1.697687072753906250e+02 1.069862976074218750e+02 3.353236816406250000e+03 1.655997772216796875e+02 1.637972412109375000e+02 1.361831054687500000e+03 3.901286926269531250e+02 3.118248596191406250e+02 2.972604675292968750e+02 5.088538208007812500e+02 1.158122482299804688e+02 2.076439971923828125e+02 3.789365234375000000e+02
9.653141784667968750e+01 5.236171875000000000e+02 4.832186126708984375e+01 1.717003479003906250e+02 1.086727828979492188e+02 3.352334960937500000e+03 1.638416290283203125e+02 1.626958770751953125e+02 1.370212646484375000e+03 4.014661560058593750e+02 3.209207153320312500e+02 3.064775695800781250e+02 5.170057983398437500e+02 1.151629791259765625e+02 2.133736572265625000e+02 3.899434509277343750e+02
9.486456298828125000e+01 5.301494140625000000e+02 5.231841278076171875e+01 1.708225402832031250e+02 1.094469451904296875e+02 3.413488525390625000e+03 1.633903656005859375e+02 1.664015502929687500e+02 1.423480224609375000e+03 4.227431030273437500e+02 3.192788085937500000e+02 3.129058837890625000e+02 5.287744750976562500e+02 1.180164566040039062e+02 2.103426361083984375e+02 4.000084838867187500e+02
9.728956604003906250e+01 5.306405639648437500e+02 5.068540191650390625e+01 1.673926544189453125e+02 1.096980590820312500e+02 3.448121826171875000e+03 1.652645111083984375e+02 1.652834777832031250e+02 1.450199462890625000e+03 3.959953613281250000e+02 3.170607299804687500e+02 3.135354614257812500e+02 5.207507934570312500e+02 1.205736389160156250e+02 2.024526367187500000e+02 4.027406311035156250e+02
9.613839721679687500e+01 5.435697631835937500e+02 5.286200332641601562e+01 1.718058624267578125e+02 1.106946411132812500e+02 3.552051757812500000e+03 1.644167785644531250e+02 1.763124084472656250e+02 1.462737304687500000e+03 3.920881652832031250e+02 3.210869750976562500e+02 3.164577331542968750e+02 5.269628906250000000e+02 1.176006927490234375e+02 1.967284698486328125e+02 3.985753479003906250e+02
9.523400878906250000e+01 5.299528808593750000e+02 5.748987579345703125e+01 1.711580657958984375e+02 1.111393280029296875e+02 3.514490966796875000e+03 1.620110473632812500e+02 1.727267761230468750e+02 1.403395629882812500e+03 3.844307250976562500e+02 3.172777709960937500e+02 3.177883911132812500e+02 5.366936035156250000e+02 1.176448593139648438e+02 2.032892150878906250e+02 3.957410888671875000e+02
9.475846862792968750e+01 5.235899658203125000e+02 5.904608917236328125e+01 1.764866638183593750e+02 1.102713394165039062e+02 3.634628173828125000e+03 1.608114318847656250e+02 1.669508056640625000e+02 1.417268554687500000e+03 3.947791748046875000e+02 3.148754272460937500e+02 3.179962463378906250e+02 5.434832763671875000e+02 1.192323608398437500e+02 2.114486083984375000e+02 3.962917480468750000e+02
1.030447692871093750e+02 5.170878906250000000e+02 6.061324310302734375e+01 1.728872680664062500e+02 1.085511398315429688e+02 3.529709228515625000e+03 1.619548187255859375e+02 1.651607208251953125e+02 1.380717285156250000e+03 3.797033386230468750e+02 3.111649780273437500e+02 3.184216308593750000e+02 5.432469482421875000e+02 1.169724197387695312e+02 2.218795318603515625e+02 4.008697509765625000e+02
9.994918823242187500e+01 5.306936645507812500e+02 6.659162139892578125e+01 1.708911132812500000e+02 1.089584197998046875e+02 3.491529785156250000e+03 1.692896423339843750e+02 1.676871643066406250e+02 1.485893066406250000e+03 3.712908020019531250e+02 3.153137512207031250e+02 3.163945007324218750e+02 5.465729980468750000e+02 1.152259979248046875e+02 2.366790008544921875e+02 3.932172241210937500e+02
1.029667816162109375e+02 5.346901855468750000e+02 7.054605865478515625e+01 1.679309539794921875e+02 1.094096603393554688e+02 3.617829833984375000e+03 1.715564422607421875e+02 1.679900054931640625e+02 1.424866455078125000e+03 3.684544677734375000e+02 3.134761962890625000e+02 3.173858642578125000e+02 5.447631225585937500e+02 1.138939971923828125e+02 2.397108764648437500e+02 4.074889526367187500e+02
1.144007415771484375e+02 5.303783569335937500e+02 6.942079162597656250e+01 1.647936096191406250e+02 1.091761093139648438e+02 3.791761718750000000e+03 1.693521118164062500e+02 1.678090057373046875e+02 1.443097045898437500e+03 3.807979736328125000e+02 3.093032836914062500e+02 3.173715209960937500e+02 5.471866455078125000e+02 1.141849136352539062e+02 2.327335205078125000e+02 4.084682312011718750e+02
1.117350311279296875e+02 5.234786987304687500e+02 6.327763366699218750e+01 1.619189147949218750e+02 1.086790618896484375e+02 3.524593505859375000e+03 1.659670104980468750e+02 1.658124847412109375e+02 1.515192993164062500e+03 3.982927246093750000e+02 3.101480712890625000e+02 3.163020019531250000e+02 5.555676879882812500e+02 1.136703338623046875e+02 2.209954223632812500e+02 3.965234985351562500e+02
1.019797973632812500e+02 5.198156127929687500e+02 6.491875457763671875e+01 1.607974090576171875e+02 1.089852600097656250e+02 3.438899902343750000e+03 1.647393798828125000e+02 1.630105895996093750e+02 1.584420410156250000e+03 3.897550048828125000e+02 3.089709472656250000e+02 3.111647338867187500e+02 5.601441650390625000e+02 1.200605468750000000e+02 2.183963775634765625e+02 3.833792114257812500e+02
1.031738586425781250e+02 5.200267333984375000e+02 7.425154113769531250e+01 1.619705505371093750e+02 1.090182800292968750e+02 3.478322509765625000e+03 1.639654998779296875e+02 1.644037475585937500e+02 1.576405029296875000e+03 3.734467468261718750e+02 3.066400451660156250e+02 3.133322448730468750e+02 5.630820312500000000e+02 1.323426818847656250e+02 2.374980926513671875e+02 3.790165710449218750e+02
1.101136550903320312e+02 5.440380249023437500e+02 7.692314147949218750e+01 1.677852172851562500e+02 1.093004760742187500e+02 3.464896240234375000e+03 1.633781890869140625e+02 1.697445983886718750e+02 1.542520019531250000e+03 3.640344543457031250e+02 3.175377502441406250e+02 3.165740966796875000e+02 5.606677856445312500e+02 1.385321807861328125e+02 2.575891418457031250e+02 3.910098266601562500e+02
1.046223220825195312e+02 5.350411376953125000e+02 7.347973632812500000e+01 1.661692199707031250e+02 1.097981796264648438e+02 3.463305664062500000e+03 1.667341308593750000e+02 1.653891906738281250e+02 1.528217407226562500e+03 3.628691406250000000e+02 3.176400756835937500e+02 3.149988098144531250e+02 5.542031250000000000e+02 1.348060760498046875e+02 2.717406311035156250e+02 3.961552429199218750e+02
1.108820800781250000e+02 5.398693847656250000e+02 7.161501312255859375e+01 1.689726562500000000e+02 1.102111358642578125e+02 3.456516357421875000e+03 1.700036621093750000e+02 1.644264831542968750e+02 1.519114257812500000e+03 3.704056701660156250e+02 3.200289001464843750e+02 3.162096862792968750e+02 5.527186279296875000e+02 1.435034942626953125e+02 2.747073364257812500e+02 4.084634094238281250e+02
1.115140228271484375e+02 5.482905273437500000e+02 6.922029876708984375e+01 1.808288574218750000e+02 1.103134384155273438e+02 3.480811279296875000e+03 1.698295745849609375e+02 1.646454010009765625e+02 1.669706542968750000e+03 3.687888488769531250e+02 3.297315368652343750e+02 3.170423583984375000e+02 5.566956787109375000e+02 1.389742126464843750e+02 2.762749023437500000e+02 4.220948791503906250e+02
1.074888153076171875e+02 5.356157836914062500e+02 6.760125732421875000e+01 1.766213531494140625e+02 1.100253295898437500e+02 3.480208007812500000e+03 1.663638153076171875e+02 1.624043731689453125e+02 1.725717041015625000e+03 3.631281433105468750e+02 3.222621154785156250e+02 3.121569213867187500e+02 5.581493530273437500e+02 1.309976501464843750e+02 2.652174682617187500e+02 4.235562744140625000e+02
1.139698181152343750e+02 5.353901977539062500e+02 7.240436553955078125e+01 1.754537048339843750e+02 1.103183746337890625e+02 3.511467529296875000e+03 1.677001037597656250e+02 1.637913513183593750e+02 1.709623413085937500e+03 3.603021545410156250e+02 3.210573730468750000e+02 3.137520751953125000e+02 5.565726928710937500e+02 1.438385620117187500e+02 2.774574584960937500e+02 4.139223632812500000e+02
1.187125701904296875e+02 5.503792724609375000e+02 7.347430419921875000e+01 1.795088195800781250e+02 1.116948699951171875e+02 3.459501953125000000e+03 1.744111328125000000e+02 1.621341705322265625e+02 1.782318725585937500e+03 3.668839721679687500e+02 3.308317871093750000e+02 3.161728210449218750e+02 5.573699340820312500e+02 1.506670989990234375e+02 2.616916198730468750e+02 4.350976867675781250e+02
1.090614929199218750e+02 5.541107788085937500e+02 6.739192962646484375e+01 1.764042053222656250e+02 1.121639709472656250e+02 3.482899902343750000e+03 1.707200012207031250e+02 1.597848663330078125e+02 1.824714477539062500e+03 3.652947387695312500e+02 3.217321777343750000e+02 3.148760070800781250e+02 5.502479248046875000e+02 1.364854278564453125e+02 2.720236511230468750e+02 4.316277465820312500e+02
1.021997756958007812e+02 5.336974487304687500e+02 5.822602844238281250e+01 1.763358459472656250e+02 1.113127441406250000e+02 3.490146240234375000e+03 1.657745666503906250e+02 1.608938446044921875e+02 1.719681640625000000e+03 3.622000732421875000e+02 3.144789428710937500e+02 2.930508422851562500e+02 5.417017822265625000e+02 1.323701629638671875e+02 2.652208557128906250e+02 4.167980041503906250e+02
9.795815277099609375e+01 5.224291992187500000e+02 5.380779266357421875e+01 1.724862518310546875e+02 1.102926864624023438e+02 3.509538085937500000e+03 1.641969909667968750e+02 1.582742004394531250e+02 1.746803100585937500e+03 3.629727478027343750e+02 3.106479492187500000e+02 2.841160583496093750e+02 5.430567626953125000e+02 1.362754669189453125e+02 2.453359832763671875e+02 4.124531250000000000e+02
9.555763244628906250e+01 5.467208251953125000e+02 6.267671585083007812e+01 1.848638916015625000e+02 1.115603713989257812e+02 3.544111816406250000e+03 1.635313415527343750e+02 1.619476013183593750e+02 1.663445678710937500e+03 3.729078979492187500e+02 3.164049682617187500e+02 2.988330688476562500e+02 5.520570678710937500e+02 1.299640045166015625e+02 2.534450073242187500e+02 4.183183593750000000e+02
9.857869720458984375e+01 5.414653930664062500e+02 6.778104400634765625e+01 1.771295318603515625e+02 1.130747985839843750e+02 3.539849365234375000e+03 1.631774749755859375e+02 1.604355010986328125e+02 1.563645141601562500e+03 4.115754089355468750e+02 3.206997985839843750e+02 3.107236022949218750e+02 5.487272949218750000e+02 1.249317855834960938e+02 2.567962036132812500e+02 4.237612609863281250e+02
