1.087403564453125000e+02 5.227072753906250000e+02 7.771974945068359375e+01 1.411086120605468750e+02 1.613783264160156250e+02 4.706117187500000000e+03 1.803675384521484375e+02 1.802794342041015625e+02 2.035873413085937500e+03 3.676378173828125000e+02 3.103413391113281250e+02 3.970121459960937500e+02 4.624753112792968750e+02 1.373643951416015625e+02 2.490536041259765625e+02 3.679317016601562500e+02
1.079487915039062500e+02 5.247912597656250000e+02 7.687974548339843750e+01 1.432878417968750000e+02 1.631858825683593750e+02 4.736580566406250000e+03 1.784806213378906250e+02 1.808558197021484375e+02 2.056038085937500000e+03 3.649621276855468750e+02 3.149433898925781250e+02 4.032744750976562500e+02 4.506392211914062500e+02 1.308697509765625000e+02 2.559333190917968750e+02 3.717489929199218750e+02
1.040677032470703125e+02 5.243820800781250000e+02 7.418641662597656250e+01 1.434469604492187500e+02 1.648671569824218750e+02 4.717182617187500000e+03 1.769467163085937500e+02 1.799645996093750000e+02 2.051828125000000000e+03 3.616506042480468750e+02 3.129607849121093750e+02 4.026499023437500000e+02 4.367666015625000000e+02 1.229152221679687500e+02 2.610441589355468750e+02 3.717199096679687500e+02
1.060491714477539062e+02 5.200162963867187500e+02 7.000479888916015625e+01 1.398382110595703125e+02 1.657045440673828125e+02 4.663554687500000000e+03 1.728859252929687500e+02 1.752201080322265625e+02 2.033976074218750000e+03 3.572264404296875000e+02 3.050342407226562500e+02 4.010724487304687500e+02 4.296822204589843750e+02 1.218893280029296875e+02 2.632204895019531250e+02 3.653833618164062500e+02
1.036007843017578125e+02 5.193107299804687500e+02 6.706872558593750000e+01 1.340040740966796875e+02 1.670970153808593750e+02 4.654560546875000000e+03 1.691264801025390625e+02 1.732427673339843750e+02 2.038440673828125000e+03 3.590121459960937500e+02 3.053895263671875000e+02 4.028414306640625000e+02 4.146706848144531250e+02 1.194663085937500000e+02 2.657304992675781250e+02 3.619223022460937500e+02
9.567510223388671875e+01 5.113630981445312500e+02 6.234568405151367188e+01 1.275836639404296875e+02 1.666034698486328125e+02 4.620198242187500000e+03 1.634790802001953125e+02 1.726950531005859375e+02 2.030085937500000000e+03 3.583430175781250000e+02 3.021601562500000000e+02 4.003652954101562500e+02 3.963466491699218750e+02 1.171722412109375000e+02 2.634082336425781250e+02 3.602962951660156250e+02
8.975726318359375000e+01 5.084594421386718750e+02 5.673269653320312500e+01 1.193579406738281250e+02 1.655940246582031250e+02 4.564416992187500000e+03 1.641712341308593750e+02 1.691707153320312500e+02 2.009692138671875000e+03 3.568548583984375000e+02 3.007401733398437500e+02 3.973325805664062500e+02 3.901591796875000000e+02 1.131558685302734375e+02 2.617005615234375000e+02 3.543834838867187500e+02
8.616209411621093750e+01 5.000564270019531250e+02 5.339755249023437500e+01 1.128777770996093750e+02 1.668987426757812500e+02 4.523193847656250000e+03 1.587476806640625000e+02 1.661487274169921875e+02 1.998653930664062500e+03 3.503260803222656250e+02 2.986621704101562500e+02 3.950279541015625000e+02 3.789626159667968750e+02 1.101408157348632812e+02 2.467402343750000000e+02 3.467642822265625000e+02
8.078356170654296875e+01 4.857656860351562500e+02 4.744795989990234375e+01 1.043008728027343750e+02 1.643944396972656250e+02 4.440606933593750000e+03 1.554940185546875000e+02 1.579376373291015625e+02 1.966677490234375000e+03 3.410215148925781250e+02 2.919277038574218750e+02 3.885565185546875000e+02 3.642043457031250000e+02 1.068132476806640625e+02 2.376698150634765625e+02 3.413584289550781250e+02
7.943399047851562500e+01 4.713820190429687500e+02 4.166580200195312500e+01 9.786459350585937500e+01 1.621469116210937500e+02 4.364543945312500000e+03 1.505318908691406250e+02 1.536623687744140625e+02 1.939162597656250000e+03 3.328656005859375000e+02 2.858794250488281250e+02 3.852164306640625000e+02 3.462711791992187500e+02 1.037145233154296875e+02 2.282088623046875000e+02 3.313173522949218750e+02
7.527838134765625000e+01 4.612125854492187500e+02 3.881095886230468750e+01 9.132281494140625000e+01 1.613275299072265625e+02 4.281632812500000000e+03 1.460445404052734375e+02 1.478145446777343750e+02 1.900540161132812500e+03 3.267338562011718750e+02 2.794134521484375000e+02 3.774926757812500000e+02 3.327119750976562500e+02 9.992684173583984375e+01 2.207252807617187500e+02 3.254334411621093750e+02
7.276934051513671875e+01 4.542295532226562500e+02 3.474723434448242188e+01 8.732803344726562500e+01 1.580941772460937500e+02 4.207213378906250000e+03 1.424657592773437500e+02 1.429563903808593750e+02 1.865655883789062500e+03 3.237340393066406250e+02 2.756689453125000000e+02 3.693767700195312500e+02 3.190470886230468750e+02 9.892095184326171875e+01 2.114803619384765625e+02 3.210422973632812500e+02
7.150715637207031250e+01 4.501354980468750000e+02 3.222753906250000000e+01 8.512625122070312500e+01 1.573233642578125000e+02 4.162075195312500000e+03 1.393961486816406250e+02 1.399144134521484375e+02 1.840806274414062500e+03 3.238513183593750000e+02 2.737090759277343750e+02 3.615625000000000000e+02 3.088035278320312500e+02 9.916709899902343750e+01 2.104057464599609375e+02 3.229098510742187500e+02
7.331234741210937500e+01 4.513479614257812500e+02 3.230819702148437500e+01 8.541661071777343750e+01 1.540496215820312500e+02 4.139724609375000000e+03 1.391062011718750000e+02 1.404399414062500000e+02 1.821637939453125000e+03 3.226840820312500000e+02 2.744209594726562500e+02 3.544894409179687500e+02 3.040939941406250000e+02 1.003405609130859375e+02 2.032410888671875000e+02 3.256365661621093750e+02
7.358493804931640625e+01 4.511780395507812500e+02 3.310839080810546875e+01 8.763220214843750000e+01 1.520447082519531250e+02 4.121574218750000000e+03 1.406020507812500000e+02 1.412731170654296875e+02 1.800880126953125000e+03 3.286097717285156250e+02 2.753226318359375000e+02 3.456040649414062500e+02 3.037435607910156250e+02 1.022132568359375000e+02 2.011740722656250000e+02 3.298994445800781250e+02
7.548795318603515625e+01 4.566214599609375000e+02 3.462287902832031250e+01 9.190766906738281250e+01 1.482266235351562500e+02 4.122907226562500000e+03 1.403791198730468750e+02 1.407250976562500000e+02 1.786319335937500000e+03 3.368760375976562500e+02 2.801959838867187500e+02 3.382271118164062500e+02 3.057776184082031250e+02 1.055821990966796875e+02 2.019593353271484375e+02 3.353187255859375000e+02
7.917687225341796875e+01 4.701230773925781250e+02 3.912011337280273438e+01 1.014177093505859375e+02 1.470357666015625000e+02 4.211993164062500000e+03 1.455896301269531250e+02 1.485187988281250000e+02 1.812415527343750000e+03 3.488762512207031250e+02 2.931158752441406250e+02 3.397697753906250000e+02 3.147011413574218750e+02 1.084846649169921875e+02 2.039366455078125000e+02 3.473467407226562500e+02
8.176109313964843750e+01 4.829827270507812500e+02 4.405063629150390625e+01 1.119043426513671875e+02 1.441809997558593750e+02 4.271277343750000000e+03 1.498668365478515625e+02 1.531004638671875000e+02 1.818495117187500000e+03 3.616388244628906250e+02 3.013280944824218750e+02 3.364473571777343750e+02 3.270082702636718750e+02 1.113422546386718750e+02 2.075288085937500000e+02 3.617861633300781250e+02
8.741016387939453125e+01 5.006270751953125000e+02 4.985655975341796875e+01 1.234837036132812500e+02 1.444085693359375000e+02 4.365715332031250000e+03 1.540816802978515625e+02 1.593767852783203125e+02 1.842541015625000000e+03 3.746044311523437500e+02 3.150969848632812500e+02 3.358255615234375000e+02 3.438896789550781250e+02 1.170818939208984375e+02 2.179384307861328125e+02 3.789064025878906250e+02
9.268588256835937500e+01 5.122933349609375000e+02 5.544383621215820312e+01 1.383958587646484375e+02 1.442518615722656250e+02 4.461531738281250000e+03 1.563832397460937500e+02 1.675446624755859375e+02 1.865051391601562500e+03 3.899716186523437500e+02 3.302928771972656250e+02 3.359996948242187500e+02 3.516305541992187500e+02 1.229807662963867188e+02 2.260192260742187500e+02 3.971399536132812500e+02
1.007692642211914062e+02 5.252725219726562500e+02 5.999708557128906250e+01 1.519779968261718750e+02 1.412410278320312500e+02 4.514385253906250000e+03 1.628143615722656250e+02 1.729284973144531250e+02 1.865247558593750000e+03 4.035788574218750000e+02 3.398471679687500000e+02 3.320482177734375000e+02 3.643066711425781250e+02 1.278304595947265625e+02 2.345811157226562500e+02 4.145704345703125000e+02
1.074079818725585938e+02 5.452563476562500000e+02 6.748748779296875000e+01 1.686813507080078125e+02 1.397818603515625000e+02 4.615884765625000000e+03 1.675125122070312500e+02 1.818658447265625000e+02 1.894829101562500000e+03 4.122580566406250000e+02 3.549503784179687500e+02 3.335776977539062500e+02 3.741408691406250000e+02 1.312221527099609375e+02 2.396109619140625000e+02 4.275927734375000000e+02
9.898600006103515625e+01 4.699282226562500000e+02 6.784635925292968750e+01 1.530051269531250000e+02 1.283034362792968750e+02 4.313769531250000000e+03 1.507608947753906250e+02 1.554205017089843750e+02 1.739137084960937500e+03 4.027454833984375000e+02 3.075698852539062500e+02 2.893031616210937500e+02 3.908584899902343750e+02 1.134376373291015625e+02 2.474886169433593750e+02 3.911247253417968750e+02
1.059289779663085938e+02 4.819253540039062500e+02 7.681839752197265625e+01 1.699060974121093750e+02 1.350421142578125000e+02 4.448684570312500000e+03 1.553625030517578125e+02 1.621008758544921875e+02 1.790728515625000000e+03 4.251688232421875000e+02 3.201304931640625000e+02 2.995009460449218750e+02 4.230948181152343750e+02 1.162309875488281250e+02 2.593513183593750000e+02 4.048966064453125000e+02
9.721128845214843750e+01 4.421177673339843750e+02 6.861851501464843750e+01 1.472003784179687500e+02 1.265265350341796875e+02 4.276850097656250000e+03 1.423901062011718750e+02 1.486048583984375000e+02 1.720931274414062500e+03 4.099736938476562500e+02 2.895011291503906250e+02 2.891959533691406250e+02 3.974445495605468750e+02 1.083366241455078125e+02 2.528140869140625000e+02 3.846300659179687500e+02
8.937995147705078125e+01 4.065551147460937500e+02 6.032540512084960938e+01 1.290891418457031250e+02 1.159677734375000000e+02 4.091146728515625000e+03 1.349644012451171875e+02 1.352525634765625000e+02 1.640454956054687500e+03 3.956405334472656250e+02 2.637460937500000000e+02 2.747705993652343750e+02 3.788974914550781250e+02 1.014253845214843750e+02 2.411709136962890625e+02 3.624970703125000000e+02
8.138945770263671875e+01 3.889038085937500000e+02 5.496972656250000000e+01 1.203591003417968750e+02 1.102275390625000000e+02 3.984181396484375000e+03 1.307359008789062500e+02 1.272154617309570312e+02 1.593105224609375000e+03 3.861012878417968750e+02 2.477007446289062500e+02 2.655775756835937500e+02 3.659475097656250000e+02 9.662213897705078125e+01 2.351378784179687500e+02 3.509442138671875000e+02
8.111816406250000000e+01 3.908182983398437500e+02 5.271456527709960938e+01 1.209764404296875000e+02 1.082029113769531250e+02 3.984449951171875000e+03 1.282556152343750000e+02 1.240035629272460938e+02 1.594204223632812500e+03 3.875935363769531250e+02 2.471647644042968750e+02 2.694368896484375000e+02 3.622849426269531250e+02 9.477731323242187500e+01 2.332352905273437500e+02 3.491911621093750000e+02
8.030162048339843750e+01 3.988918457031250000e+02 5.359828567504882812e+01 1.255865173339843750e+02 1.078580245971679688e+02 4.032257324218750000e+03 1.296427001953125000e+02 1.276224594116210938e+02 1.615181396484375000e+03 3.942676696777343750e+02 2.493060455322265625e+02 2.752627258300781250e+02 3.673911743164062500e+02 9.603566741943359375e+01 2.314811553955078125e+02 3.533080444335937500e+02
8.149725341796875000e+01 4.088726196289062500e+02 5.363813018798828125e+01 1.297433319091796875e+02 1.081962738037109375e+02 4.053845947265625000e+03 1.320754394531250000e+02 1.282010040283203125e+02 1.622436157226562500e+03 3.947164611816406250e+02 2.527725830078125000e+02 2.762240295410156250e+02 3.719602661132812500e+02 9.764792633056640625e+01 2.284349365234375000e+02 3.574590454101562500e+02
8.347245788574218750e+01 4.263596801757812500e+02 5.506409454345703125e+01 1.389206542968750000e+02 1.130832366943359375e+02 4.146848632812500000e+03 1.346877441406250000e+02 1.355374298095703125e+02 1.667913085937500000e+03 3.987120361328125000e+02 2.622252197265625000e+02 2.869712219238281250e+02 3.801965942382812500e+02 9.837072753906250000e+01 2.230938873291015625e+02 3.609470214843750000e+02
8.488340759277343750e+01 4.376550903320312500e+02 5.731186676025390625e+01 1.469338684082031250e+02 1.160763473510742188e+02 4.215788574218750000e+03 1.357916870117187500e+02 1.393966827392578125e+02 1.699812744140625000e+03 4.021979064941406250e+02 2.680102539062500000e+02 2.948630981445312500e+02 3.862550964355468750e+02 9.971751403808593750e+01 2.222111663818359375e+02 3.640082397460937500e+02
8.620402526855468750e+01 4.527809448242187500e+02 5.975610351562500000e+01 1.560303649902343750e+02 1.171766052246093750e+02 4.285300781250000000e+03 1.368723449707031250e+02 1.415502624511718750e+02 1.730812622070312500e+03 4.069237976074218750e+02 2.737122802734375000e+02 3.033037414550781250e+02 3.920052490234375000e+02 1.020064239501953125e+02 2.224415588378906250e+02 3.690142517089843750e+02
8.922875976562500000e+01 4.664320068359375000e+02 6.221675872802734375e+01 1.627359466552734375e+02 1.177794418334960938e+02 4.362703613281250000e+03 1.397779846191406250e+02 1.459513244628906250e+02 1.765036132812500000e+03 4.082084350585937500e+02 2.805762329101562500e+02 3.126207580566406250e+02 3.991282043457031250e+02 1.037635803222656250e+02 2.258523406982421875e+02 3.767283935546875000e+02
9.062008666992187500e+01 4.852273559570312500e+02 6.425114440917968750e+01 1.677800292968750000e+02 1.217346038818359375e+02 4.434797851562500000e+03 1.457955627441406250e+02 1.514439086914062500e+02 1.797530761718750000e+03 4.106094360351562500e+02 2.896024475097656250e+02 3.183035583496093750e+02 4.097724609375000000e+02 1.059496994018554688e+02 2.308293762207031250e+02 3.839421691894531250e+02
9.312350463867187500e+01 5.232838134765625000e+02 6.111647415161132812e+01 1.689965820312500000e+02 1.219410705566406250e+02 4.505002441406250000e+03 1.539749450683593750e+02 1.624006958007812500e+02 1.830215576171875000e+03 3.986040954589843750e+02 3.054732666015625000e+02 3.292912902832031250e+02 3.888959655761718750e+02 1.115542907714843750e+02 2.212998657226562500e+02 4.030345458984375000e+02
9.717572021484375000e+01 5.268699340820312500e+02 6.248756027221679688e+01 1.656434631347656250e+02 1.240217285156250000e+02 4.535806640625000000e+03 1.553150787353515625e+02 1.628845825195312500e+02 1.847242675781250000e+03 3.950791625976562500e+02 3.023919067382812500e+02 3.329764709472656250e+02 3.942981872558593750e+02 1.113328857421875000e+02 2.219287414550781250e+02 4.067039184570312500e+02
9.833067321777343750e+01 5.218562011718750000e+02 6.186199188232421875e+01 1.592965698242187500e+02 1.254565734863281250e+02 4.519698242187500000e+03 1.545492858886718750e+02 1.602964935302734375e+02 1.846557006835937500e+03 3.922538452148437500e+02 2.979399414062500000e+02 3.340356140136718750e+02 3.996246337890625000e+02 1.086688766479492188e+02 2.192067260742187500e+02 4.028153076171875000e+02
9.456075286865234375e+01 5.197076416015625000e+02 6.300038909912109375e+01 1.541429138183593750e+02 1.281848754882812500e+02 4.508405761718750000e+03 1.529449157714843750e+02 1.578898925781250000e+02 1.847857299804687500e+03 3.871574401855468750e+02 2.937153320312500000e+02 3.332332458496093750e+02 4.035375366210937500e+02 1.103692245483398438e+02 2.193248443603515625e+02 3.967479858398437500e+02
9.621316528320312500e+01 5.159511718750000000e+02 6.591285705566406250e+01 1.502324981689453125e+02 1.297495422363281250e+02 4.511515136718750000e+03 1.515705871582031250e+02 1.572162780761718750e+02 1.856983154296875000e+03 3.804981079101562500e+02 2.879555664062500000e+02 3.373904113769531250e+02 4.090340270996093750e+02 1.145947570800781250e+02 2.258280487060546875e+02 3.909762268066406250e+02
9.814558410644531250e+01 5.178281860351562500e+02 6.766688537597656250e+01 1.487387390136718750e+02 1.318815155029296875e+02 4.517296386718750000e+03 1.503365173339843750e+02 1.585692749023437500e+02 1.865661499023437500e+03 3.696653137207031250e+02 2.873892517089843750e+02 3.414109497070312500e+02 4.099968872070312500e+02 1.182439956665039062e+02 2.346198425292968750e+02 3.890424194335937500e+02
9.725991058349609375e+01 5.104683227539062500e+02 6.730510711669921875e+01 1.444141235351562500e+02 1.347189788818359375e+02 4.486896972656250000e+03 1.514206542968750000e+02 1.535302429199218750e+02 1.856774658203125000e+03 3.620226440429687500e+02 2.850057373046875000e+02 3.401048583984375000e+02 4.116495361328125000e+02 1.187871856689453125e+02 2.442963714599609375e+02 3.862185058593750000e+02
9.893301391601562500e+01 5.094511108398437500e+02 6.730704498291015625e+01 1.436764984130859375e+02 1.376935882568359375e+02 4.493937011718750000e+03 1.522929382324218750e+02 1.510238342285156250e+02 1.864318237304687500e+03 3.639490661621093750e+02 2.846751098632812500e+02 3.444109802246093750e+02 4.139012756347656250e+02 1.225693893432617188e+02 2.522203063964843750e+02 3.871940917968750000e+02
1.001045837402343750e+02 5.092625122070312500e+02 6.636315155029296875e+01 1.461661682128906250e+02 1.390616302490234375e+02 4.478481445312500000e+03 1.531871948242187500e+02 1.476715545654296875e+02 1.858856811523437500e+03 3.634545898437500000e+02 2.874674987792968750e+02 3.446401062011718750e+02 4.171071777343750000e+02 1.241437683105468750e+02 2.605073547363281250e+02 3.907040405273437500e+02
9.986222076416015625e+01 5.050950317382812500e+02 6.520545959472656250e+01 1.446991119384765625e+02 1.399402160644531250e+02 4.443252441406250000e+03 1.525805511474609375e+02 1.438327178955078125e+02 1.844082275390625000e+03 3.600965881347656250e+02 2.849698181152343750e+02 3.413587951660156250e+02 4.165853271484375000e+02 1.228963317871093750e+02 2.601196594238281250e+02 3.927120361328125000e+02
1.026470565795898438e+02 5.052942504882812500e+02 6.610794830322265625e+01 1.444306030273437500e+02 1.436916046142578125e+02 4.443123046875000000e+03 1.543085327148437500e+02 1.438021240234375000e+02 1.849103637695312500e+03 3.546359252929687500e+02 2.854693908691406250e+02 3.433014526367187500e+02 4.189909057617187500e+02 1.281557159423828125e+02 2.649334411621093750e+02 3.913778076171875000e+02
1.039985961914062500e+02 5.127877807617187500e+02 6.651509857177734375e+01 1.478502807617187500e+02 1.538899230957031250e+02 4.485094238281250000e+03 1.574705657958984375e+02 1.414533386230468750e+02 1.871465087890625000e+03 3.597106323242187500e+02 2.920751647949218750e+02 3.464551086425781250e+02 4.239854431152343750e+02 1.328678741455078125e+02 2.612463684082031250e+02 3.989191284179687500e+02
1.017649688720703125e+02 5.166616210937500000e+02 6.473484802246093750e+01 1.494533081054687500e+02 1.573546447753906250e+02 4.476119140625000000e+03 1.564019470214843750e+02 1.376340484619140625e+02 1.868417968750000000e+03 3.632204284667968750e+02 2.897012329101562500e+02 3.461797485351562500e+02 4.187378234863281250e+02 1.314192962646484375e+02 2.645354614257812500e+02 4.026926269531250000e+02
9.865814208984375000e+01 5.113404846191406250e+02 6.128593063354492188e+01 1.537134094238281250e+02 1.574437103271484375e+02 4.424407226562500000e+03 1.540265655517578125e+02 1.381290893554687500e+02 1.841528076171875000e+03 3.634922485351562500e+02 2.887079162597656250e+02 3.378479919433593750e+02 4.119248657226562500e+02 1.328518981933593750e+02 2.655763244628906250e+02 4.009785156250000000e+02
9.506758880615234375e+01 5.096477661132812500e+02 5.955076599121093750e+01 1.569036560058593750e+02 1.574153747558593750e+02 4.388496582031250000e+03 1.539518127441406250e+02 1.351529846191406250e+02 1.820849731445312500e+03 3.645180664062500000e+02 2.895643310546875000e+02 3.323187866210937500e+02 4.090062866210937500e+02 1.357669372558593750e+02 2.615986022949218750e+02 4.031483154296875000e+02
9.305358123779296875e+01 5.248029174804687500e+02 6.268487167358398438e+01 1.677170410156250000e+02 1.665101318359375000e+02 4.478903320312500000e+03 1.551837158203125000e+02 1.394708557128906250e+02 1.863072509765625000e+03 3.731606445312500000e+02 2.965333251953125000e+02 3.438892211914062500e+02 4.101343383789062500e+02 1.355966339111328125e+02 2.654082336425781250e+02 4.098930664062500000e+02
9.647947692871093750e+01 5.317087402343750000e+02 6.484832763671875000e+01 1.714003295898437500e+02 1.740085906982421875e+02 4.563103027343750000e+03 1.567278747558593750e+02 1.416877136230468750e+02 1.902785156250000000e+03 3.888257141113281250e+02 3.051252441406250000e+02 3.546016845703125000e+02 4.088463134765625000e+02 1.335585021972656250e+02 2.672065429687500000e+02 4.184810180664062500e+02
9.510646057128906250e+01 5.435175170898437500e+02 6.397073364257812500e+01 1.704457092285156250e+02 1.752887268066406250e+02 4.579508789062500000e+03 1.549329223632812500e+02 1.406591186523437500e+02 1.906997070312500000e+03 3.952587280273437500e+02 3.113814697265625000e+02 3.550348510742187500e+02 4.017440795898437500e+02 1.283323211669921875e+02 2.656277770996093750e+02 4.248911743164062500e+02
9.714034271240234375e+01 5.480065307617187500e+02 6.469548034667968750e+01 1.701985931396484375e+02 1.799837951660156250e+02 4.614566406250000000e+03 1.551463012695312500e+02 1.406492614746093750e+02 1.923357421875000000e+03 4.028475952148437500e+02 3.188181457519531250e+02 3.591818847656250000e+02 4.021010131835937500e+02 1.224283828735351562e+02 2.631107177734375000e+02 4.288530273437500000e+02
9.829422760009765625e+01 5.531608886718750000e+02 6.451941680908203125e+01 1.743713684082031250e+02 1.826773376464843750e+02 4.630762695312500000e+03 1.545340423583984375e+02 1.411850585937500000e+02 1.931154785156250000e+03 4.021497802734375000e+02 3.197307128906250000e+02 3.595017395019531250e+02 3.999909973144531250e+02 1.190680007934570312e+02 2.571902465820312500e+02 4.317548217773437500e+02
9.927497863769531250e+01 5.502243041992187500e+02 6.448144531250000000e+01 1.706881561279296875e+02 1.853708648681640625e+02 4.631532714843750000e+03 1.552959594726562500e+02 1.415560302734375000e+02 1.933124755859375000e+03 3.994619140625000000e+02 3.166413574218750000e+02 3.592705993652343750e+02 3.986773681640625000e+02 1.169746856689453125e+02 2.493863677978515625e+02 4.345087890625000000e+02
