1.058000793457031250e+02 5.154219970703125000e+02 7.606582641601562500e+01 1.383134765625000000e+02 1.539218444824218750e+02 4.679389160156250000e+03 1.771751403808593750e+02 1.798137664794921875e+02 1.996349609375000000e+03 3.619130249023437500e+02 3.057135620117187500e+02 3.889734497070312500e+02 4.379091186523437500e+02 1.337638549804687500e+02 2.578248596191406250e+02 3.641939697265625000e+02
1.070074005126953125e+02 5.192290039062500000e+02 7.596044158935546875e+01 1.419085235595703125e+02 1.569972839355468750e+02 4.738244140625000000e+03 1.758399658203125000e+02 1.817200317382812500e+02 2.026953491210937500e+03 3.610774536132812500e+02 3.113852539062500000e+02 3.978057250976562500e+02 4.345458068847656250e+02 1.277191619873046875e+02 2.674670410156250000e+02 3.703500061035156250e+02
1.045503540039062500e+02 5.253560180664062500e+02 7.526308441162109375e+01 1.449981994628906250e+02 1.607703552246093750e+02 4.777955078125000000e+03 1.762794494628906250e+02 1.833906707763671875e+02 2.047652587890625000e+03 3.615847167968750000e+02 3.147504272460937500e+02 4.014008789062500000e+02 4.321164855957031250e+02 1.200958404541015625e+02 2.746993103027343750e+02 3.754367675781250000e+02
1.082172241210937500e+02 5.323313598632812500e+02 7.376773071289062500e+01 1.466788482666015625e+02 1.644366149902343750e+02 4.796336914062500000e+03 1.756538238525390625e+02 1.824585571289062500e+02 2.059973144531250000e+03 3.623948364257812500e+02 3.142781982421875000e+02 4.028721923828125000e+02 4.378004760742187500e+02 1.196596832275390625e+02 2.787997131347656250e+02 3.756172485351562500e+02
1.104795989990234375e+02 5.464799804687500000e+02 7.396191406250000000e+01 1.478730468750000000e+02 1.689823455810546875e+02 4.856738281250000000e+03 1.761351013183593750e+02 1.843334350585937500e+02 2.088912353515625000e+03 3.706007080078125000e+02 3.228189697265625000e+02 4.068901977539062500e+02 4.412584228515625000e+02 1.212843933105468750e+02 2.830773925781250000e+02 3.784596862792968750e+02
1.072230987548828125e+02 5.580357055664062500e+02 7.407279968261718750e+01 1.501184234619140625e+02 1.722688598632812500e+02 4.916686523437500000e+03 1.757648162841796875e+02 1.895329742431640625e+02 2.112915283203125000e+03 3.809450073242187500e+02 3.329102783203125000e+02 4.084165344238281250e+02 4.425993041992187500e+02 1.237315292358398438e+02 2.830990295410156250e+02 3.853376159667968750e+02
1.045033416748046875e+02 5.756057128906250000e+02 7.408430480957031250e+01 1.524688110351562500e+02 1.748386230468750000e+02 4.977418945312500000e+03 1.816428527832031250e+02 1.942056274414062500e+02 2.135433837890625000e+03 3.930591430664062500e+02 3.469095153808593750e+02 4.093771362304687500e+02 4.576118469238281250e+02 1.249901123046875000e+02 2.844401855468750000e+02 3.909325561523437500e+02
1.046427612304687500e+02 5.920232543945312500e+02 7.639278411865234375e+01 1.570689392089843750e+02 1.792949981689453125e+02 5.058774414062500000e+03 1.842230224609375000e+02 1.997794799804687500e+02 2.167285156250000000e+03 4.010454406738281250e+02 3.630745544433593750e+02 4.114528808593750000e+02 4.721265869140625000e+02 1.268614654541015625e+02 2.772384338378906250e+02 3.949127807617187500e+02
1.039977874755859375e+02 6.019688720703125000e+02 7.694316101074218750e+01 1.602803802490234375e+02 1.810267944335937500e+02 5.101513183593750000e+03 1.875481719970703125e+02 2.002822113037109375e+02 2.179554199218750000e+03 4.054275207519531250e+02 3.751557006835937500e+02 4.101649780273437500e+02 4.831663208007812500e+02 1.282442626953125000e+02 2.732402343750000000e+02 4.003891906738281250e+02
1.066548538208007812e+02 6.075468139648437500e+02 7.678579711914062500e+01 1.638732299804687500e+02 1.814685516357421875e+02 5.134333007812500000e+03 1.888756103515625000e+02 2.025455169677734375e+02 2.190246337890625000e+03 4.073699340820312500e+02 3.849742431640625000e+02 4.103630981445312500e+02 4.864260559082031250e+02 1.291537475585937500e+02 2.694487304687500000e+02 4.007352905273437500e+02
1.065611114501953125e+02 6.124799804687500000e+02 7.835686492919921875e+01 1.653631744384765625e+02 1.821769104003906250e+02 5.151997558593750000e+03 1.884526367187500000e+02 2.029761962890625000e+02 2.192100585937500000e+03 4.093031616210937500e+02 3.916004333496093750e+02 4.080330200195312500e+02 4.881112060546875000e+02 1.282927093505859375e+02 2.673414916992187500e+02 4.022415771484375000e+02
1.056674957275390625e+02 6.154307861328125000e+02 7.765326690673828125e+01 1.655551605224609375e+02 1.807891540527343750e+02 5.143729492187500000e+03 1.870545959472656250e+02 2.017502593994140625e+02 2.182580566406250000e+03 4.122110290527343750e+02 3.963889160156250000e+02 4.037920227050781250e+02 4.852521362304687500e+02 1.287460937500000000e+02 2.629560241699218750e+02 4.029620056152343750e+02
1.039634246826171875e+02 6.131049194335937500e+02 7.591609954833984375e+01 1.631341552734375000e+02 1.798038330078125000e+02 5.116707031250000000e+03 1.836731872558593750e+02 1.989226074218750000e+02 2.165119384765625000e+03 4.141343994140625000e+02 3.974048461914062500e+02 3.978863525390625000e+02 4.763974609375000000e+02 1.296573638916015625e+02 2.637404479980468750e+02 4.063615722656250000e+02
1.042638473510742188e+02 6.078570556640625000e+02 7.456290435791015625e+01 1.589579162597656250e+02 1.763993988037109375e+02 5.065814941406250000e+03 1.804953155517578125e+02 1.967759857177734375e+02 2.137331542968750000e+03 4.101410522460937500e+02 3.943371887207031250e+02 3.907170104980468750e+02 4.644924316406250000e+02 1.302383880615234375e+02 2.580811767578125000e+02 4.080944519042968750e+02
1.031618118286132812e+02 5.927130126953125000e+02 7.207273864746093750e+01 1.530359191894531250e+02 1.724109191894531250e+02 4.975653808593750000e+03 1.771932830810546875e+02 1.925726928710937500e+02 2.092957763671875000e+03 4.078529052734375000e+02 3.843212585449218750e+02 3.801333923339843750e+02 4.493816223144531250e+02 1.301887664794921875e+02 2.527778015136718750e+02 4.068552551269531250e+02
1.006269760131835938e+02 5.739886474609375000e+02 6.818184661865234375e+01 1.455765991210937500e+02 1.658014831542968750e+02 4.847556640625000000e+03 1.708675079345703125e+02 1.839054107666015625e+02 2.030441650390625000e+03 4.048895263671875000e+02 3.716420288085937500e+02 3.663952941894531250e+02 4.284275817871093750e+02 1.295930938720703125e+02 2.467646179199218750e+02 4.026408386230468750e+02
9.769146728515625000e+01 5.569342651367187500e+02 6.507423400878906250e+01 1.397022247314453125e+02 1.597049865722656250e+02 4.752263183593750000e+03 1.672550201416015625e+02 1.797991027832031250e+02 1.984630004882812500e+03 4.032701721191406250e+02 3.612689819335937500e+02 3.575685119628906250e+02 4.088428649902343750e+02 1.269185943603515625e+02 2.396004638671875000e+02 4.003099670410156250e+02
9.343550109863281250e+01 5.346051025390625000e+02 6.100471878051757812e+01 1.319865417480468750e+02 1.512856140136718750e+02 4.616601562500000000e+03 1.620328216552734375e+02 1.720104980468750000e+02 1.920034912109375000e+03 3.975876770019531250e+02 3.428267517089843750e+02 3.450592956542968750e+02 3.867713012695312500e+02 1.233189163208007812e+02 2.318601684570312500e+02 3.964001159667968750e+02
9.002409362792968750e+01 5.122366943359375000e+02 5.645379257202148438e+01 1.230551910400390625e+02 1.430907592773437500e+02 4.472191894531250000e+03 1.556608581542968750e+02 1.637562255859375000e+02 1.850600219726562500e+03 3.892471313476562500e+02 3.253905944824218750e+02 3.300085754394531250e+02 3.638515625000000000e+02 1.210233764648437500e+02 2.280294494628906250e+02 3.926036376953125000e+02
8.672363281250000000e+01 4.885577392578125000e+02 5.233341217041015625e+01 1.183835754394531250e+02 1.347573547363281250e+02 4.352368652343750000e+03 1.481475830078125000e+02 1.588211212158203125e+02 1.789678344726562500e+03 3.836639709472656250e+02 3.129105834960937500e+02 3.158457946777343750e+02 3.392908935546875000e+02 1.199537429809570312e+02 2.246317138671875000e+02 3.918293151855468750e+02
8.703633117675781250e+01 4.708716430664062500e+02 4.871437454223632812e+01 1.160084533691406250e+02 1.252325134277343750e+02 4.240040527343750000e+03 1.454354248046875000e+02 1.540341644287109375e+02 1.728662963867187500e+03 3.793330688476562500e+02 3.014469604492187500e+02 3.008625183105468750e+02 3.239288635253906250e+02 1.190365753173828125e+02 2.222024536132812500e+02 3.922258911132812500e+02
8.794559478759765625e+01 4.622560119628906250e+02 4.823984527587890625e+01 1.176876983642578125e+02 1.170879364013671875e+02 4.176287109375000000e+03 1.431194915771484375e+02 1.523509826660156250e+02 1.693884765625000000e+03 3.700351562500000000e+02 2.959412231445312500e+02 2.911814575195312500e+02 3.103685607910156250e+02 1.170055236816406250e+02 2.168737487792968750e+02 3.892457275390625000e+02
1.283909912109375000e+02 5.817368164062500000e+02 9.545932769775390625e+01 2.195874023437500000e+02 1.525322570800781250e+02 4.911429687500000000e+03 1.819902038574218750e+02 1.987751922607421875e+02 1.979244750976562500e+03 4.481832885742187500e+02 3.917689208984375000e+02 3.369341735839843750e+02 4.730939331054687500e+02 1.390215148925781250e+02 2.676731262207031250e+02 4.686633605957031250e+02
1.254382553100585938e+02 5.530627441406250000e+02 9.467487335205078125e+01 2.132885284423828125e+02 1.502485198974609375e+02 4.797276855468750000e+03 1.753907775878906250e+02 1.895582275390625000e+02 1.927612670898437500e+03 4.497538757324218750e+02 3.724434509277343750e+02 3.247552490234375000e+02 4.804547424316406250e+02 1.326388549804687500e+02 2.672493896484375000e+02 4.526005249023437500e+02
1.161982345581054688e+02 5.144298095703125000e+02 8.587718963623046875e+01 1.928738708496093750e+02 1.425111694335937500e+02 4.610544921875000000e+03 1.628758239746093750e+02 1.761944580078125000e+02 1.852865478515625000e+03 4.389615173339843750e+02 3.417952575683593750e+02 3.139584960937500000e+02 4.595814208984375000e+02 1.241471557617187500e+02 2.596150207519531250e+02 4.283539428710937500e+02
1.048578033447265625e+02 4.719400329589843750e+02 7.328035736083984375e+01 1.687081604003906250e+02 1.307170104980468750e+02 4.370226562500000000e+03 1.525607757568359375e+02 1.597175903320312500e+02 1.754231323242187500e+03 4.202409973144531250e+02 3.092292785644531250e+02 2.990803222656250000e+02 4.309772644042968750e+02 1.153755035400390625e+02 2.449984283447265625e+02 3.985231933593750000e+02
9.148936462402343750e+01 4.373195190429687500e+02 6.086003494262695312e+01 1.463727264404296875e+02 1.208649826049804688e+02 4.148755859375000000e+03 1.436225280761718750e+02 1.445951995849609375e+02 1.663431396484375000e+03 3.963462219238281250e+02 2.790869140625000000e+02 2.845322875976562500e+02 3.966116027832031250e+02 1.069153747558593750e+02 2.305190277099609375e+02 3.734118041992187500e+02
8.302654266357421875e+01 4.173231201171875000e+02 5.022310638427734375e+01 1.290833892822265625e+02 1.141683197021484375e+02 4.006197753906250000e+03 1.349603729248046875e+02 1.323027038574218750e+02 1.609685180664062500e+03 3.791581726074218750e+02 2.600289916992187500e+02 2.807367248535156250e+02 3.639998168945312500e+02 1.000661926269531250e+02 2.186094970703125000e+02 3.560376586914062500e+02
7.462950134277343750e+01 4.033953857421875000e+02 4.234130859375000000e+01 1.146498107910156250e+02 1.090230407714843750e+02 3.907293457031250000e+03 1.286327514648437500e+02 1.254298248291015625e+02 1.574263916015625000e+03 3.679794616699218750e+02 2.440735473632812500e+02 2.794598693847656250e+02 3.368688354492187500e+02 9.600071716308593750e+01 2.071979217529296875e+02 3.442331237792968750e+02
6.877144622802734375e+01 3.916560668945312500e+02 3.467186355590820312e+01 1.004596557617187500e+02 1.040286407470703125e+02 3.793072509765625000e+03 1.240205535888671875e+02 1.178706283569335938e+02 1.528230346679687500e+03 3.522351989746093750e+02 2.298882141113281250e+02 2.724895935058593750e+02 3.111086425781250000e+02 9.316715240478515625e+01 1.939244689941406250e+02 3.338911132812500000e+02
6.419746398925781250e+01 3.865373535156250000e+02 2.889431762695312500e+01 9.143397521972656250e+01 1.043180465698242188e+02 3.745224121093750000e+03 1.201451034545898438e+02 1.161380920410156250e+02 1.517727050781250000e+03 3.388634033203125000e+02 2.213549957275390625e+02 2.741380615234375000e+02 2.906976623535156250e+02 8.969776916503906250e+01 1.791559448242187500e+02 3.240252075195312500e+02
5.998349761962890625e+01 3.770933837890625000e+02 2.505326080322265625e+01 8.375689697265625000e+01 1.038423767089843750e+02 3.693720214843750000e+03 1.148704071044921875e+02 1.131473922729492188e+02 1.502324096679687500e+03 3.263395996093750000e+02 2.120027770996093750e+02 2.745824584960937500e+02 2.711525878906250000e+02 8.702474975585937500e+01 1.705759887695312500e+02 3.150513305664062500e+02
5.651388549804687500e+01 3.695674743652343750e+02 2.242887496948242188e+01 7.936483764648437500e+01 1.008524932861328125e+02 3.648223632812500000e+03 1.095441513061523438e+02 1.086683578491210938e+02 1.486043457031250000e+03 3.181289062500000000e+02 2.038878173828125000e+02 2.752673950195312500e+02 2.544901123046875000e+02 8.578573608398437500e+01 1.664763488769531250e+02 3.088004150390625000e+02
5.633935546875000000e+01 3.624330749511718750e+02 2.092493438720703125e+01 7.547297668457031250e+01 9.661993408203125000e+01 3.617990234375000000e+03 1.069983291625976562e+02 1.058471221923828125e+02 1.475194091796875000e+03 3.092279663085937500e+02 1.976371002197265625e+02 2.777200622558593750e+02 2.441014709472656250e+02 8.438259124755859375e+01 1.668006896972656250e+02 3.062674560546875000e+02
5.621368408203125000e+01 3.640958557128906250e+02 2.115202713012695312e+01 7.343811035156250000e+01 9.691442871093750000e+01 3.614968261718750000e+03 1.090102539062500000e+02 1.057510910034179688e+02 1.476279052734375000e+03 3.028661499023437500e+02 1.965289306640625000e+02 2.780379943847656250e+02 2.456249694824218750e+02 8.329219055175781250e+01 1.715043640136718750e+02 3.048659667968750000e+02
6.573137664794921875e+01 4.065412597656250000e+02 3.180562973022460938e+01 9.415092468261718750e+01 1.072434539794921875e+02 3.885137695312500000e+03 1.212214355468750000e+02 1.200352172851562500e+02 1.596285644531250000e+03 3.178959350585937500e+02 2.219940185546875000e+02 3.030758972167968750e+02 2.765163879394531250e+02 8.854232025146484375e+01 1.855423278808593750e+02 3.328919677734375000e+02
7.166383361816406250e+01 4.156810913085937500e+02 3.534614562988281250e+01 9.493823242187500000e+01 1.106490020751953125e+02 3.950169189453125000e+03 1.251141662597656250e+02 1.228317260742187500e+02 1.627330078125000000e+03 3.211282043457031250e+02 2.232104644775390625e+02 3.087539062500000000e+02 2.917529602050781250e+02 8.871772766113281250e+01 1.901430511474609375e+02 3.402177734375000000e+02
7.573619079589843750e+01 4.189395446777343750e+02 3.684482192993164062e+01 9.356787109375000000e+01 1.122158203125000000e+02 3.977569335937500000e+03 1.269250335693359375e+02 1.236234283447265625e+02 1.641550781250000000e+03 3.260035705566406250e+02 2.241515960693359375e+02 3.100535583496093750e+02 3.078204345703125000e+02 8.779762268066406250e+01 1.905670318603515625e+02 3.417854614257812500e+02
7.443069458007812500e+01 4.232079467773437500e+02 3.944406890869140625e+01 9.293841552734375000e+01 1.149895172119140625e+02 3.999994873046875000e+03 1.277971801757812500e+02 1.237048416137695312e+02 1.653875366210937500e+03 3.284583129882812500e+02 2.255826110839843750e+02 3.084686889648437500e+02 3.229347229003906250e+02 9.052261352539062500e+01 1.922280578613281250e+02 3.397288818359375000e+02
7.637040710449218750e+01 4.278413696289062500e+02 4.459401321411132812e+01 9.428895568847656250e+01 1.167130279541015625e+02 4.040359375000000000e+03 1.287399597167968750e+02 1.253739547729492188e+02 1.674374267578125000e+03 3.263787841796875000e+02 2.261484985351562500e+02 3.113333740234375000e+02 3.385565490722656250e+02 9.694132995605468750e+01 2.011373596191406250e+02 3.378476867675781250e+02
8.035253143310546875e+01 4.407549438476562500e+02 4.978130340576171875e+01 9.953395080566406250e+01 1.189931640625000000e+02 4.107787597656250000e+03 1.299358215332031250e+02 1.300922546386718750e+02 1.704302490234375000e+03 3.220015869140625000e+02 2.326678161621093750e+02 3.167485046386718750e+02 3.495449523925781250e+02 1.041113891601562500e+02 2.154879150390625000e+02 3.416494140625000000e+02
8.258787536621093750e+01 4.489289855957031250e+02 5.307617568969726562e+01 1.039000244140625000e+02 1.225363159179687500e+02 4.152056640625000000e+03 1.336543273925781250e+02 1.307069549560546875e+02 1.720489013671875000e+03 3.204321899414062500e+02 2.402044830322265625e+02 3.178497314453125000e+02 3.603243103027343750e+02 1.088094024658203125e+02 2.315054321289062500e+02 3.475314331054687500e+02
8.689801025390625000e+01 4.607856140136718750e+02 5.588824844360351562e+01 1.109294128417968750e+02 1.266582412719726562e+02 4.220770996093750000e+03 1.383868103027343750e+02 1.322513885498046875e+02 1.746590820312500000e+03 3.290462646484375000e+02 2.493869018554687500e+02 3.228543701171875000e+02 3.718136596679687500e+02 1.156175003051757812e+02 2.444104461669921875e+02 3.574241333007812500e+02
9.133924865722656250e+01 4.738973999023437500e+02 5.749770736694335938e+01 1.216357116699218750e+02 1.296102752685546875e+02 4.278666503906250000e+03 1.430129089355468750e+02 1.333533020019531250e+02 1.767468139648437500e+03 3.364589843750000000e+02 2.615030517578125000e+02 3.257512817382812500e+02 3.834778137207031250e+02 1.204251098632812500e+02 2.546985778808593750e+02 3.700111999511718750e+02
9.380516052246093750e+01 4.815019226074218750e+02 5.846366119384765625e+01 1.291673278808593750e+02 1.315075531005859375e+02 4.301320800781250000e+03 1.454698638916015625e+02 1.335267333984375000e+02 1.771719482421875000e+03 3.409916381835937500e+02 2.684871826171875000e+02 3.238622741699218750e+02 3.896361389160156250e+02 1.211352539062500000e+02 2.565611267089843750e+02 3.805526733398437500e+02
9.827165222167968750e+01 4.889686889648437500e+02 6.091837692260742188e+01 1.352125549316406250e+02 1.352081604003906250e+02 4.334642578125000000e+03 1.488992919921875000e+02 1.358775024414062500e+02 1.785245605468750000e+03 3.419312133789062500e+02 2.748903808593750000e+02 3.253468627929687500e+02 3.953517150878906250e+02 1.268314666748046875e+02 2.614149169921875000e+02 3.856997070312500000e+02
1.019426574707031250e+02 5.013909912109375000e+02 6.293745803833007812e+01 1.429307556152343750e+02 1.455290222167968750e+02 4.402152343750000000e+03 1.536759643554687500e+02 1.361459960937500000e+02 1.815080444335937500e+03 3.496958007812500000e+02 2.852450256347656250e+02 3.290791320800781250e+02 4.036458740234375000e+02 1.332165069580078125e+02 2.587459106445312500e+02 3.963386230468750000e+02
1.012751770019531250e+02 5.101334228515625000e+02 6.234412765502929688e+01 1.474026031494140625e+02 1.519006042480468750e+02 4.421687988281250000e+03 1.547760314941406250e+02 1.338899841308593750e+02 1.823798339843750000e+03 3.550431518554687500e+02 2.868941955566406250e+02 3.293847351074218750e+02 4.028715820312500000e+02 1.326492614746093750e+02 2.604157104492187500e+02 4.033240966796875000e+02
9.792704772949218750e+01 5.076217651367187500e+02 5.899147033691406250e+01 1.519812622070312500e+02 1.533222961425781250e+02 4.378044433593750000e+03 1.531411743164062500e+02 1.341214904785156250e+02 1.800381347656250000e+03 3.570726013183593750e+02 2.857412719726562500e+02 3.205433654785156250e+02 3.964540100097656250e+02 1.320973663330078125e+02 2.602533569335937500e+02 4.028474426269531250e+02
9.348353576660156250e+01 5.032720336914062500e+02 5.612429809570312500e+01 1.545592346191406250e+02 1.523269958496093750e+02 4.321969238281250000e+03 1.521054840087890625e+02 1.318150482177734375e+02 1.769230224609375000e+03 3.593971557617187500e+02 2.844303588867187500e+02 3.110611572265625000e+02 3.925794067382812500e+02 1.332503051757812500e+02 2.541542053222656250e+02 4.030913696289062500e+02
9.015623474121093750e+01 5.134978027343750000e+02 5.797171020507812500e+01 1.632465972900390625e+02 1.597931060791015625e+02 4.388938964843750000e+03 1.522851409912109375e+02 1.347296752929687500e+02 1.801206176757812500e+03 3.670179443359375000e+02 2.886441650390625000e+02 3.198514709472656250e+02 3.944216308593750000e+02 1.323248291015625000e+02 2.539565277099609375e+02 4.073037414550781250e+02
9.178807067871093750e+01 5.220339355468750000e+02 6.107154083251953125e+01 1.679653015136718750e+02 1.694696350097656250e+02 4.495568847656250000e+03 1.533482971191406250e+02 1.376836242675781250e+02 1.852550415039062500e+03 3.854805603027343750e+02 2.970104675292968750e+02 3.338833007812500000e+02 3.957906188964843750e+02 1.300667877197265625e+02 2.551964416503906250e+02 4.145033569335937500e+02
9.141458129882812500e+01 5.362185058593750000e+02 6.250782775878906250e+01 1.678420715332031250e+02 1.744834594726562500e+02 4.559541015625000000e+03 1.521163635253906250e+02 1.380043334960937500e+02 1.881125000000000000e+03 3.988561401367187500e+02 3.053806457519531250e+02 3.409761352539062500e+02 3.925294494628906250e+02 1.253358993530273438e+02 2.562301940917968750e+02 4.219136962890625000e+02
9.434262084960937500e+01 5.484448242187500000e+02 6.524118041992187500e+01 1.682756042480468750e+02 1.806716156005859375e+02 4.644819824218750000e+03 1.522178955078125000e+02 1.389548492431640625e+02 1.921337402343750000e+03 4.094550170898437500e+02 3.169429626464843750e+02 3.505489807128906250e+02 3.966358032226562500e+02 1.196147155761718750e+02 2.592255859375000000e+02 4.297663879394531250e+02
9.820399475097656250e+01 5.625894165039062500e+02 6.775308990478515625e+01 1.751315002441406250e+02 1.858498077392578125e+02 4.720682128906250000e+03 1.531060791015625000e+02 1.411456298828125000e+02 1.954255615234375000e+03 4.139775390625000000e+02 3.251971740722656250e+02 3.561195373535156250e+02 4.040019226074218750e+02 1.161491012573242188e+02 2.597564697265625000e+02 4.387902221679687500e+02
1.029334869384765625e+02 5.723850097656250000e+02 7.097660064697265625e+01 1.788061370849609375e+02 1.907174530029296875e+02 4.795457031250000000e+03 1.567391662597656250e+02 1.445653991699218750e+02 1.986113769531250000e+03 4.175715637207031250e+02 3.302736511230468750e+02 3.609033203125000000e+02 4.163853149414062500e+02 1.157278900146484375e+02 2.568641967773437500e+02 4.503856201171875000e+02
1.048076248168945312e+02 5.759956665039062500e+02 7.226908111572265625e+01 1.806729125976562500e+02 1.931524963378906250e+02 4.836658203125000000e+03 1.638555603027343750e+02 1.451728210449218750e+02 2.007609130859375000e+03 4.218823852539062500e+02 3.299821166992187500e+02 3.659949951171875000e+02 4.297135925292968750e+02 1.185806274414062500e+02 2.525985870361328125e+02 4.496914062500000000e+02
1.102589874267578125e+02 5.667867431640625000e+02 7.239109039306640625e+01 1.814566955566406250e+02 1.932352905273437500e+02 4.817451660156250000e+03 1.644618072509765625e+02 1.448567504882812500e+02 1.998981933593750000e+03 4.175004882812500000e+02 3.258721313476562500e+02 3.617243652343750000e+02 4.375290832519531250e+02 1.197615585327148438e+02 2.458239898681640625e+02 4.459154968261718750e+02
1.124425582885742188e+02 5.658696899414062500e+02 7.166964721679687500e+01 1.835214385986328125e+02 1.923048095703125000e+02 4.815809082031250000e+03 1.637946472167968750e+02 1.440774078369140625e+02 1.994638916015625000e+03 4.207628479003906250e+02 3.240199584960937500e+02 3.594058837890625000e+02 4.454963684082031250e+02 1.181738433837890625e+02 2.411610870361328125e+02 4.519637145996093750e+02
1.169678115844726562e+02 5.589667968750000000e+02 7.154537200927734375e+01 1.852031555175781250e+02 1.893129425048828125e+02 4.791825683593750000e+03 1.639746398925781250e+02 1.441536560058593750e+02 1.979397338867187500e+03 4.159511718750000000e+02 3.231988525390625000e+02 3.553961181640625000e+02 4.518473205566406250e+02 1.206256713867187500e+02 2.363995361328125000e+02 4.532672424316406250e+02
1.229092941284179688e+02 5.591533813476562500e+02 7.375333404541015625e+01 1.878010253906250000e+02 1.892750701904296875e+02 4.805968750000000000e+03 1.658690795898437500e+02 1.456701354980468750e+02 1.977754150390625000e+03 4.173876342773437500e+02 3.281274719238281250e+02 3.516935729980468750e+02 4.590313415527343750e+02 1.242362213134765625e+02 2.322105102539062500e+02 4.602584533691406250e+02
1.232737731933593750e+02 5.657864379882812500e+02 7.652291870117187500e+01 1.927785034179687500e+02 1.901290130615234375e+02 4.859582031250000000e+03 1.666653137207031250e+02 1.468042602539062500e+02 1.996742919921875000e+03 4.228143615722656250e+02 3.384762573242187500e+02 3.537027282714843750e+02 4.615623779296875000e+02 1.267389526367187500e+02 2.321816406250000000e+02 4.684894409179687500e+02
