1.270241470336914062e+02 5.619729003906250000e+02 8.685761260986328125e+01 1.794124145507812500e+02 1.525702209472656250e+02 4.997789550781250000e+03 1.871527099609375000e+02 2.001795501708984375e+02 2.118961914062500000e+03 3.959478759765625000e+02 3.434548034667968750e+02 3.927081909179687500e+02 4.888839111328125000e+02 1.386051483154296875e+02 2.861593322753906250e+02 3.986313476562500000e+02
1.174179534912109375e+02 5.702593383789062500e+02 8.613813018798828125e+01 1.796058654785156250e+02 1.560151062011718750e+02 5.061581542968750000e+03 1.875841979980468750e+02 1.992630920410156250e+02 2.148509277343750000e+03 3.921555480957031250e+02 3.530010986328125000e+02 3.995550537109375000e+02 4.855108337402343750e+02 1.276637725830078125e+02 2.935812988281250000e+02 4.076825866699218750e+02
1.097945480346679688e+02 5.723702392578125000e+02 8.256352233886718750e+01 1.774636383056640625e+02 1.587735137939453125e+02 5.035416503906250000e+03 1.886145172119140625e+02 1.988404846191406250e+02 2.143458984375000000e+03 3.909034118652343750e+02 3.479066162109375000e+02 3.942984619140625000e+02 4.744975891113281250e+02 1.168764038085937500e+02 2.916324462890625000e+02 4.061191711425781250e+02
1.216687545776367188e+02 5.722907104492187500e+02 7.647282409667968750e+01 1.705889892578125000e+02 1.612010040283203125e+02 4.960885253906250000e+03 1.824719085693359375e+02 1.894980316162109375e+02 2.125156250000000000e+03 3.860967102050781250e+02 3.358358154296875000e+02 3.903123168945312500e+02 4.787344055175781250e+02 1.277125930786132812e+02 2.892508544921875000e+02 3.924276428222656250e+02
1.155972900390625000e+02 5.798643798828125000e+02 7.484311676025390625e+01 1.625453796386718750e+02 1.636705932617187500e+02 4.989525878906250000e+03 1.818007812500000000e+02 1.892560119628906250e+02 2.143596679687500000e+03 3.981274108886718750e+02 3.473591613769531250e+02 3.944421997070312500e+02 4.629292297363281250e+02 1.286163482666015625e+02 2.894766540527343750e+02 3.904019775390625000e+02
1.014811859130859375e+02 5.664535522460937500e+02 7.096224975585937500e+01 1.577347869873046875e+02 1.627151031494140625e+02 4.954333984375000000e+03 1.743243865966796875e+02 1.930149841308593750e+02 2.127312011718750000e+03 3.994280700683593750e+02 3.460031127929687500e+02 3.884167175292968750e+02 4.433822326660156250e+02 1.268246002197265625e+02 2.769707336425781250e+02 3.939427490234375000e+02
9.686326599121093750e+01 5.774129028320312500e+02 6.617349243164062500e+01 1.497331390380859375e+02 1.636178283691406250e+02 4.932660644531250000e+03 1.853352050781250000e+02 1.901327056884765625e+02 2.126911376953125000e+03 4.027051696777343750e+02 3.516555786132812500e+02 3.884974975585937500e+02 4.618619689941406250e+02 1.244553604125976562e+02 2.777062072753906250e+02 3.861153564453125000e+02
9.630303955078125000e+01 5.671339721679687500e+02 6.563829040527343750e+01 1.442057189941406250e+02 1.701389770507812500e+02 4.935472656250000000e+03 1.742997589111328125e+02 1.880671844482421875e+02 2.138630615234375000e+03 3.896377563476562500e+02 3.536941833496093750e+02 3.891283569335937500e+02 4.536696166992187500e+02 1.214457855224609375e+02 2.535705566406250000e+02 3.752208862304687500e+02
8.881577301025390625e+01 5.411549072265625000e+02 5.809993362426757812e+01 1.298647460937500000e+02 1.641932678222656250e+02 4.800142578125000000e+03 1.726044006347656250e+02 1.713662414550781250e+02 2.084026123046875000e+03 3.726636352539062500e+02 3.373498535156250000e+02 3.791410827636718750e+02 4.424812927246093750e+02 1.170533370971679688e+02 2.460849761962890625e+02 3.661303405761718750e+02
8.884104919433593750e+01 5.125654907226562500e+02 5.092884826660156250e+01 1.200339050292968750e+02 1.619856262207031250e+02 4.710678710937500000e+03 1.610646362304687500e+02 1.679234313964843750e+02 2.063367675781250000e+03 3.545475463867187500e+02 3.240267944335937500e+02 3.797699279785156250e+02 4.078601684570312500e+02 1.121856384277343750e+02 2.347050170898437500e+02 3.478023681640625000e+02
8.181889343261718750e+01 4.989042968750000000e+02 4.778277587890625000e+01 1.118583374023437500e+02 1.603227233886718750e+02 4.589367187500000000e+03 1.544802093505859375e+02 1.593424072265625000e+02 2.014216674804687500e+03 3.497702331542968750e+02 3.115447692871093750e+02 3.697095642089843750e+02 3.884642639160156250e+02 1.060968246459960938e+02 2.270081329345703125e+02 3.434221801757812500e+02
7.905772399902343750e+01 4.977654113769531250e+02 4.418956756591796875e+01 1.141444854736328125e+02 1.523952941894531250e+02 4.499860839843750000e+03 1.536144256591796875e+02 1.563220062255859375e+02 1.961546508789062500e+03 3.547298278808593750e+02 3.153407287597656250e+02 3.571119384765625000e+02 3.736810302734375000e+02 1.093593597412109375e+02 2.177525024414062500e+02 3.439493408203125000e+02
8.345315551757812500e+01 5.079104003906250000e+02 4.647529602050781250e+01 1.195967712402343750e+02 1.529542541503906250e+02 4.552325195312500000e+03 1.535325317382812500e+02 1.590004882812500000e+02 1.963878051757812500e+03 3.680961914062500000e+02 3.230429382324218750e+02 3.526351318359375000e+02 3.731013793945312500e+02 1.133515090942382812e+02 2.318857421875000000e+02 3.611210327148437500e+02
9.620971679687500000e+01 5.259308471679687500e+02 5.334198760986328125e+01 1.284282836914062500e+02 1.489843444824218750e+02 4.642055664062500000e+03 1.575765991210937500e+02 1.683981018066406250e+02 1.981654541015625000e+03 3.712389526367187500e+02 3.338744812011718750e+02 3.518320617675781250e+02 3.889067382812500000e+02 1.189100799560546875e+02 2.295349121093750000e+02 3.752251281738281250e+02
9.587864685058593750e+01 5.332814331054687500e+02 5.870601272583007812e+01 1.376612548828125000e+02 1.495739898681640625e+02 4.708634765625000000e+03 1.649727783203125000e+02 1.735487976074218750e+02 1.989843139648437500e+03 3.911517028808593750e+02 3.416392517089843750e+02 3.476897583007812500e+02 4.048459777832031250e+02 1.219650268554687500e+02 2.378199005126953125e+02 3.894905700683593750e+02
9.858648681640625000e+01 5.455488891601562500e+02 6.188520050048828125e+01 1.459200134277343750e+02 1.450995483398437500e+02 4.720000976562500000e+03 1.644413452148437500e+02 1.717691802978515625e+02 1.974714599609375000e+03 4.076284790039062500e+02 3.490891113281250000e+02 3.412181396484375000e+02 4.101403503417968750e+02 1.260472106933593750e+02 2.418478546142578125e+02 3.986948242187500000e+02
1.080543365478515625e+02 5.686950683593750000e+02 6.912747192382812500e+01 1.614638671875000000e+02 1.470178527832031250e+02 4.863410644531250000e+03 1.743466186523437500e+02 1.867129821777343750e+02 2.024287231445312500e+03 4.284240417480468750e+02 3.675461120605468750e+02 3.520724487304687500e+02 4.296516723632812500e+02 1.325484161376953125e+02 2.457109069824218750e+02 4.170664978027343750e+02
1.085277328491210938e+02 5.826239013671875000e+02 7.529702758789062500e+01 1.734526062011718750e+02 1.435303039550781250e+02 4.899625000000000000e+03 1.791878509521484375e+02 1.897473754882812500e+02 2.018906005859375000e+03 4.466113586425781250e+02 3.727103881835937500e+02 3.489965515136718750e+02 4.377724609375000000e+02 1.351544952392578125e+02 2.509721221923828125e+02 4.369617309570312500e+02
1.133452072143554688e+02 5.977001953125000000e+02 8.100699615478515625e+01 1.849970703125000000e+02 1.466437683105468750e+02 4.970740234375000000e+03 1.808301544189453125e+02 1.975226898193359375e+02 2.032131958007812500e+03 4.598328247070312500e+02 3.866523437500000000e+02 3.479209594726562500e+02 4.515167236328125000e+02 1.431897583007812500e+02 2.647685241699218750e+02 4.600848693847656250e+02
1.172029037475585938e+02 6.016990356445312500e+02 8.427159118652343750e+01 2.012878875732421875e+02 1.475884094238281250e+02 5.036244140625000000e+03 1.822118530273437500e+02 2.064078369140625000e+02 2.046367797851562500e+03 4.766162719726562500e+02 4.030928039550781250e+02 3.498073730468750000e+02 4.553587646484375000e+02 1.494901428222656250e+02 2.736032409667968750e+02 4.778883056640625000e+02
1.287731781005859375e+02 6.057687377929687500e+02 8.624105834960937500e+01 2.126948547363281250e+02 1.435321044921875000e+02 5.015073730468750000e+03 1.885089721679687500e+02 2.073602142333984375e+02 2.020708740234375000e+03 4.822919311523437500e+02 4.041615905761718750e+02 3.424606933593750000e+02 4.618187866210937500e+02 1.519481506347656250e+02 2.733269653320312500e+02 4.893117980957031250e+02
1.329593658447265625e+02 6.226928710937500000e+02 9.345191192626953125e+01 2.288292388916015625e+02 1.419763183593750000e+02 5.065091796875000000e+03 1.918996734619140625e+02 2.133219909667968750e+02 2.038505126953125000e+03 4.725446777343750000e+02 4.157486267089843750e+02 3.457801818847656250e+02 4.612039794921875000e+02 1.508277130126953125e+02 2.709258422851562500e+02 4.899870300292968750e+02
1.345395202636718750e+02 5.738507080078125000e+02 1.071935272216796875e+02 2.410755462646484375e+02 1.424411926269531250e+02 4.937093750000000000e+03 1.828508300781250000e+02 1.968704223632812500e+02 1.965038574218750000e+03 4.593955078125000000e+02 3.908273315429687500e+02 3.217261047363281250e+02 5.049718322753906250e+02 1.354830017089843750e+02 2.808625488281250000e+02 4.652795104980468750e+02
1.130166778564453125e+02 4.900968017578125000e+02 8.620796966552734375e+01 1.910477600097656250e+02 1.240002136230468750e+02 4.538167968750000000e+03 1.590243377685546875e+02 1.671221923828125000e+02 1.812800659179687500e+03 4.462200317382812500e+02 3.271430969238281250e+02 2.970148925781250000e+02 4.548949890136718750e+02 1.173158111572265625e+02 2.608582763671875000e+02 4.121538696289062500e+02
8.719624328613281250e+01 4.129968872070312500e+02 6.096744537353515625e+01 1.325576171875000000e+02 1.107673645019531250e+02 4.141198242187500000e+03 1.301957550048828125e+02 1.382619171142578125e+02 1.671436157226562500e+03 4.014454345703125000e+02 2.631525878906250000e+02 2.847963867187500000e+02 3.781196289062500000e+02 1.020463638305664062e+02 2.357202453613281250e+02 3.605045471191406250e+02
7.293588256835937500e+01 3.589839172363281250e+02 4.335585021972656250e+01 9.877078247070312500e+01 9.634579467773437500e+01 3.800387939453125000e+03 1.225817642211914062e+02 1.145544204711914062e+02 1.530066040039062500e+03 3.658266601562500000e+02 2.230620727539062500e+02 2.608269348144531250e+02 3.401079406738281250e+02 9.143986511230468750e+01 2.125008697509765625e+02 3.213480224609375000e+02
6.234629058837890625e+01 3.542923583984375000e+02 3.763756179809570312e+01 8.929136657714843750e+01 9.519154357910156250e+01 3.707524414062500000e+03 1.203501434326171875e+02 1.088780212402343750e+02 1.494291992187500000e+03 3.389421081542968750e+02 2.068614959716796875e+02 2.542934417724609375e+02 3.191580810546875000e+02 8.648995971679687500e+01 2.001016082763671875e+02 3.132460937500000000e+02
6.635328674316406250e+01 3.844993896484375000e+02 3.727582550048828125e+01 9.747743225097656250e+01 1.009064788818359375e+02 3.860727050781250000e+03 1.194768753051757812e+02 1.093612594604492188e+02 1.568368286132812500e+03 3.562087402343750000e+02 2.269535675048828125e+02 2.783285522460937500e+02 3.201023864746093750e+02 8.669351959228515625e+01 2.045585021972656250e+02 3.266948242187500000e+02
6.423900604248046875e+01 4.086654663085937500e+02 4.191417694091796875e+01 1.049066772460937500e+02 1.027876434326171875e+02 3.990379394531250000e+03 1.231367187500000000e+02 1.212800216674804688e+02 1.622660156250000000e+03 3.739074096679687500e+02 2.343652954101562500e+02 2.884268798828125000e+02 3.309970092773437500e+02 9.403317260742187500e+01 2.026430358886718750e+02 3.417580566406250000e+02
7.210609436035156250e+01 4.277999267578125000e+02 4.241213989257812500e+01 1.080150146484375000e+02 1.051606292724609375e+02 4.038828369140625000e+03 1.312736816406250000e+02 1.242125473022460938e+02 1.640221923828125000e+03 3.662833251953125000e+02 2.434209899902343750e+02 2.875346679687500000e+02 3.401644287109375000e+02 9.978990173339843750e+01 1.938553771972656250e+02 3.528960571289062500e+02
7.238056945800781250e+01 4.570250244140625000e+02 4.614920043945312500e+01 1.229076690673828125e+02 1.165704727172851562e+02 4.228840332031250000e+03 1.331906890869140625e+02 1.414930572509765625e+02 1.734093627929687500e+03 3.714203186035156250e+02 2.594010314941406250e+02 3.084787902832031250e+02 3.488952941894531250e+02 9.751959228515625000e+01 1.820299377441406250e+02 3.581955871582031250e+02
7.335038757324218750e+01 4.518453979492187500e+02 5.042296600341796875e+01 1.279553756713867188e+02 1.183892669677734375e+02 4.267925292968750000e+03 1.275421295166015625e+02 1.419978637695312500e+02 1.745980468750000000e+03 3.708215637207031250e+02 2.603823242187500000e+02 3.104233398437500000e+02 3.503985595703125000e+02 1.011276779174804688e+02 1.925479431152343750e+02 3.624968261718750000e+02
7.419029235839843750e+01 4.583466491699218750e+02 5.254358673095703125e+01 1.406943664550781250e+02 1.139108047485351562e+02 4.303409179687500000e+03 1.249863967895507812e+02 1.385315551757812500e+02 1.756364624023437500e+03 3.801098632812500000e+02 2.641494750976562500e+02 3.157744445800781250e+02 3.509865112304687500e+02 1.052086105346679688e+02 1.996260833740234375e+02 3.679062805175781250e+02
8.588703918457031250e+01 4.574895019531250000e+02 5.468837738037109375e+01 1.415161437988281250e+02 1.088058013916015625e+02 4.315240234375000000e+03 1.317960357666015625e+02 1.402988739013671875e+02 1.756636352539062500e+03 3.701481628417968750e+02 2.631781616210937500e+02 3.186315612792968750e+02 3.606525573730468750e+02 1.037495193481445312e+02 2.093175048828125000e+02 3.757879333496093750e+02
8.466007232666015625e+01 4.830787658691406250e+02 5.921495056152343750e+01 1.453389282226562500e+02 1.169292602539062500e+02 4.366473632812500000e+03 1.452978820800781250e+02 1.474160461425781250e+02 1.781702392578125000e+03 3.642966918945312500e+02 2.760896301269531250e+02 3.155077514648437500e+02 3.849960021972656250e+02 1.026043624877929688e+02 2.226396179199218750e+02 3.738403625488281250e+02
9.432099151611328125e+01 5.128608398437500000e+02 6.463330841064453125e+01 1.541683044433593750e+02 1.189435424804687500e+02 4.513194824218750000e+03 1.551056060791015625e+02 1.565979309082031250e+02 1.831561279296875000e+03 3.783623962402343750e+02 2.883555908203125000e+02 3.256980285644531250e+02 3.999808959960937500e+02 1.026951370239257812e+02 2.293111724853515625e+02 4.024798889160156250e+02
1.042240219116210938e+02 5.116037902832031250e+02 6.421946716308593750e+01 1.475886840820312500e+02 1.164940109252929688e+02 4.488114746093750000e+03 1.554735412597656250e+02 1.571730041503906250e+02 1.818627075195312500e+03 3.859271850585937500e+02 2.797763366699218750e+02 3.208040771484375000e+02 4.071512756347656250e+02 1.035278472900390625e+02 2.256358642578125000e+02 4.031515502929687500e+02
1.028816680908203125e+02 5.012821044921875000e+02 6.015877914428710938e+01 1.387549133300781250e+02 1.164934692382812500e+02 4.450381347656250000e+03 1.514688262939453125e+02 1.530812225341796875e+02 1.811580566406250000e+03 3.889604492187500000e+02 2.794825439453125000e+02 3.209850158691406250e+02 4.157594604492187500e+02 1.008496398925781250e+02 2.171218872070312500e+02 3.921483154296875000e+02
8.865777587890625000e+01 4.958194580078125000e+02 6.203478240966796875e+01 1.337896118164062500e+02 1.196856460571289062e+02 4.389472167968750000e+03 1.498941802978515625e+02 1.468266906738281250e+02 1.790477416992187500e+03 3.770795898437500000e+02 2.747187805175781250e+02 3.111596984863281250e+02 4.185722045898437500e+02 1.099527893066406250e+02 2.168231201171875000e+02 3.753522949218750000e+02
9.465420532226562500e+01 4.953571472167968750e+02 6.938600158691406250e+01 1.343627777099609375e+02 1.199048767089843750e+02 4.425461425781250000e+03 1.483124389648437500e+02 1.497923889160156250e+02 1.814975585937500000e+03 3.581260375976562500e+02 2.674765930175781250e+02 3.217422180175781250e+02 4.217085266113281250e+02 1.217989654541015625e+02 2.347028503417968750e+02 3.701069335937500000e+02
1.015182189941406250e+02 5.212733154296875000e+02 7.141560363769531250e+01 1.440396575927734375e+02 1.234521560668945312e+02 4.520533203125000000e+03 1.473205871582031250e+02 1.577481842041015625e+02 1.858070800781250000e+03 3.513351745605468750e+02 2.863908996582031250e+02 3.326747131347656250e+02 4.167086181640625000e+02 1.279882659912109375e+02 2.552019042968750000e+02 3.820532226562500000e+02
9.625201416015625000e+01 5.093201904296875000e+02 6.921129608154296875e+01 1.410789184570312500e+02 1.274098968505859375e+02 4.470046875000000000e+03 1.543271789550781250e+02 1.490839691162109375e+02 1.833479248046875000e+03 3.520013427734375000e+02 2.877159423828125000e+02 3.237558898925781250e+02 4.206478271484375000e+02 1.267420654296875000e+02 2.667973327636718750e+02 3.857192687988281250e+02
1.044747390747070312e+02 5.214002075195312500e+02 6.867768096923828125e+01 1.489287261962890625e+02 1.307825622558593750e+02 4.531948242187500000e+03 1.598952941894531250e+02 1.499807739257812500e+02 1.861473999023437500e+03 3.686330871582031250e+02 2.960305175781250000e+02 3.326875305175781250e+02 4.272513122558593750e+02 1.354832611083984375e+02 2.688432312011718750e+02 3.974266052246093750e+02
1.061716232299804688e+02 5.338172607421875000e+02 6.762429046630859375e+01 1.658910980224609375e+02 1.316044921875000000e+02 4.561809570312500000e+03 1.619817047119140625e+02 1.519793701171875000e+02 1.875058105468750000e+03 3.723583374023437500e+02 3.119039916992187500e+02 3.327681579589843750e+02 4.346568908691406250e+02 1.334120941162109375e+02 2.725002746582031250e+02 4.095997009277343750e+02
1.045586013793945312e+02 5.236397705078125000e+02 6.712590789794921875e+01 1.643418273925781250e+02 1.302962646484375000e+02 4.493715820312500000e+03 1.583840026855468750e+02 1.484171447753906250e+02 1.841238159179687500e+03 3.694224548339843750e+02 3.056170654296875000e+02 3.218374023437500000e+02 4.292787780761718750e+02 1.277522125244140625e+02 2.648298034667968750e+02 4.134940490722656250e+02
1.124273834228515625e+02 5.324549560546875000e+02 7.147257232666015625e+01 1.692856445312500000e+02 1.352082366943359375e+02 4.542534667968750000e+03 1.638264160156250000e+02 1.542690582275390625e+02 1.870220825195312500e+03 3.677293395996093750e+02 3.116445312500000000e+02 3.296039123535156250e+02 4.349577026367187500e+02 1.418016204833984375e+02 2.755621948242187500e+02 4.093314208984375000e+02
1.166448364257812500e+02 5.532846679687500000e+02 7.284643554687500000e+01 1.790717163085937500e+02 1.531238555908203125e+02 4.661926269531250000e+03 1.730823974609375000e+02 1.525831298828125000e+02 1.924013427734375000e+03 3.864251708984375000e+02 3.284387817382812500e+02 3.361393432617187500e+02 4.496611328125000000e+02 1.472077636718750000e+02 2.626700744628906250e+02 4.300742797851562500e+02
1.080464019775390625e+02 5.618529663085937500e+02 6.933864593505859375e+01 1.796038818359375000e+02 1.520694580078125000e+02 4.623411132812500000e+03 1.701440887451171875e+02 1.491048583984375000e+02 1.907807373046875000e+03 3.891367492675781250e+02 3.193664550781250000e+02 3.311964111328125000e+02 4.393077392578125000e+02 1.362191162109375000e+02 2.746496276855468750e+02 4.299253234863281250e+02
1.031532135009765625e+02 5.440837402343750000e+02 6.308819198608398438e+01 1.862440948486328125e+02 1.457252349853515625e+02 4.514331054687500000e+03 1.649831237792968750e+02 1.552784118652343750e+02 1.851274658203125000e+03 3.875275268554687500e+02 3.158288269042968750e+02 3.137803649902343750e+02 4.283710632324218750e+02 1.369141540527343750e+02 2.716076049804687500e+02 4.227791748046875000e+02
9.975585937500000000e+01 5.418701782226562500e+02 6.220580673217773438e+01 1.874602203369140625e+02 1.424230346679687500e+02 4.467438964843750000e+03 1.661605377197265625e+02 1.496021881103515625e+02 1.825555419921875000e+03 3.945193786621093750e+02 3.167304382324218750e+02 3.084960021972656250e+02 4.337447814941406250e+02 1.427382202148437500e+02 2.585423583984375000e+02 4.265596923828125000e+02
9.813064575195312500e+01 5.805131835937500000e+02 7.248017883300781250e+01 2.085673370361328125e+02 1.626188964843750000e+02 4.752521972656250000e+03 1.685684661865234375e+02 1.629911499023437500e+02 1.964682617187500000e+03 4.140290527343750000e+02 3.342315979003906250e+02 3.459476318359375000e+02 4.485756835937500000e+02 1.387430572509765625e+02 2.695914306640625000e+02 4.379827270507812500e+02
1.065742263793945312e+02 5.844132080078125000e+02 7.794820404052734375e+01 2.055858459472656250e+02 1.727691955566406250e+02 4.907743652343750000e+03 1.716550292968750000e+02 1.646893310546875000e+02 2.035327880859375000e+03 4.461813354492187500e+02 3.485620117187500000e+02 3.621647644042968750e+02 4.511940612792968750e+02 1.365887908935546875e+02 2.751627502441406250e+02 4.486199340820312500e+02
1.041418762207031250e+02 6.063950805664062500e+02 7.651577758789062500e+01 1.971860046386718750e+02 1.683744049072265625e+02 4.901087890625000000e+03 1.657106628417968750e+02 1.605711364746093750e+02 2.026874023437500000e+03 4.456169128417968750e+02 3.536870117187500000e+02 3.585876464843750000e+02 4.387591247558593750e+02 1.285333099365234375e+02 2.780469360351562500e+02 4.560110473632812500e+02
1.125881500244140625e+02 6.126290893554687500e+02 7.952751922607421875e+01 1.977804412841796875e+02 1.759541015625000000e+02 5.002207519531250000e+03 1.676171264648437500e+02 1.623699188232421875e+02 2.076622070312500000e+03 4.510929870605468750e+02 3.702413940429687500e+02 3.703127746582031250e+02 4.494310607910156250e+02 1.205334014892578125e+02 2.828402099609375000e+02 4.636690368652343750e+02
1.137798156738281250e+02 6.160021972656250000e+02 7.852534484863281250e+01 2.088818359375000000e+02 1.779412231445312500e+02 4.998119140625000000e+03 1.689002685546875000e+02 1.622779083251953125e+02 2.070320556640625000e+03 4.406719970703125000e+02 3.637559509277343750e+02 3.634378662109375000e+02 4.530060729980468750e+02 1.192195053100585938e+02 2.745108642578125000e+02 4.680274353027343750e+02
