1.080299911499023438e+02 4.110699768066406250e+02 6.756392669677734375e+01 8.826019287109375000e+01 1.682852783203125000e+02 3.104704101562500000e+03 1.460192565917968750e+02 1.476143798828125000e+02 1.657087768554687500e+03 3.040594482421875000e+02 2.346272277832031250e+02 4.135254821777343750e+02 5.781878051757812500e+02 1.143148422241210938e+02 2.778359985351562500e+02 3.127985229492187500e+02
9.415354919433593750e+01 4.208873901367187500e+02 6.550547790527343750e+01 8.892095947265625000e+01 1.703202514648437500e+02 3.055297851562500000e+03 1.455835876464843750e+02 1.464525451660156250e+02 1.591871948242187500e+03 2.955250244140625000e+02 2.452585754394531250e+02 4.171987915039062500e+02 5.612952270507812500e+02 1.035785293579101562e+02 2.837160644531250000e+02 3.236004028320312500e+02
8.452926635742187500e+01 4.266986694335937500e+02 6.009997558593750000e+01 8.937617492675781250e+01 1.721955413818359375e+02 3.033344238281250000e+03 1.472667541503906250e+02 1.474990234375000000e+02 1.721704345703125000e+03 2.977330932617187500e+02 2.420942687988281250e+02 4.126219482421875000e+02 5.260457153320312500e+02 9.581034088134765625e+01 2.749334411621093750e+02 3.225389404296875000e+02
1.083656158447265625e+02 4.340960693359375000e+02 5.223008728027343750e+01 8.789794921875000000e+01 1.740365905761718750e+02 2.991922851562500000e+03 1.425435180664062500e+02 1.398395690917968750e+02 1.668912231445312500e+03 3.033751525878906250e+02 2.363137512207031250e+02 4.106868896484375000e+02 5.921600341796875000e+02 1.149113159179687500e+02 2.689504699707031250e+02 3.135922851562500000e+02
9.850318145751953125e+01 4.596592712402343750e+02 5.368926239013671875e+01 8.712898254394531250e+01 1.757652282714843750e+02 3.101724121093750000e+03 1.453359680175781250e+02 1.447840270996093750e+02 1.586716552734375000e+03 3.374549255371093750e+02 2.610144042968750000e+02 4.158328247070312500e+02 5.463911132812500000e+02 1.133396987915039062e+02 2.691235961914062500e+02 3.185532226562500000e+02
8.559205627441406250e+01 4.576391906738281250e+02 5.125327682495117188e+01 9.025268554687500000e+01 1.755529022216796875e+02 3.144155761718750000e+03 1.413487548828125000e+02 1.589491271972656250e+02 1.574533203125000000e+03 3.402107543945312500e+02 2.689846191406250000e+02 4.111197509765625000e+02 5.537332763671875000e+02 1.117890625000000000e+02 2.543549957275390625e+02 3.331047973632812500e+02
8.149167633056640625e+01 5.088603515625000000e+02 4.901347351074218750e+01 9.187289428710937500e+01 1.770323333740234375e+02 3.198046386718750000e+03 1.736938476562500000e+02 1.625913391113281250e+02 1.552574951171875000e+03 3.781369628906250000e+02 2.987824401855468750e+02 4.144080810546875000e+02 6.032827758789062500e+02 1.112088317871093750e+02 2.623558654785156250e+02 3.338534240722656250e+02
8.530990600585937500e+01 5.230035400390625000e+02 5.746991348266601562e+01 9.969586181640625000e+01 1.802746887207031250e+02 3.443692382812500000e+03 1.630696411132812500e+02 1.717641601562500000e+02 1.572469970703125000e+03 3.714086608886718750e+02 3.293489990234375000e+02 4.168578796386718750e+02 6.443798217773437500e+02 1.118477020263671875e+02 2.430606384277343750e+02 3.352089233398437500e+02
8.127386474609375000e+01 5.221129150390625000e+02 5.455936431884765625e+01 9.951760864257812500e+01 1.779561920166015625e+02 3.527662109375000000e+03 1.719984893798828125e+02 1.613348846435546875e+02 1.586214233398437500e+03 3.604570617675781250e+02 3.305547790527343750e+02 4.109277343750000000e+02 6.425432739257812500e+02 1.124528427124023438e+02 2.454422912597656250e+02 3.426585083007812500e+02
9.268914794921875000e+01 5.209907226562500000e+02 5.499986267089843750e+01 1.062512359619140625e+02 1.791914825439453125e+02 3.626244384765625000e+03 1.650583190917968750e+02 1.757348480224609375e+02 1.543726684570312500e+03 3.525223693847656250e+02 3.429000244140625000e+02 4.178617553710937500e+02 6.112820434570312500e+02 1.133066635131835938e+02 2.427191925048828125e+02 3.383630371093750000e+02
8.761473846435546875e+01 5.383997192382812500e+02 6.230339050292968750e+01 1.069768218994140625e+02 1.806309204101562500e+02 3.751763671875000000e+03 1.630743865966796875e+02 1.749056243896484375e+02 1.509188476562500000e+03 3.660857543945312500e+02 3.484170532226562500e+02 4.162177734375000000e+02 6.500964355468750000e+02 1.098443984985351562e+02 2.497773895263671875e+02 3.516864624023437500e+02
8.188340759277343750e+01 5.368586425781250000e+02 5.818501281738281250e+01 1.072733154296875000e+02 1.794486694335937500e+02 3.625591552734375000e+03 1.604946441650390625e+02 1.701600494384765625e+02 1.482957885742187500e+03 3.808101806640625000e+02 3.568503723144531250e+02 4.125832214355468750e+02 6.385591430664062500e+02 1.162900238037109375e+02 2.417654113769531250e+02 3.522051391601562500e+02
8.324755096435546875e+01 5.294233398437500000e+02 5.639998245239257812e+01 1.036063079833984375e+02 1.813825836181640625e+02 3.481552246093750000e+03 1.536237792968750000e+02 1.656571350097656250e+02 1.488860839843750000e+03 3.794424438476562500e+02 3.502834167480468750e+02 4.115625610351562500e+02 6.238216552734375000e+02 1.183202209472656250e+02 2.710479736328125000e+02 3.762055664062500000e+02
1.036966094970703125e+02 5.219106445312500000e+02 5.960712432861328125e+01 1.000768127441406250e+02 1.791622619628906250e+02 3.313462402343750000e+03 1.497091827392578125e+02 1.687265625000000000e+02 1.428896118164062500e+03 3.558712463378906250e+02 3.389467773437500000e+02 4.102177734375000000e+02 6.300519409179687500e+02 1.207096023559570312e+02 2.491139068603515625e+02 3.803909301757812500e+02
9.236000061035156250e+01 4.947781982421875000e+02 5.798214721679687500e+01 9.538438415527343750e+01 1.800771636962890625e+02 3.202118408203125000e+03 1.504978332519531250e+02 1.620966186523437500e+02 1.395503906250000000e+03 3.700383911132812500e+02 3.206822814941406250e+02 4.000139465332031250e+02 5.966059570312500000e+02 1.170115051269531250e+02 2.457167358398437500e+02 3.818145751953125000e+02
8.511159515380859375e+01 4.744461364746093750e+02 5.260688400268554688e+01 8.886776733398437500e+01 1.755083312988281250e+02 2.978669921875000000e+03 1.400876464843750000e+02 1.462893371582031250e+02 1.308160278320312500e+03 3.762385253906250000e+02 3.020084228515625000e+02 3.778471069335937500e+02 5.738762817382812500e+02 1.139789886474609375e+02 2.383155975341796875e+02 3.726097717285156250e+02
9.208538055419921875e+01 4.709357910156250000e+02 5.653083038330078125e+01 9.026281738281250000e+01 1.784949035644531250e+02 2.892483154296875000e+03 1.446182861328125000e+02 1.591661224365234375e+02 1.363314208984375000e+03 3.884783630371093750e+02 3.007107543945312500e+02 4.013468933105468750e+02 5.796076660156250000e+02 1.179949951171875000e+02 2.315257568359375000e+02 3.794227600097656250e+02
7.975538635253906250e+01 4.460804138183593750e+02 5.792604064941406250e+01 8.087428283691406250e+01 1.734001159667968750e+02 2.676113525390625000e+03 1.378381652832031250e+02 1.448782043457031250e+02 1.373553100585937500e+03 3.829982910156250000e+02 2.750762634277343750e+02 3.884361877441406250e+02 5.372625122070312500e+02 1.118731384277343750e+02 2.266762542724609375e+02 3.882268066406250000e+02
7.213026428222656250e+01 4.177466430664062500e+02 5.561484146118164062e+01 6.791093444824218750e+01 1.779890289306640625e+02 2.664728027343750000e+03 1.262234191894531250e+02 1.373082885742187500e+02 1.298926635742187500e+03 3.552275695800781250e+02 2.604988098144531250e+02 3.807469482421875000e+02 5.800958251953125000e+02 1.160168457031250000e+02 2.454352264404296875e+02 4.020208435058593750e+02
6.305737304687500000e+01 3.743965454101562500e+02 4.515969467163085938e+01 5.893669128417968750e+01 1.778988037109375000e+02 2.590832031250000000e+03 1.156027297973632812e+02 1.288378295898437500e+02 1.252308105468750000e+03 3.432135620117187500e+02 2.453840637207031250e+02 3.801044311523437500e+02 5.334541625976562500e+02 1.135679779052734375e+02 2.391186218261718750e+02 3.955947265625000000e+02
6.689219665527343750e+01 3.355598754882812500e+02 2.726454925537109375e+01 4.399870300292968750e+01 1.669222412109375000e+02 2.476587158203125000e+03 1.098774795532226562e+02 1.088101730346679688e+02 1.125055419921875000e+03 3.024055786132812500e+02 2.065166625976562500e+02 3.214151611328125000e+02 4.555893859863281250e+02 1.020729064941406250e+02 2.154594879150390625e+02 3.672454223632812500e+02
5.523933410644531250e+01 3.123591003417968750e+02 1.784020996093750000e+01 3.411463928222656250e+01 1.553199920654296875e+02 2.403025390625000000e+03 1.023733215332031250e+02 9.641181945800781250e+01 1.161793334960937500e+03 2.607367248535156250e+02 1.830160217285156250e+02 3.012282104492187500e+02 3.605146789550781250e+02 8.719684600830078125e+01 1.805269775390625000e+02 3.177837219238281250e+02
5.132687377929687500e+01 2.988801574707031250e+02 1.494643783569335938e+01 3.721855163574218750e+01 1.165901870727539062e+02 2.430708984375000000e+03 1.003978958129882812e+02 8.969490051269531250e+01 1.020735595703125000e+03 2.393783721923828125e+02 1.708206481933593750e+02 2.234551849365234375e+02 3.604844360351562500e+02 7.768373870849609375e+01 1.617978515625000000e+02 2.848549804687500000e+02
8.889673614501953125e+01 4.347461242675781250e+02 5.697882461547851562e+01 1.340209655761718750e+02 1.389197845458984375e+02 2.995352539062500000e+03 1.399376831054687500e+02 1.461385955810546875e+02 1.418315917968750000e+03 4.249195556640625000e+02 2.765737304687500000e+02 3.446204223632812500e+02 5.822894897460937500e+02 1.074098358154296875e+02 2.488191528320312500e+02 3.966085815429687500e+02
7.570964050292968750e+01 4.085773315429687500e+02 4.767782592773437500e+01 1.101582183837890625e+02 1.530752105712890625e+02 2.911933593750000000e+03 1.243337249755859375e+02 1.364017486572265625e+02 1.304975097656250000e+03 3.967249755859375000e+02 2.508273620605468750e+02 3.845621337890625000e+02 5.934982910156250000e+02 1.021733398437500000e+02 2.368161315917968750e+02 3.732774658203125000e+02
7.271725463867187500e+01 3.836014404296875000e+02 3.868701553344726562e+01 1.019335784912109375e+02 1.377144165039062500e+02 2.878894531250000000e+03 1.326101074218750000e+02 1.222865447998046875e+02 1.194111572265625000e+03 3.780742187500000000e+02 2.363393402099609375e+02 3.331822814941406250e+02 5.485484619140625000e+02 9.691915130615234375e+01 2.122998657226562500e+02 3.454150695800781250e+02
6.341423797607421875e+01 3.902298278808593750e+02 3.452252578735351562e+01 9.760490417480468750e+01 1.440263366699218750e+02 3.022222167968750000e+03 1.289765625000000000e+02 1.200214614868164062e+02 1.186698486328125000e+03 3.328236694335937500e+02 2.237906188964843750e+02 3.258514709472656250e+02 5.168874511718750000e+02 9.175129699707031250e+01 1.985028839111328125e+02 3.394634704589843750e+02
6.938609313964843750e+01 4.221707763671875000e+02 3.253955459594726562e+01 1.037701721191406250e+02 1.502587280273437500e+02 3.171514648437500000e+03 1.238135757446289062e+02 1.162486801147460938e+02 1.200029418945312500e+03 3.724826660156250000e+02 2.514367980957031250e+02 3.546401977539062500e+02 5.233861083984375000e+02 9.041062164306640625e+01 2.023087463378906250e+02 3.551200256347656250e+02
6.138974761962890625e+01 4.251812438964843750e+02 3.778781509399414062e+01 9.956181335449218750e+01 1.494313049316406250e+02 3.216858398437500000e+03 1.240306243896484375e+02 1.276386413574218750e+02 1.269016357421875000e+03 3.901520996093750000e+02 2.383802032470703125e+02 3.557453918457031250e+02 5.275924072265625000e+02 9.824484252929687500e+01 1.906282196044921875e+02 3.649458923339843750e+02
7.001995086669921875e+01 4.217211303710937500e+02 3.258604431152343750e+01 8.943247985839843750e+01 1.503011627197265625e+02 3.254265380859375000e+03 1.289863891601562500e+02 1.193371810913085938e+02 1.264567016601562500e+03 3.487254943847656250e+02 2.330711212158203125e+02 3.428701477050781250e+02 4.975275878906250000e+02 9.978222656250000000e+01 1.736641845703125000e+02 3.640757446289062500e+02
6.223077392578125000e+01 4.393192749023437500e+02 3.447715759277343750e+01 9.933782958984375000e+01 1.593740081787109375e+02 3.143150878906250000e+03 1.228076705932617188e+02 1.420344848632812500e+02 1.269474853515625000e+03 3.445768432617187500e+02 2.386652069091796875e+02 3.667703247070312500e+02 5.121430053710937500e+02 9.069184112548828125e+01 1.590336303710937500e+02 3.515520629882812500e+02
6.063888549804687500e+01 4.017341918945312500e+02 3.791380691528320312e+01 9.047099304199218750e+01 1.586143798828125000e+02 3.004355468750000000e+03 1.156537094116210938e+02 1.277994232177734375e+02 1.157593750000000000e+03 3.220498352050781250e+02 2.227065582275390625e+02 3.613075866699218750e+02 5.292958984375000000e+02 9.282194519042968750e+01 1.765218353271484375e+02 3.392800903320312500e+02
5.946650695800781250e+01 3.964490966796875000e+02 3.860481262207031250e+01 1.006160888671875000e+02 1.517836914062500000e+02 3.337114501953125000e+03 1.136485748291015625e+02 1.169469451904296875e+02 1.215220703125000000e+03 3.373233032226562500e+02 2.193840637207031250e+02 3.665079956054687500e+02 5.363275756835937500e+02 9.437897491455078125e+01 1.791654357910156250e+02 3.355536804199218750e+02
7.659196472167968750e+01 3.829666137695312500e+02 4.054607391357421875e+01 8.983609008789062500e+01 1.417803649902343750e+02 3.226704589843750000e+03 1.189318466186523438e+02 1.158208160400390625e+02 1.128106201171875000e+03 3.001712036132812500e+02 2.111393280029296875e+02 3.678381652832031250e+02 5.301898803710937500e+02 8.891751098632812500e+01 1.907567901611328125e+02 3.402828369140625000e+02
6.663195800781250000e+01 4.163704223632812500e+02 4.800163269042968750e+01 9.033679199218750000e+01 1.518043823242187500e+02 3.524781982421875000e+03 1.342191467285156250e+02 1.223644485473632812e+02 1.366558593750000000e+03 2.926336669921875000e+02 2.249271697998046875e+02 3.585574340820312500e+02 5.490842285156250000e+02 8.694221496582031250e+01 2.149158020019531250e+02 3.281931762695312500e+02
7.295741271972656250e+01 4.086441650390625000e+02 5.087023925781250000e+01 8.198196411132812500e+01 1.511781311035156250e+02 3.283146484375000000e+03 1.323236083984375000e+02 1.191732025146484375e+02 1.218931884765625000e+03 2.859662170410156250e+02 2.139815979003906250e+02 3.696898803710937500e+02 5.416542358398437500e+02 8.363497924804687500e+01 2.165284881591796875e+02 3.525213012695312500e+02
8.907804870605468750e+01 3.999788818359375000e+02 4.861365890502929688e+01 7.641442871093750000e+01 1.493813629150390625e+02 3.227017578125000000e+03 1.279265670776367188e+02 1.187143554687500000e+02 1.239439331054687500e+03 3.091448974609375000e+02 2.062839355468750000e+02 3.613688659667968750e+02 5.566015625000000000e+02 8.544682312011718750e+01 2.072052917480468750e+02 3.478935852050781250e+02
8.180198669433593750e+01 3.884067687988281250e+02 4.020671844482421875e+01 7.139576721191406250e+01 1.496098022460937500e+02 3.088059082031250000e+03 1.228732757568359375e+02 1.143231430053710938e+02 1.317032714843750000e+03 3.208944702148437500e+02 2.103515014648437500e+02 3.608028259277343750e+02 5.996820068359375000e+02 8.369998168945312500e+01 1.911372985839843750e+02 3.286690063476562500e+02
6.646093750000000000e+01 3.845979919433593750e+02 4.423525238037109375e+01 7.033148193359375000e+01 1.533614349365234375e+02 2.935349121093750000e+03 1.224196395874023438e+02 1.095958862304687500e+02 1.413959594726562500e+03 3.032495117187500000e+02 2.065482788085937500e+02 3.397440795898437500e+02 6.064511108398437500e+02 9.862363433837890625e+01 1.910042419433593750e+02 3.092174072265625000e+02
7.453740692138671875e+01 3.871919250488281250e+02 5.981981277465820312e+01 7.365060424804687500e+01 1.522147521972656250e+02 3.321335449218750000e+03 1.216101074218750000e+02 1.148656692504882812e+02 1.373214355468750000e+03 2.818403930664062500e+02 2.026260070800781250e+02 3.630119018554687500e+02 6.238129882812500000e+02 1.168744964599609375e+02 2.292429351806640625e+02 3.068946228027343750e+02
8.465264892578125000e+01 4.357518310546875000e+02 6.252415084838867188e+01 8.662751770019531250e+01 1.556478881835937500e+02 3.664997802734375000e+03 1.210759887695312500e+02 1.251725006103515625e+02 1.329600219726562500e+03 2.740696411132812500e+02 2.307197723388671875e+02 3.742455444335937500e+02 6.092997436523437500e+02 1.233259048461914062e+02 2.614039916992187500e+02 3.322858886718750000e+02
7.381437683105468750e+01 4.077268066406250000e+02 5.897721862792968750e+01 7.990473937988281250e+01 1.584706573486328125e+02 3.684487304687500000e+03 1.299253845214843750e+02 1.137885055541992188e+02 1.354757446289062500e+03 2.792669067382812500e+02 2.233234863281250000e+02 3.556173095703125000e+02 5.925297851562500000e+02 1.177238235473632812e+02 2.745142517089843750e+02 3.326440429687500000e+02
8.941434478759765625e+01 4.249686279296875000e+02 5.737795257568359375e+01 8.922454833984375000e+01 1.605695495605468750e+02 3.928878417968750000e+03 1.337110595703125000e+02 1.156669616699218750e+02 1.333927856445312500e+03 3.021597900390625000e+02 2.309161529541015625e+02 3.727300415039062500e+02 5.922559814453125000e+02 1.330085906982421875e+02 2.703239746093750000e+02 3.543853149414062500e+02
8.629781341552734375e+01 4.370894775390625000e+02 5.475001907348632812e+01 1.102221527099609375e+02 1.605913543701171875e+02 3.679648437500000000e+03 1.328449401855468750e+02 1.174643707275390625e+02 1.697382690429687500e+03 2.922097778320312500e+02 2.485331573486328125e+02 3.698390808105468750e+02 6.075404052734375000e+02 1.254806976318359375e+02 2.707901000976562500e+02 3.733739013671875000e+02
8.081129455566406250e+01 4.155122070312500000e+02 5.330347442626953125e+01 9.878424072265625000e+01 1.589116668701171875e+02 3.488750976562500000e+03 1.270778656005859375e+02 1.129809036254882812e+02 1.681356445312500000e+03 2.858223571777343750e+02 2.322326965332031250e+02 3.448713989257812500e+02 6.041065673828125000e+02 1.145474090576171875e+02 2.584915771484375000e+02 3.740310668945312500e+02
9.332846069335937500e+01 4.228078613281250000e+02 6.147989273071289062e+01 1.011733856201171875e+02 1.635944824218750000e+02 3.253636718750000000e+03 1.319238739013671875e+02 1.179794006347656250e+02 1.662580078125000000e+03 2.817247314453125000e+02 2.354115905761718750e+02 3.585551147460937500e+02 5.938166503906250000e+02 1.412318115234375000e+02 2.745637512207031250e+02 3.614528198242187500e+02
9.690856933593750000e+01 4.464072875976562500e+02 6.236627197265625000e+01 1.082446746826171875e+02 1.728567810058593750e+02 3.934271728515625000e+03 1.429355773925781250e+02 1.142136993408203125e+02 1.769541259765625000e+03 2.954313964843750000e+02 2.528376312255859375e+02 3.652255554199218750e+02 5.997358398437500000e+02 1.437685089111328125e+02 2.545804443359375000e+02 3.995757141113281250e+02
8.437931823730468750e+01 4.465765686035156250e+02 5.428562164306640625e+01 1.025579681396484375e+02 1.711854858398437500e+02 3.706521484375000000e+03 1.352546997070312500e+02 1.113574218750000000e+02 1.795563964843750000e+03 2.966418457031250000e+02 2.348628082275390625e+02 3.520139770507812500e+02 5.723300781250000000e+02 1.297064666748046875e+02 2.728269958496093750e+02 3.888842773437500000e+02
7.654073333740234375e+01 4.189470214843750000e+02 4.300196456909179688e+01 1.045254058837890625e+02 1.659154663085937500e+02 3.904850341796875000e+03 1.292957763671875000e+02 1.153309020996093750e+02 1.686396728515625000e+03 2.973718261718750000e+02 2.280146331787109375e+02 3.121511230468750000e+02 5.583721313476562500e+02 1.251462326049804688e+02 2.623771057128906250e+02 3.693274230957031250e+02
7.072097778320312500e+01 4.103945312500000000e+02 3.836748123168945312e+01 9.990055847167968750e+01 1.617740325927734375e+02 3.928771728515625000e+03 1.290290832519531250e+02 1.103580551147460938e+02 1.728685302734375000e+03 3.012693786621093750e+02 2.253938903808593750e+02 2.962914428710937500e+02 5.669525146484375000e+02 1.313481292724609375e+02 2.419034118652343750e+02 3.653622436523437500e+02
6.767668914794921875e+01 4.565930786132812500e+02 5.571304321289062500e+01 1.237160644531250000e+02 1.747803344726562500e+02 4.050607421875000000e+03 1.293543853759765625e+02 1.200893325805664062e+02 1.642658325195312500e+03 3.182124328613281250e+02 2.381881256103515625e+02 3.546045837402343750e+02 5.936459350585937500e+02 1.222569656372070312e+02 2.558961334228515625e+02 3.760262451171875000e+02
7.463033294677734375e+01 4.440835266113281250e+02 5.992710876464843750e+01 1.118858947753906250e+02 1.771050567626953125e+02 4.063269287109375000e+03 1.304036102294921875e+02 1.176347122192382812e+02 1.533761108398437500e+03 3.949009399414062500e+02 2.466127777099609375e+02 3.736832275390625000e+02 5.646591186523437500e+02 1.157739334106445312e+02 2.561726379394531250e+02 3.860837402343750000e+02
7.022113037109375000e+01 4.709699707031250000e+02 5.362960815429687500e+01 1.022498321533203125e+02 1.751537170410156250e+02 3.965019531250000000e+03 1.261699218750000000e+02 1.144314041137695312e+02 1.469464233398437500e+03 3.674188842773437500e+02 2.461930389404296875e+02 3.659057922363281250e+02 5.504143676757812500e+02 1.046449432373046875e+02 2.586010742187500000e+02 3.927968750000000000e+02
8.102692413330078125e+01 4.741977539062500000e+02 5.672111129760742188e+01 1.031460418701171875e+02 1.790557403564453125e+02 3.919384277343750000e+03 1.282265625000000000e+02 1.162506866455078125e+02 1.459356323242187500e+03 3.623186645507812500e+02 2.691517333984375000e+02 3.842624511718750000e+02 5.850314941406250000e+02 9.691952514648437500e+01 2.673342895507812500e+02 4.034156799316406250e+02
8.122218322753906250e+01 4.845825195312500000e+02 5.468373107910156250e+01 1.204626922607421875e+02 1.794460906982421875e+02 3.838185546875000000e+03 1.298415222167968750e+02 1.168506698608398438e+02 1.429869995117187500e+03 3.412516784667968750e+02 2.609970092773437500e+02 3.750036010742187500e+02 5.952811279296875000e+02 9.578684234619140625e+01 2.565563354492187500e+02 4.118240356445312500e+02
9.060496520996093750e+01 4.825029907226562500e+02 5.811341094970703125e+01 1.143918914794921875e+02 1.808006286621093750e+02 3.822292480468750000e+03 1.367197723388671875e+02 1.204873123168945312e+02 1.383394165039062500e+03 3.326387634277343750e+02 2.584125671386718750e+02 3.841329040527343750e+02 6.040460205078125000e+02 1.001921081542968750e+02 2.414270172119140625e+02 4.298476257324218750e+02
8.378792572021484375e+01 4.692767944335937500e+02 5.189344787597656250e+01 1.126982421875000000e+02 1.800009155273437500e+02 3.480777343750000000e+03 1.514043273925781250e+02 1.163241348266601562e+02 1.298606445312500000e+03 3.551635131835937500e+02 2.489075775146484375e+02 3.885099487304687500e+02 5.737907714843750000e+02 1.069056701660156250e+02 2.285148010253906250e+02 3.992302246093750000e+02
1.023490142822265625e+02 4.391400756835937500e+02 4.704129791259765625e+01 1.090667419433593750e+02 1.787650604248046875e+02 3.206121093750000000e+03 1.385924987792968750e+02 1.149130477905273438e+02 1.236864013671875000e+03 3.278215026855468750e+02 2.393581390380859375e+02 3.405492553710937500e+02 6.146674194335937500e+02 1.020512847900390625e+02 2.120420837402343750e+02 3.803824462890625000e+02
9.547389221191406250e+01 4.567078552246093750e+02 4.347276306152343750e+01 1.140601501464843750e+02 1.789391937255859375e+02 3.165527343750000000e+03 1.364609680175781250e+02 1.149772262573242188e+02 1.372888793945312500e+03 3.402453613281250000e+02 2.436480102539062500e+02 3.548236694335937500e+02 6.417496948242187500e+02 9.811254882812500000e+01 2.086951599121093750e+02 4.166664733886718750e+02
1.094409027099609375e+02 4.375997314453125000e+02 4.414393615722656250e+01 1.157986602783203125e+02 1.770663909912109375e+02 3.149120605468750000e+03 1.378847045898437500e+02 1.157251129150390625e+02 1.297308959960937500e+03 3.177776489257812500e+02 2.458593902587890625e+02 3.410994567871093750e+02 6.414538574218750000e+02 1.142712020874023438e+02 1.971790161132812500e+02 4.041046447753906250e+02
1.160790710449218750e+02 4.547701416015625000e+02 5.409072113037109375e+01 1.204822998046875000e+02 1.807842407226562500e+02 3.467192138671875000e+03 1.407992248535156250e+02 1.184943923950195312e+02 1.236236206054687500e+03 3.268787841796875000e+02 2.600916137695312500e+02 3.359419860839843750e+02 6.457809448242187500e+02 1.155671539306640625e+02 1.949496307373046875e+02 4.264284057617187500e+02
1.037827835083007812e+02 4.723190002441406250e+02 5.797954940795898438e+01 1.384908142089843750e+02 1.814810180664062500e+02 3.349263671875000000e+03 1.378423309326171875e+02 1.196299972534179688e+02 1.396194580078125000e+03 3.476003417968750000e+02 2.934064941406250000e+02 3.626535949707031250e+02 6.422445068359375000e+02 1.172930603027343750e+02 2.056366577148437500e+02 4.372744140625000000e+02
1.243256149291992188e+02 4.837709960937500000e+02 6.659898376464843750e+01 1.377040405273437500e+02 1.826731567382812500e+02 3.577273925781250000e+03 1.351466979980468750e+02 1.304815063476562500e+02 1.334227905273437500e+03 3.805768432617187500e+02 2.902750854492187500e+02 3.805690307617187500e+02 6.600443725585937500e+02 1.187006683349609375e+02 2.038334655761718750e+02 4.390869750976562500e+02
1.248054199218750000e+02 4.729149169921875000e+02 7.762911987304687500e+01 1.376766357421875000e+02 1.828291320800781250e+02 3.474594726562500000e+03 1.405749969482421875e+02 1.263908386230468750e+02 1.279115966796875000e+03 3.893538513183593750e+02 2.965956115722656250e+02 3.747117919921875000e+02 6.229697265625000000e+02 1.099427032470703125e+02 1.961177215576171875e+02 4.421516113281250000e+02
