1.076404266357421875e+02 5.067221069335937500e+02 7.408133697509765625e+01 1.370627441406250000e+02 1.533226928710937500e+02 4.686132324218750000e+03 1.738940124511718750e+02 1.766237182617187500e+02 2.015099853515625000e+03 3.624266967773437500e+02 3.010296936035156250e+02 3.887283020019531250e+02 4.464218444824218750e+02 1.320754089355468750e+02 2.539931335449218750e+02 3.627719116210937500e+02
1.043555221557617188e+02 5.139181518554687500e+02 7.391098022460937500e+01 1.395857543945312500e+02 1.564731750488281250e+02 4.735517089843750000e+03 1.734887847900390625e+02 1.776202392578125000e+02 2.041736572265625000e+03 3.587926025390625000e+02 3.094766235351562500e+02 3.968380432128906250e+02 4.384188537597656250e+02 1.239240646362304688e+02 2.610050659179687500e+02 3.701748352050781250e+02
9.990541839599609375e+01 5.192586669921875000e+02 7.191493988037109375e+01 1.410196533203125000e+02 1.595075225830078125e+02 4.723388183593750000e+03 1.742834167480468750e+02 1.785758819580078125e+02 2.041086914062500000e+03 3.581620483398437500e+02 3.094380493164062500e+02 3.948584289550781250e+02 4.277600708007812500e+02 1.151676025390625000e+02 2.651007995605468750e+02 3.720918579101562500e+02
1.073969955444335938e+02 5.228618164062500000e+02 6.854022216796875000e+01 1.395532836914062500e+02 1.618917846679687500e+02 4.678466308593750000e+03 1.712536163330078125e+02 1.742361450195312500e+02 2.027702392578125000e+03 3.564813232421875000e+02 3.038550720214843750e+02 3.928099975585937500e+02 4.281287231445312500e+02 1.201404876708984375e+02 2.670630187988281250e+02 3.659801635742187500e+02
1.058245697021484375e+02 5.334856567382812500e+02 6.813246154785156250e+01 1.372223358154296875e+02 1.651710662841796875e+02 4.713554199218750000e+03 1.709655609130859375e+02 1.760078125000000000e+02 2.045887817382812500e+03 3.657889404296875000e+02 3.142357482910156250e+02 3.971384277343750000e+02 4.179863586425781250e+02 1.208000869750976562e+02 2.705359497070312500e+02 3.674325561523437500e+02
9.720057678222656250e+01 5.325521850585937500e+02 6.588958740234375000e+01 1.365383911132812500e+02 1.658466186523437500e+02 4.714423828125000000e+03 1.670653076171875000e+02 1.806248931884765625e+02 2.045178833007812500e+03 3.707869262695312500e+02 3.184018554687500000e+02 3.949104614257812500e+02 4.051976318359375000e+02 1.207756042480468750e+02 2.671426696777343750e+02 3.729025268554687500e+02
9.372583770751953125e+01 5.441680908203125000e+02 6.272261810302734375e+01 1.341246948242187500e+02 1.669137878417968750e+02 4.706912109375000000e+03 1.744893951416015625e+02 1.807498779296875000e+02 2.043048095703125000e+03 3.768341369628906250e+02 3.263917846679687500e+02 3.946559448242187500e+02 4.150398559570312500e+02 1.191080627441406250e+02 2.684699096679687500e+02 3.715185546875000000e+02
9.382417297363281250e+01 5.451554565429687500e+02 6.284457778930664062e+01 1.347611083984375000e+02 1.724401092529296875e+02 4.720753906250000000e+03 1.699946746826171875e+02 1.818137054443359375e+02 2.053138916015625000e+03 3.728473205566406250e+02 3.333405761718750000e+02 3.958477783203125000e+02 4.118265686035156250e+02 1.181884384155273438e+02 2.525464935302734375e+02 3.683759765625000000e+02
9.026079559326171875e+01 5.374361572265625000e+02 5.893521118164062500e+01 1.307029876708984375e+02 1.699877014160156250e+02 4.659175781250000000e+03 1.705640258789062500e+02 1.743214416503906250e+02 2.024463989257812500e+03 3.673288879394531250e+02 3.312121276855468750e+02 3.898390502929687500e+02 4.054668579101562500e+02 1.166957015991210938e+02 2.469409790039062500e+02 3.681633300781250000e+02
9.226037597656250000e+01 5.279478149414062500e+02 5.528237915039062500e+01 1.289808197021484375e+02 1.689221191406250000e+02 4.620091308593750000e+03 1.662082977294921875e+02 1.745084686279296875e+02 2.011738525390625000e+03 3.610007019042968750e+02 3.302072448730468750e+02 3.906491394042968750e+02 3.888582763671875000e+02 1.149809799194335938e+02 2.398631744384765625e+02 3.605066833496093750e+02
8.818882751464843750e+01 5.228407592773437500e+02 5.445056152343750000e+01 1.241366882324218750e+02 1.698217163085937500e+02 4.561256347656250000e+03 1.625949401855468750e+02 1.701195220947265625e+02 1.980637207031250000e+03 3.594041748046875000e+02 3.261936035156250000e+02 3.845576477050781250e+02 3.804206237792968750e+02 1.111013565063476562e+02 2.356716308593750000e+02 3.584034423828125000e+02
8.440869140625000000e+01 5.142073974609375000e+02 4.979813385009765625e+01 1.189481201171875000e+02 1.662460937500000000e+02 4.470518066406250000e+03 1.586500854492187500e+02 1.643363037109375000e+02 1.935976074218750000e+03 3.577979125976562500e+02 3.224244079589843750e+02 3.757803344726562500e+02 3.650678100585937500e+02 1.107960586547851562e+02 2.263790893554687500e+02 3.533647460937500000e+02
8.198770141601562500e+01 5.012446289062500000e+02 4.537648773193359375e+01 1.106322174072265625e+02 1.657551574707031250e+02 4.382143066406250000e+03 1.523662567138671875e+02 1.580382690429687500e+02 1.890627807617187500e+03 3.549281616210937500e+02 3.135011901855468750e+02 3.659522094726562500e+02 3.455462036132812500e+02 1.097149276733398438e+02 2.275945434570312500e+02 3.536524353027343750e+02
8.159091949462890625e+01 4.834298095703125000e+02 4.136642456054687500e+01 9.899877929687500000e+01 1.595286254882812500e+02 4.262323242187500000e+03 1.466012268066406250e+02 1.524627990722656250e+02 1.831826171875000000e+03 3.409160766601562500e+02 2.992796020507812500e+02 3.541715698242187500e+02 3.254793090820312500e+02 1.074290924072265625e+02 2.137767791748046875e+02 3.462793579101562500e+02
7.355846405029296875e+01 4.503505859375000000e+02 3.441645431518554688e+01 8.384420776367187500e+01 1.539849548339843750e+02 4.080719482421875000e+03 1.403906860351562500e+02 1.417338714599609375e+02 1.747155517578125000e+03 3.322804565429687500e+02 2.763031616210937500e+02 3.355859375000000000e+02 2.990388183593750000e+02 1.029638671875000000e+02 2.035630187988281250e+02 3.337934265136718750e+02
6.742434692382812500e+01 4.226162719726562500e+02 2.706036758422851562e+01 6.868086242675781250e+01 1.441936950683593750e+02 3.888480468750000000e+03 1.296837463378906250e+02 1.274587097167968750e+02 1.656983276367187500e+03 3.215560913085937500e+02 2.558249664306640625e+02 3.165925292968750000e+02 2.690583496093750000e+02 9.969081115722656250e+01 1.935132141113281250e+02 3.196108398437500000e+02
6.565752410888671875e+01 4.094875488281250000e+02 2.459565353393554688e+01 6.431071472167968750e+01 1.418880004882812500e+02 3.852893310546875000e+03 1.281661071777343750e+02 1.269007110595703125e+02 1.647786499023437500e+03 3.179882202148437500e+02 2.486891326904296875e+02 3.169304199218750000e+02 2.562332153320312500e+02 9.748557281494140625e+01 1.860333251953125000e+02 3.163889770507812500e+02
6.436705780029296875e+01 4.074563293457031250e+02 2.545771789550781250e+01 6.871707153320312500e+01 1.400301361083984375e+02 3.819088623046875000e+03 1.285885925292968750e+02 1.252863845825195312e+02 1.630354125976562500e+03 3.217612304687500000e+02 2.441639251708984375e+02 3.145216979980468750e+02 2.524850921630859375e+02 9.699096679687500000e+01 1.844987792968750000e+02 3.235711669921875000e+02
7.057527160644531250e+01 4.274096374511718750e+02 3.190048599243164062e+01 8.239616394042968750e+01 1.441267395019531250e+02 3.943630859375000000e+03 1.328137207031250000e+02 1.333733978271484375e+02 1.683401245117187500e+03 3.367130737304687500e+02 2.605417785644531250e+02 3.212268676757812500e+02 2.746268310546875000e+02 1.040790405273437500e+02 1.971170806884765625e+02 3.439193725585937500e+02
7.948663330078125000e+01 4.544684448242187500e+02 4.171181488037109375e+01 1.073572082519531250e+02 1.454806213378906250e+02 4.179685546875000000e+03 1.398344116210937500e+02 1.483447265625000000e+02 1.777424316406250000e+03 3.639329833984375000e+02 2.902030639648437500e+02 3.301621093750000000e+02 3.033674316406250000e+02 1.136428833007812500e+02 2.125423126220703125e+02 3.715296325683593750e+02
9.467889404296875000e+01 4.888218994140625000e+02 5.239433288574218750e+01 1.335579833984375000e+02 1.422507934570312500e+02 4.387077636718750000e+03 1.531734619140625000e+02 1.609361572265625000e+02 1.837668823242187500e+03 3.905036010742187500e+02 3.153109130859375000e+02 3.305887756347656250e+02 3.424410400390625000e+02 1.226491851806640625e+02 2.280005493164062500e+02 4.009126586914062500e+02
1.063538436889648438e+02 5.330231933593750000e+02 6.734243011474609375e+01 1.640242004394531250e+02 1.414391937255859375e+02 4.644353027343750000e+03 1.641069641113281250e+02 1.782471160888671875e+02 1.921485961914062500e+03 4.089365234375000000e+02 3.483398742675781250e+02 3.372675476074218750e+02 3.749665527343750000e+02 1.297002868652343750e+02 2.404539489746093750e+02 4.250471496582031250e+02
1.043740692138671875e+02 4.980928955078125000e+02 7.485913085937500000e+01 1.615881500244140625e+02 1.369846649169921875e+02 4.491465820312500000e+03 1.581289978027343750e+02 1.641220092773437500e+02 1.827127685546875000e+03 4.127592773437500000e+02 3.228027648925781250e+02 3.047479858398437500e+02 4.284272155761718750e+02 1.216994323730468750e+02 2.527106323242187500e+02 4.050327758789062500e+02
8.832341003417968750e+01 4.263729858398437500e+02 5.850527954101562500e+01 1.242605133056640625e+02 1.145376281738281250e+02 4.120020507812500000e+03 1.379195251464843750e+02 1.396167297363281250e+02 1.660023315429687500e+03 3.978742675781250000e+02 2.715081787109375000e+02 2.703249511718750000e+02 3.834244384765625000e+02 1.067794342041015625e+02 2.352750396728515625e+02 3.639642028808593750e+02
9.344601440429687500e+01 4.464124755859375000e+02 6.388505554199218750e+01 1.388536834716796875e+02 1.180949020385742188e+02 4.275454101562500000e+03 1.402032775878906250e+02 1.489132995605468750e+02 1.725667724609375000e+03 4.193789367675781250e+02 2.840837707519531250e+02 2.909427795410156250e+02 4.063472900390625000e+02 1.113750457763671875e+02 2.463866882324218750e+02 3.793894042968750000e+02
9.379402160644531250e+01 4.371571655273437500e+02 6.340023040771484375e+01 1.406247253417968750e+02 1.153920898437500000e+02 4.257289062500000000e+03 1.439537353515625000e+02 1.446997070312500000e+02 1.714346435546875000e+03 4.233083801269531250e+02 2.800520019531250000e+02 2.921140441894531250e+02 4.201138000488281250e+02 1.105749282836914062e+02 2.424215087890625000e+02 3.746486816406250000e+02
8.422126007080078125e+01 4.224187622070312500e+02 6.002170181274414062e+01 1.333122558593750000e+02 1.154824981689453125e+02 4.195416992187500000e+03 1.405150756835937500e+02 1.367655944824218750e+02 1.690917114257812500e+03 4.101583557128906250e+02 2.631366577148437500e+02 2.897565612792968750e+02 4.113044128417968750e+02 1.052245178222656250e+02 2.358599090576171875e+02 3.670221862792968750e+02
8.110235595703125000e+01 4.147012329101562500e+02 5.455250549316406250e+01 1.244113235473632812e+02 1.174575042724609375e+02 4.186220214843750000e+03 1.310935363769531250e+02 1.259830169677734375e+02 1.698827392578125000e+03 4.078408813476562500e+02 2.562144775390625000e+02 3.016061401367187500e+02 3.951387329101562500e+02 9.932421875000000000e+01 2.316570739746093750e+02 3.608076782226562500e+02
7.183912658691406250e+01 3.988964233398437500e+02 5.037079620361328125e+01 1.110919189453125000e+02 1.165841064453125000e+02 4.137187988281250000e+03 1.239689788818359375e+02 1.224561614990234375e+02 1.686713012695312500e+03 4.031053161621093750e+02 2.377858886718750000e+02 3.042669982910156250e+02 3.813474426269531250e+02 9.703189849853515625e+01 2.210974884033203125e+02 3.528396911621093750e+02
6.817112731933593750e+01 3.822742614746093750e+02 4.289794158935546875e+01 9.509463500976562500e+01 1.152817459106445312e+02 4.012283691406250000e+03 1.198623886108398438e+02 1.121105422973632812e+02 1.638629272460937500e+03 3.788090820312500000e+02 2.207795257568359375e+02 2.954926452636718750e+02 3.617490844726562500e+02 9.424102783203125000e+01 2.055925598144531250e+02 3.419337463378906250e+02
6.423381805419921875e+01 3.844734802246093750e+02 3.986708450317382812e+01 9.407281494140625000e+01 1.229354248046875000e+02 4.052098388671875000e+03 1.157596435546875000e+02 1.167550354003906250e+02 1.671947143554687500e+03 3.704425048828125000e+02 2.181588592529296875e+02 3.066950988769531250e+02 3.533532104492187500e+02 8.893284606933593750e+01 1.893644104003906250e+02 3.325500488281250000e+02
6.290451049804687500e+01 3.779845275878906250e+02 4.104658889770507812e+01 9.547586059570312500e+01 1.254940795898437500e+02 4.068224365234375000e+03 1.104088363647460938e+02 1.154233093261718750e+02 1.681250976562500000e+03 3.652314758300781250e+02 2.142005310058593750e+02 3.101699829101562500e+02 3.475761718750000000e+02 8.877514648437500000e+01 1.913337249755859375e+02 3.294151000976562500e+02
6.461604309082031250e+01 3.910081787109375000e+02 4.473541259765625000e+01 1.090129089355468750e+02 1.234749679565429688e+02 4.143512695312500000e+03 1.096237640380859375e+02 1.149875030517578125e+02 1.709775512695312500e+03 3.750308532714843750e+02 2.196589660644531250e+02 3.177752990722656250e+02 3.534465332031250000e+02 9.201604461669921875e+01 1.969980773925781250e+02 3.357998657226562500e+02
7.502404022216796875e+01 4.099610900878906250e+02 5.084049606323242188e+01 1.223733215332031250e+02 1.202955627441406250e+02 4.253981933593750000e+03 1.175177383422851562e+02 1.224894943237304688e+02 1.748167236328125000e+03 3.774443664550781250e+02 2.315149688720703125e+02 3.250869140625000000e+02 3.696586914062500000e+02 9.444808959960937500e+01 2.087801208496093750e+02 3.514559936523437500e+02
8.029348754882812500e+01 4.511343383789062500e+02 5.873417663574218750e+01 1.392405090332031250e+02 1.261326980590820312e+02 4.388344238281250000e+03 1.332643737792968750e+02 1.357197570800781250e+02 1.796976196289062500e+03 3.863171386718750000e+02 2.558218078613281250e+02 3.261349487304687500e+02 3.976295166015625000e+02 9.847354125976562500e+01 2.249464721679687500e+02 3.654965820312500000e+02
8.980809783935546875e+01 5.003140563964843750e+02 6.099106979370117188e+01 1.509813232421875000e+02 1.266189651489257812e+02 4.492969726562500000e+03 1.483411407470703125e+02 1.520959625244140625e+02 1.831577392578125000e+03 3.855674743652343750e+02 2.817640380859375000e+02 3.345606079101562500e+02 3.918828125000000000e+02 1.030324859619140625e+02 2.267786712646484375e+02 3.955454711914062500e+02
9.891703033447265625e+01 5.082047729492187500e+02 6.257984924316406250e+01 1.491838989257812500e+02 1.262185363769531250e+02 4.505326660156250000e+03 1.515936279296875000e+02 1.549684753417968750e+02 1.833861816406250000e+03 3.919707336425781250e+02 2.799248352050781250e+02 3.336588439941406250e+02 3.994802856445312500e+02 1.045639648437500000e+02 2.263434448242187500e+02 4.011488037109375000e+02
1.004131774902343750e+02 5.050133666992187500e+02 6.091844177246093750e+01 1.439173583984375000e+02 1.262706222534179688e+02 4.483629882812500000e+03 1.510417633056640625e+02 1.531619415283203125e+02 1.828821655273437500e+03 3.960199584960937500e+02 2.806091918945312500e+02 3.330404663085937500e+02 4.096457214355468750e+02 1.025256347656250000e+02 2.212202453613281250e+02 3.959144287109375000e+02
9.171952819824218750e+01 5.052264404296875000e+02 6.292149353027343750e+01 1.409251403808593750e+02 1.289730377197265625e+02 4.450869628906250000e+03 1.502595977783203125e+02 1.501379394531250000e+02 1.817231323242187500e+03 3.902537536621093750e+02 2.789310607910156250e+02 3.263504638671875000e+02 4.138991088867187500e+02 1.087732162475585938e+02 2.219110565185546875e+02 3.859789428710937500e+02
9.613256835937500000e+01 5.062529296875000000e+02 6.868818664550781250e+01 1.409846649169921875e+02 1.295099182128906250e+02 4.476686035156250000e+03 1.495395660400390625e+02 1.523579254150390625e+02 1.833629760742187500e+03 3.790201416015625000e+02 2.744259033203125000e+02 3.329638671875000000e+02 4.198382568359375000e+02 1.181599884033203125e+02 2.344488525390625000e+02 3.817523803710937500e+02
1.012957229614257812e+02 5.228828735351562500e+02 7.150449371337890625e+01 1.467801361083984375e+02 1.318865356445312500e+02 4.540932128906250000e+03 1.488955993652343750e+02 1.583673706054687500e+02 1.862598388671875000e+03 3.702276000976562500e+02 2.847822875976562500e+02 3.403165893554687500e+02 4.191572570800781250e+02 1.244997329711914062e+02 2.503791503906250000e+02 3.884548950195312500e+02
9.919953918457031250e+01 5.162231445312500000e+02 7.114447021484375000e+01 1.445308837890625000e+02 1.349685821533203125e+02 4.518621582031250000e+03 1.535843505859375000e+02 1.519687500000000000e+02 1.849857421875000000e+03 3.690355834960937500e+02 2.862240600585937500e+02 3.351254577636718750e+02 4.235518188476562500e+02 1.248383636474609375e+02 2.619072570800781250e+02 3.910638122558593750e+02
1.042474975585937500e+02 5.224715576171875000e+02 7.140901947021484375e+01 1.487585144042968750e+02 1.376970062255859375e+02 4.561541992187500000e+03 1.570040130615234375e+02 1.511453857421875000e+02 1.867301513671875000e+03 3.790988464355468750e+02 2.907240295410156250e+02 3.407693481445312500e+02 4.293925170898437500e+02 1.310863342285156250e+02 2.672465515136718750e+02 3.985369567871093750e+02
1.058145141601562500e+02 5.259277343750000000e+02 7.042955780029296875e+01 1.570035247802734375e+02 1.377712097167968750e+02 4.572253906250000000e+03 1.582056427001953125e+02 1.489741821289062500e+02 1.870918945312500000e+03 3.796791992187500000e+02 2.982670593261718750e+02 3.397066650390625000e+02 4.339482727050781250e+02 1.309702453613281250e+02 2.723936767578125000e+02 4.059685058593750000e+02
1.045225830078125000e+02 5.164595336914062500e+02 6.919355010986328125e+01 1.540308532714843750e+02 1.362998962402343750e+02 4.517760253906250000e+03 1.557874450683593750e+02 1.439054870605468750e+02 1.843734252929687500e+03 3.754205932617187500e+02 2.923010253906250000e+02 3.312686767578125000e+02 4.296624145507812500e+02 1.268394241333007812e+02 2.674391174316406250e+02 4.074870605468750000e+02
1.086020812988281250e+02 5.160852661132812500e+02 7.071117401123046875e+01 1.533025207519531250e+02 1.395009307861328125e+02 4.524388671875000000e+03 1.585964813232421875e+02 1.454953765869140625e+02 1.853267333984375000e+03 3.656797180175781250e+02 2.927094116210937500e+02 3.337648010253906250e+02 4.302437744140625000e+02 1.344964904785156250e+02 2.728369750976562500e+02 4.020625915527343750e+02
1.094293975830078125e+02 5.245211181640625000e+02 7.030698394775390625e+01 1.566179809570312500e+02 1.537602539062500000e+02 4.578525878906250000e+03 1.630148315429687500e+02 1.419509277343750000e+02 1.881887207031250000e+03 3.741177978515625000e+02 3.010202941894531250e+02 3.370137023925781250e+02 4.357910156250000000e+02 1.384731140136718750e+02 2.639581909179687500e+02 4.111441345214843750e+02
1.029801483154296875e+02 5.242860717773437500e+02 6.607006835937500000e+01 1.545874328613281250e+02 1.546410827636718750e+02 4.529731445312500000e+03 1.591454467773437500e+02 1.364627685546875000e+02 1.866190917968750000e+03 3.745051879882812500e+02 2.921094665527343750e+02 3.333983764648437500e+02 4.243548889160156250e+02 1.317667388916015625e+02 2.684818725585937500e+02 4.094989624023437500e+02
9.702603149414062500e+01 5.071782836914062500e+02 5.931388473510742188e+01 1.564772338867187500e+02 1.506585693359375000e+02 4.417892089843750000e+03 1.535458679199218750e+02 1.378658752441406250e+02 1.817085937500000000e+03 3.700294189453125000e+02 2.861845092773437500e+02 3.194197692871093750e+02 4.102286071777343750e+02 1.317832183837890625e+02 2.665141296386718750e+02 4.007004089355468750e+02
9.141875457763671875e+01 4.989693908691406250e+02 5.593109893798828125e+01 1.551008300781250000e+02 1.478138580322265625e+02 4.337919433593750000e+03 1.521629180908203125e+02 1.320180664062500000e+02 1.782893310546875000e+03 3.679776916503906250e+02 2.832594299316406250e+02 3.118082275390625000e+02 4.045399475097656250e+02 1.346385040283203125e+02 2.562413024902343750e+02 3.990619506835937500e+02
8.806040954589843750e+01 5.187136840820312500e+02 6.047354125976562500e+01 1.669099731445312500e+02 1.628801574707031250e+02 4.477591796875000000e+03 1.524000396728515625e+02 1.388179016113281250e+02 1.858115356445312500e+03 3.753289794921875000e+02 2.913701477050781250e+02 3.342111816406250000e+02 4.041205749511718750e+02 1.321950836181640625e+02 2.615634155273437500e+02 4.044618225097656250e+02
9.299684143066406250e+01 5.215430908203125000e+02 6.300627136230468750e+01 1.658851623535156250e+02 1.738300781250000000e+02 4.576910156250000000e+03 1.536757507324218750e+02 1.400945129394531250e+02 1.908961181640625000e+03 3.948718566894531250e+02 3.003674926757812500e+02 3.485683593750000000e+02 3.995969238281250000e+02 1.291813812255859375e+02 2.640732116699218750e+02 4.122304382324218750e+02
9.119893646240234375e+01 5.371317138671875000e+02 6.155390167236328125e+01 1.613961181640625000e+02 1.732865600585937500e+02 4.577078613281250000e+03 1.500383148193359375e+02 1.376388244628906250e+02 1.906962768554687500e+03 3.975524597167968750e+02 3.062036437988281250e+02 3.476412353515625000e+02 3.883242797851562500e+02 1.222911376953125000e+02 2.640542602539062500e+02 4.192346801757812500e+02
9.617507171630859375e+01 5.448999023437500000e+02 6.368394470214843750e+01 1.627830352783203125e+02 1.802593536376953125e+02 4.639253417968750000e+03 1.513641662597656250e+02 1.389754638671875000e+02 1.936613037109375000e+03 4.050082397460937500e+02 3.191964111328125000e+02 3.556895446777343750e+02 3.935271911621093750e+02 1.155512771606445312e+02 2.642337341308593750e+02 4.263489379882812500e+02
9.866754913330078125e+01 5.544904785156250000e+02 6.442999267578125000e+01 1.729067382812500000e+02 1.838638610839843750e+02 4.663816406250000000e+03 1.525941162109375000e+02 1.405499420166015625e+02 1.943412597656250000e+03 4.028480224609375000e+02 3.205885620117187500e+02 3.538886413574218750e+02 3.963171386718750000e+02 1.137365722656250000e+02 2.576931762695312500e+02 4.329997253417968750e+02
1.023882598876953125e+02 5.562709350585937500e+02 6.639597320556640625e+01 1.715361328125000000e+02 1.880695343017578125e+02 4.691754882812500000e+03 1.569166870117187500e+02 1.437864379882812500e+02 1.953964477539062500e+03 4.038820190429687500e+02 3.201247863769531250e+02 3.555855712890625000e+02 4.024878540039062500e+02 1.153308639526367188e+02 2.488516540527343750e+02 4.415887451171875000e+02
9.962610626220703125e+01 5.492131347656250000e+02 6.425624847412109375e+01 1.688424377441406250e+02 1.874458770751953125e+02 4.653776367187500000e+03 1.636560668945312500e+02 1.399470520019531250e+02 1.943346679687500000e+03 4.029616699218750000e+02 3.124533996582031250e+02 3.571456909179687500e+02 4.046214294433593750e+02 1.184631195068359375e+02 2.411661376953125000e+02 4.273381042480468750e+02
1.050719604492187500e+02 5.242496948242187500e+02 6.157682800292968750e+01 1.635195617675781250e+02 1.847202911376953125e+02 4.546270996093750000e+03 1.557676544189453125e+02 1.364135742187500000e+02 1.894362060546875000e+03 3.876065979003906250e+02 3.007321472167968750e+02 3.427534179687500000e+02 3.959904785156250000e+02 1.159716644287109375e+02 2.304924926757812500e+02 4.177256469726562500e+02
1.019103622436523438e+02 5.249033203125000000e+02 5.815226364135742188e+01 1.615104217529296875e+02 1.829383239746093750e+02 4.513342773437500000e+03 1.525807342529296875e+02 1.332724304199218750e+02 1.874453002929687500e+03 3.925093383789062500e+02 2.969195251464843750e+02 3.404326171875000000e+02 3.921036071777343750e+02 1.110409622192382812e+02 2.254363098144531250e+02 4.252475585937500000e+02
