1.063850860595703125e+02 4.479119873046875000e+02 6.656659698486328125e+01 1.098454437255859375e+02 1.131039733886718750e+02 3.159829833984375000e+03 1.544379882812500000e+02 1.630383758544921875e+02 1.609789672851562500e+03 3.263256835937500000e+02 2.625094604492187500e+02 3.264877014160156250e+02 5.404685058593750000e+02 1.113287658691406250e+02 2.683233642578125000e+02 3.345909118652343750e+02
9.374217224121093750e+01 4.485636596679687500e+02 6.342753982543945312e+01 1.066166381835937500e+02 1.134484100341796875e+02 3.142479492187500000e+03 1.503426818847656250e+02 1.565903015136718750e+02 1.554313964843750000e+03 3.129578247070312500e+02 2.667705078125000000e+02 3.270262145996093750e+02 5.367947387695312500e+02 1.019886474609375000e+02 2.757043762207031250e+02 3.417287597656250000e+02
8.103623962402343750e+01 4.469319152832031250e+02 5.753561782836914062e+01 1.030155944824218750e+02 1.137481307983398438e+02 3.052512207031250000e+03 1.503822326660156250e+02 1.532433776855468750e+02 1.614915405273437500e+03 3.088850097656250000e+02 2.592011718750000000e+02 3.262290039062500000e+02 5.177636108398437500e+02 9.570373535156250000e+01 2.697001342773437500e+02 3.366958007812500000e+02
9.801578521728515625e+01 4.439505004882812500e+02 4.650048828125000000e+01 9.776994323730468750e+01 1.140336456298828125e+02 2.994231933593750000e+03 1.440346832275390625e+02 1.423114471435546875e+02 1.589071899414062500e+03 3.090555419921875000e+02 2.473980255126953125e+02 3.252364501953125000e+02 5.341190185546875000e+02 1.090662078857421875e+02 2.610287170410156250e+02 3.224011230468750000e+02
8.910200500488281250e+01 4.525570068359375000e+02 4.329673004150390625e+01 9.360655212402343750e+01 1.143246841430664062e+02 3.033277343750000000e+03 1.426630859375000000e+02 1.400687561035156250e+02 1.525064208984375000e+03 3.348564453125000000e+02 2.582178039550781250e+02 3.256887512207031250e+02 5.129143676757812500e+02 1.086392593383789062e+02 2.567491760253906250e+02 3.185753173828125000e+02
7.599984741210937500e+01 4.391664428710937500e+02 3.716574859619140625e+01 9.232458496093750000e+01 1.142262573242187500e+02 3.012834228515625000e+03 1.376889953613281250e+02 1.468856506347656250e+02 1.480544677734375000e+03 3.307180786132812500e+02 2.577955932617187500e+02 3.245722961425781250e+02 4.990921936035156250e+02 1.038034667968750000e+02 2.415029907226562500e+02 3.232170715332031250e+02
7.079467773437500000e+01 4.592444458007812500e+02 3.180177307128906250e+01 9.087503051757812500e+01 1.143309860229492188e+02 3.008285156250000000e+03 1.574388732910156250e+02 1.445224151611328125e+02 1.408734741210937500e+03 3.476135864257812500e+02 2.679839477539062500e+02 3.244649658203125000e+02 5.084622802734375000e+02 1.007885971069335938e+02 2.407572021484375000e+02 3.188020019531250000e+02
7.158257293701171875e+01 4.555355834960937500e+02 3.537642288208007812e+01 9.217063903808593750e+01 1.151332244873046875e+02 3.013795654296875000e+03 1.469994659423828125e+02 1.444669189453125000e+02 1.370546386718750000e+03 3.311993103027343750e+02 2.791004028320312500e+02 3.249200439453125000e+02 5.255075683593750000e+02 9.926118469238281250e+01 2.209354553222656250e+02 3.137865600585937500e+02
6.939908599853515625e+01 4.397864379882812500e+02 2.963289642333984375e+01 9.034811401367187500e+01 1.148485488891601562e+02 3.032542968750000000e+03 1.460306701660156250e+02 1.338708343505859375e+02 1.335884643554687500e+03 3.153218383789062500e+02 2.680068359375000000e+02 3.221736145019531250e+02 5.141281738281250000e+02 9.803047180175781250e+01 2.118912048339843750e+02 3.137615661621093750e+02
7.326513671875000000e+01 4.293875122070312500e+02 2.639921951293945312e+01 9.117997741699218750e+01 1.148472900390625000e+02 3.059919433593750000e+03 1.397539978027343750e+02 1.374267578125000000e+02 1.282577270507812500e+03 3.085607299804687500e+02 2.656382141113281250e+02 3.236091308593750000e+02 4.842318115234375000e+02 9.731224822998046875e+01 2.046692352294921875e+02 3.092677001953125000e+02
7.035533142089843750e+01 4.324292602539062500e+02 2.991002273559570312e+01 9.047940063476562500e+01 1.153160095214843750e+02 3.102665039062500000e+03 1.368505859375000000e+02 1.353465881347656250e+02 1.241506103515625000e+03 3.131542358398437500e+02 2.631027221679687500e+02 3.242101135253906250e+02 4.877333068847656250e+02 9.506754302978515625e+01 2.060210876464843750e+02 3.124928588867187500e+02
6.754353332519531250e+01 4.284064331054687500e+02 2.487887954711914062e+01 8.986564636230468750e+01 1.153101272583007812e+02 3.034620117187500000e+03 1.354572448730468750e+02 1.311662292480468750e+02 1.211298828125000000e+03 3.200856933593750000e+02 2.644082031250000000e+02 3.230703735351562500e+02 4.713336791992187500e+02 9.735304260253906250e+01 1.924276275634765625e+02 3.115291748046875000e+02
6.853237915039062500e+01 4.246494140625000000e+02 2.304364013671875000e+01 8.883198547363281250e+01 1.156801300048828125e+02 3.055664550781250000e+03 1.329057617187500000e+02 1.291889953613281250e+02 1.215302978515625000e+03 3.202248535156250000e+02 2.602322998046875000e+02 3.227385253906250000e+02 4.552280883789062500e+02 9.872219848632812500e+01 2.112217864990234375e+02 3.244063415527343750e+02
8.611511993408203125e+01 4.281175537109375000e+02 2.929193496704101562e+01 8.917163085937500000e+01 1.155139923095703125e+02 3.032920898437500000e+03 1.327815551757812500e+02 1.348397216796875000e+02 1.198737792968750000e+03 3.068982543945312500e+02 2.582175903320312500e+02 3.228678894042968750e+02 4.541499633789062500e+02 1.019805145263671875e+02 1.959378814697265625e+02 3.305856018066406250e+02
7.826979064941406250e+01 4.220024719238281250e+02 3.141085433959960938e+01 9.064636230468750000e+01 1.155673217773437500e+02 3.058726074218750000e+03 1.375332031250000000e+02 1.349116058349609375e+02 1.203593017578125000e+03 3.286061401367187500e+02 2.560009765625000000e+02 3.204831848144531250e+02 4.432194824218750000e+02 1.012464599609375000e+02 1.994532623291015625e+02 3.376542663574218750e+02
7.473286437988281250e+01 4.263688964843750000e+02 3.006627655029296875e+01 9.291238403320312500e+01 1.148844833374023438e+02 3.021889648437500000e+03 1.340175476074218750e+02 1.284467163085937500e+02 1.186599487304687500e+03 3.492109069824218750e+02 2.567703552246093750e+02 3.118643188476562500e+02 4.407848510742187500e+02 1.024255752563476562e+02 1.985994567871093750e+02 3.381852722167968750e+02
8.807175445556640625e+01 4.532171020507812500e+02 3.866783905029296875e+01 1.053110809326171875e+02 1.151008529663085938e+02 3.155954101562500000e+03 1.454396667480468750e+02 1.504356994628906250e+02 1.300307739257812500e+03 3.703099670410156250e+02 2.785729675292968750e+02 3.175310668945312500e+02 4.522308654785156250e+02 1.116090545654296875e+02 1.997406921386718750e+02 3.581264648437500000e+02
8.309224700927734375e+01 4.634928588867187500e+02 4.539524841308593750e+01 1.124040222167968750e+02 1.148263473510742188e+02 3.163405761718750000e+03 1.483325042724609375e+02 1.483086547851562500e+02 1.360077148437500000e+03 3.812794494628906250e+02 2.777717285156250000e+02 3.200080261230468750e+02 4.437385864257812500e+02 1.117581558227539062e+02 2.056674346923828125e+02 3.801759033203125000e+02
8.507815551757812500e+01 4.749299011230468750e+02 5.082370758056640625e+01 1.194195251464843750e+02 1.152689590454101562e+02 3.399495605468750000e+03 1.451681976318359375e+02 1.562143249511718750e+02 1.362832397460937500e+03 3.786622924804687500e+02 2.950625305175781250e+02 3.208808593750000000e+02 4.730198974609375000e+02 1.219531555175781250e+02 2.242429809570312500e+02 4.069151306152343750e+02
8.803823089599609375e+01 4.713384704589843750e+02 5.210247802734375000e+01 1.396610107421875000e+02 1.157847824096679688e+02 3.504506591796875000e+03 1.450941772460937500e+02 1.670125274658203125e+02 1.412855712890625000e+03 3.975765991210937500e+02 3.187904968261718750e+02 3.225317382812500000e+02 4.920325622558593750e+02 1.291244201660156250e+02 2.367645263671875000e+02 4.222559814453125000e+02
1.058827056884765625e+02 4.705623168945312500e+02 5.268977355957031250e+01 1.491635742187500000e+02 1.155041275024414062e+02 3.556686523437500000e+03 1.549809570312500000e+02 1.621275939941406250e+02 1.375546142578125000e+03 3.883808898925781250e+02 3.109707641601562500e+02 3.196791381835937500e+02 4.933565673828125000e+02 1.285382232666015625e+02 2.282704620361328125e+02 4.261725769042968750e+02
1.088792724609375000e+02 5.002322998046875000e+02 6.320786666870117188e+01 1.681211547851562500e+02 1.153106842041015625e+02 3.633281250000000000e+03 1.584822387695312500e+02 1.673909912109375000e+02 1.515061279296875000e+03 3.505466613769531250e+02 3.248342590332031250e+02 3.214132995605468750e+02 4.775121459960937500e+02 1.215316162109375000e+02 2.222392578125000000e+02 4.138838195800781250e+02
1.037949676513671875e+02 4.767691040039062500e+02 6.165196990966796875e+01 1.628051147460937500e+02 1.109083099365234375e+02 3.934450927734375000e+03 1.535760955810546875e+02 1.568630065917968750e+02 1.515357299804687500e+03 3.465194702148437500e+02 3.051901245117187500e+02 3.018822021484375000e+02 5.510824584960937500e+02 1.119353103637695312e+02 2.110516967773437500e+02 3.865430297851562500e+02
8.901731109619140625e+01 4.228355712890625000e+02 4.943968963623046875e+01 1.290265502929687500e+02 9.442742919921875000e+01 3.557670654296875000e+03 1.378776245117187500e+02 1.363920898437500000e+02 1.412315551757812500e+03 3.492732849121093750e+02 2.632843627929687500e+02 3.003217773437500000e+02 5.063488769531250000e+02 9.953118133544921875e+01 1.950183258056640625e+02 3.497186584472656250e+02
7.699180603027343750e+01 3.967137451171875000e+02 3.459937667846679688e+01 1.074304046630859375e+02 9.513296508789062500e+01 3.414990722656250000e+03 1.282424011230468750e+02 1.261575088500976562e+02 1.300250854492187500e+03 3.434932250976562500e+02 2.387812652587890625e+02 2.885064086914062500e+02 5.060633544921875000e+02 9.397335052490234375e+01 1.854689636230468750e+02 3.261981811523437500e+02
7.163718414306640625e+01 3.827288208007812500e+02 2.696551895141601562e+01 9.838278198242187500e+01 9.432931518554687500e+01 3.289590332031250000e+03 1.280488891601562500e+02 1.189537811279296875e+02 1.212872436523437500e+03 3.315921936035156250e+02 2.270368652343750000e+02 2.820926513671875000e+02 5.003645324707031250e+02 9.122526550292968750e+01 1.768917083740234375e+02 3.124794921875000000e+02
6.788679504394531250e+01 3.851179504394531250e+02 2.710653305053710938e+01 9.717631530761718750e+01 9.699287414550781250e+01 3.141046386718750000e+03 1.287061767578125000e+02 1.177642517089843750e+02 1.181864379882812500e+03 3.092594604492187500e+02 2.229634704589843750e+02 2.842705383300781250e+02 4.838776245117187500e+02 9.011517333984375000e+01 1.731291809082031250e+02 3.144515686035156250e+02
6.970850372314453125e+01 4.058287963867187500e+02 2.953106307983398438e+01 1.023679046630859375e+02 1.004266510009765625e+02 3.126427734375000000e+03 1.278050994873046875e+02 1.180200424194335938e+02 1.186198242187500000e+03 3.274840698242187500e+02 2.372125549316406250e+02 2.959818725585937500e+02 4.868988342285156250e+02 9.032623291015625000e+01 1.810886535644531250e+02 3.320469360351562500e+02
6.825326538085937500e+01 4.184752197265625000e+02 3.537738037109375000e+01 1.041927337646484375e+02 1.018162994384765625e+02 3.181564453125000000e+03 1.283107452392578125e+02 1.245818405151367188e+02 1.242088378906250000e+03 3.535975341796875000e+02 2.389145507812500000e+02 3.031395263671875000e+02 4.952215881347656250e+02 9.555302429199218750e+01 1.817588653564453125e+02 3.471179199218750000e+02
7.235406494140625000e+01 4.231862792968750000e+02 3.455114746093750000e+01 1.018580627441406250e+02 1.026924591064453125e+02 3.099376708984375000e+03 1.321876831054687500e+02 1.245884704589843750e+02 1.268098022460937500e+03 3.294869079589843750e+02 2.389085693359375000e+02 3.040813293457031250e+02 4.864240722656250000e+02 1.001759109497070312e+02 1.744545898437500000e+02 3.528765869140625000e+02
7.164979553222656250e+01 4.432492675781250000e+02 3.732965850830078125e+01 1.099692077636718750e+02 1.054267120361328125e+02 3.107427490234375000e+03 1.318394165039062500e+02 1.407865295410156250e+02 1.282190185546875000e+03 3.249467163085937500e+02 2.472881622314453125e+02 3.094147338867187500e+02 4.939391479492187500e+02 9.765625762939453125e+01 1.668034973144531250e+02 3.500410461425781250e+02
7.150463867187500000e+01 4.283010559082031250e+02 4.201362991333007812e+01 1.107176208496093750e+02 1.064191207885742188e+02 3.256458984375000000e+03 1.282230834960937500e+02 1.372670288085937500e+02 1.229121215820312500e+03 3.199585571289062500e+02 2.438904571533203125e+02 3.111326599121093750e+02 5.078001708984375000e+02 9.755002593994140625e+01 1.761413269042968750e+02 3.471276855468750000e+02
7.233819580078125000e+01 4.225553588867187500e+02 4.362502288818359375e+01 1.184440155029296875e+02 1.051596755981445312e+02 3.397669189453125000e+03 1.265629882812500000e+02 1.294710388183593750e+02 1.237505126953125000e+03 3.343836364746093750e+02 2.420176544189453125e+02 3.125031433105468750e+02 5.180228271484375000e+02 9.979293823242187500e+01 1.846884460449218750e+02 3.467276000976562500e+02
8.437661743164062500e+01 4.194998779296875000e+02 4.539514923095703125e+01 1.182729644775390625e+02 1.030615234375000000e+02 3.542439941406250000e+03 1.298271942138671875e+02 1.289094543457031250e+02 1.224751953125000000e+03 3.198942871093750000e+02 2.411481170654296875e+02 3.134240112304687500e+02 5.216519775390625000e+02 9.750422668457031250e+01 1.955616455078125000e+02 3.505733337402343750e+02
8.167761993408203125e+01 4.490845947265625000e+02 5.018612670898437500e+01 1.214919281005859375e+02 1.049868621826171875e+02 4.374854980468750000e+03 1.453468170166015625e+02 1.368893127441406250e+02 1.358911010742187500e+03 3.144549255371093750e+02 2.540401458740234375e+02 3.121309204101562500e+02 5.283190917968750000e+02 9.675758361816406250e+01 2.122018890380859375e+02 3.483280639648437500e+02
8.554618835449218750e+01 4.624263916015625000e+02 5.185114288330078125e+01 1.186113128662109375e+02 1.075776062011718750e+02 4.912018066406250000e+03 1.503436737060546875e+02 1.395227661132812500e+02 1.296057617187500000e+03 3.150327758789062500e+02 2.561277465820312500e+02 3.141122741699218750e+02 5.245745239257812500e+02 9.607119750976562500e+01 2.168597869873046875e+02 3.692181396484375000e+02
9.863385009765625000e+01 4.566647338867187500e+02 5.057435607910156250e+01 1.137458648681640625e+02 1.071482620239257812e+02 5.244333496093750000e+03 1.467804565429687500e+02 1.391000061035156250e+02 1.301551147460937500e+03 3.358095397949218750e+02 2.498043975830078125e+02 3.131074829101562500e+02 5.331180419921875000e+02 9.653880310058593750e+01 2.091322631835937500e+02 3.713487854003906250e+02
9.540823364257812500e+01 4.461689453125000000e+02 4.419773483276367188e+01 1.092417144775390625e+02 1.070587158203125000e+02 4.675901855468750000e+03 1.418152770996093750e+02 1.362143859863281250e+02 1.379148803710937500e+03 3.590089416503906250e+02 2.501473999023437500e+02 3.128359069824218750e+02 5.457153320312500000e+02 9.580539703369140625e+01 1.958352661132812500e+02 3.562855834960937500e+02
8.242358398437500000e+01 4.409411010742187500e+02 4.601218414306640625e+01 1.073373565673828125e+02 1.079993743896484375e+02 3.974479248046875000e+03 1.398695831298828125e+02 1.321830444335937500e+02 1.452588378906250000e+03 3.480318298339843750e+02 2.489300842285156250e+02 3.083631896972656250e+02 5.520180664062500000e+02 1.063507919311523438e+02 1.934751586914062500e+02 3.393863525390625000e+02
8.355308532714843750e+01 4.416478881835937500e+02 5.646027755737304688e+01 1.089546051025390625e+02 1.083483734130859375e+02 4.091691650390625000e+03 1.389014282226562500e+02 1.341182556152343750e+02 1.440989624023437500e+03 3.250759887695312500e+02 2.455834960937500000e+02 3.116654052734375000e+02 5.567709960937500000e+02 1.213648376464843750e+02 2.159936828613281250e+02 3.327278442382812500e+02
9.342921447753906250e+01 4.794234008789062500e+02 5.934961318969726562e+01 1.189058380126953125e+02 1.092913665771484375e+02 4.283694335937500000e+03 1.381931457519531250e+02 1.430089416503906250e+02 1.399751342773437500e+03 3.111402587890625000e+02 2.635120239257812500e+02 3.159620971679687500e+02 5.551053466796875000e+02 1.269026947021484375e+02 2.412667236328125000e+02 3.519939880371093750e+02
8.698194885253906250e+01 4.676022338867187500e+02 5.551835250854492188e+01 1.171364898681640625e+02 1.103555755615234375e+02 4.437119628906250000e+03 1.439170532226562500e+02 1.370540466308593750e+02 1.384766601562500000e+03 3.118251342773437500e+02 2.641978759765625000e+02 3.136861572265625000e+02 5.506551513671875000e+02 1.222711639404296875e+02 2.592123413085937500e+02 3.601337280273437500e+02
9.553128051757812500e+01 4.738883666992187500e+02 5.311737823486328125e+01 1.218453369140625000e+02 1.111987152099609375e+02 4.592169921875000000e+03 1.495078887939453125e+02 1.349992675781250000e+02 1.382945678710937500e+03 3.285931701660156250e+02 2.678243408203125000e+02 3.161791076660156250e+02 5.503389892578125000e+02 1.304647979736328125e+02 2.656729431152343750e+02 3.758110351562500000e+02
9.627589416503906250e+01 4.880682373046875000e+02 5.097544860839843750e+01 1.419806823730468750e+02 1.115411987304687500e+02 4.418104980468750000e+03 1.492450256347656250e+02 1.359273223876953125e+02 1.552074829101562500e+03 3.262914733886718750e+02 2.839511413574218750e+02 3.172467041015625000e+02 5.549714355468750000e+02 1.259309158325195312e+02 2.711824645996093750e+02 3.893201599121093750e+02
9.110110473632812500e+01 4.713895874023437500e+02 5.000321960449218750e+01 1.355940856933593750e+02 1.113577957153320312e+02 4.227310546875000000e+03 1.439974517822265625e+02 1.324625091552734375e+02 1.618701049804687500e+03 3.160662231445312500e+02 2.727208557128906250e+02 3.117862548828125000e+02 5.567044677734375000e+02 1.165129394531250000e+02 2.568985595703125000e+02 3.895590515136718750e+02
9.984986877441406250e+01 4.719857788085937500e+02 5.578012847900390625e+01 1.336104736328125000e+02 1.120609359741210938e+02 4.442752929687500000e+03 1.465442810058593750e+02 1.346111145019531250e+02 1.612675903320312500e+03 3.109024658203125000e+02 2.704544372558593750e+02 3.143557739257812500e+02 5.558069458007812500e+02 1.309594268798828125e+02 2.665548706054687500e+02 3.779368896484375000e+02
1.048093719482421875e+02 4.963800048828125000e+02 5.707170486450195312e+01 1.409169616699218750e+02 1.137360687255859375e+02 4.274866210937500000e+03 1.580968627929687500e+02 1.322271118164062500e+02 1.706504150390625000e+03 3.253701171875000000e+02 2.876745300292968750e+02 3.174620971679687500e+02 5.578808593750000000e+02 1.394914093017578125e+02 2.499122009277343750e+02 4.033504638671875000e+02
9.320886993408203125e+01 5.022003173828125000e+02 5.120955657958984375e+01 1.363397521972656250e+02 1.141711502075195312e+02 4.189245117187500000e+03 1.525655059814453125e+02 1.281333618164062500e+02 1.762464721679687500e+03 3.249035949707031250e+02 2.738807983398437500e+02 3.158107299804687500e+02 5.524636230468750000e+02 1.252194366455078125e+02 2.594499511718750000e+02 3.991896362304687500e+02
8.349024963378906250e+01 4.725817871093750000e+02 4.117711639404296875e+01 1.370209503173828125e+02 1.132085342407226562e+02 4.020417724609375000e+03 1.441620788574218750e+02 1.298215789794921875e+02 1.671550781250000000e+03 3.197062683105468750e+02 2.616183471679687500e+02 2.994852905273437500e+02 5.468035278320312500e+02 1.197259979248046875e+02 2.555633239746093750e+02 3.817225341796875000e+02
7.787302398681640625e+01 4.550136108398437500e+02 3.720772933959960938e+01 1.323345184326171875e+02 1.121676864624023438e+02 3.978678710937500000e+03 1.415772705078125000e+02 1.253846740722656250e+02 1.699445068359375000e+03 3.219880371093750000e+02 2.560816040039062500e+02 2.903720092773437500e+02 5.487056274414062500e+02 1.256522750854492188e+02 2.381546783447265625e+02 3.786553344726562500e+02
7.453586578369140625e+01 5.037872924804687500e+02 5.164435577392578125e+01 1.580133056640625000e+02 1.137876052856445312e+02 4.004138916015625000e+03 1.412269592285156250e+02 1.324682617187500000e+02 1.621310668945312500e+03 3.443194580078125000e+02 2.686811828613281250e+02 3.033712463378906250e+02 5.567951660156250000e+02 1.195015792846679688e+02 2.460252532958984375e+02 3.902483520507812500e+02
8.248489379882812500e+01 4.986915893554687500e+02 5.942801284790039062e+01 1.471345672607421875e+02 1.151244277954101562e+02 4.110543457031250000e+03 1.415626831054687500e+02 1.312238006591796875e+02 1.517749145507812500e+03 3.915218505859375000e+02 2.811136169433593750e+02 3.135204467773437500e+02 5.509929199218750000e+02 1.135088119506835938e+02 2.511851959228515625e+02 3.998504638671875000e+02
7.866769409179687500e+01 5.156423950195312500e+02 5.460456466674804688e+01 1.282071228027343750e+02 1.150218429565429688e+02 4.033425537109375000e+03 1.361954956054687500e+02 1.258310241699218750e+02 1.447568237304687500e+03 3.769114379882812500e+02 2.781317749023437500e+02 3.156694641113281250e+02 5.418253173828125000e+02 1.042291259765625000e+02 2.528815307617187500e+02 4.032488098144531250e+02
8.738368988037109375e+01 5.122968750000000000e+02 5.580619049072265625e+01 1.211865844726562500e+02 1.154778900146484375e+02 3.955569091796875000e+03 1.352651214599609375e+02 1.247519836425781250e+02 1.422352050781250000e+03 3.687181701660156250e+02 2.949169006347656250e+02 3.193627319335937500e+02 5.493014526367187500e+02 9.757404327392578125e+01 2.569152221679687500e+02 4.079828186035156250e+02
