1.093491744995117188e+02 5.264743041992187500e+02 7.428775787353515625e+01 1.456887207031250000e+02 1.591854705810546875e+02 4.627485839843750000e+03 1.816451416015625000e+02 1.803259735107421875e+02 1.978713256835937500e+03 3.799496765136718750e+02 3.137974243164062500e+02 3.919559020996093750e+02 4.522503051757812500e+02 1.369948577880859375e+02 2.465500335693359375e+02 3.717817382812500000e+02
1.096153869628906250e+02 5.311733398437500000e+02 7.490698242187500000e+01 1.484666748046875000e+02 1.617810974121093750e+02 4.681717285156250000e+03 1.809448547363281250e+02 1.818024444580078125e+02 2.009176635742187500e+03 3.779041748046875000e+02 3.203085632324218750e+02 3.999949951171875000e+02 4.463048706054687500e+02 1.320056152343750000e+02 2.529521789550781250e+02 3.762084045410156250e+02
1.067407379150390625e+02 5.333218383789062500e+02 7.357804870605468750e+01 1.494667968750000000e+02 1.640985412597656250e+02 4.681004882812500000e+03 1.804301910400390625e+02 1.815600891113281250e+02 2.009379882812500000e+03 3.759936828613281250e+02 3.196601562500000000e+02 3.991723327636718750e+02 4.376661682128906250e+02 1.259373474121093750e+02 2.590570068359375000e+02 3.764340515136718750e+02
1.096099395751953125e+02 5.307417602539062500e+02 7.094866180419921875e+01 1.473721923828125000e+02 1.648209075927734375e+02 4.646435546875000000e+03 1.775195007324218750e+02 1.776696777343750000e+02 1.994460937500000000e+03 3.725784301757812500e+02 3.129561462402343750e+02 3.976173095703125000e+02 4.357156982421875000e+02 1.261771087646484375e+02 2.623981018066406250e+02 3.707380065917968750e+02
1.082769851684570312e+02 5.335322875976562500e+02 6.994380187988281250e+01 1.443040313720703125e+02 1.666520080566406250e+02 4.664376464843750000e+03 1.746706237792968750e+02 1.777291412353515625e+02 2.007027709960937500e+03 3.762781066894531250e+02 3.160403442382812500e+02 4.006466064453125000e+02 4.255921936035156250e+02 1.242996978759765625e+02 2.663311462402343750e+02 3.696612548828125000e+02
1.011293411254882812e+02 5.295975952148437500e+02 6.658644866943359375e+01 1.403882446289062500e+02 1.667376098632812500e+02 4.654114746093750000e+03 1.701664581298828125e+02 1.788884887695312500e+02 2.007070312500000000e+03 3.775470581054687500e+02 3.149070129394531250e+02 3.996699829101562500e+02 4.117720947265625000e+02 1.230670318603515625e+02 2.665132446289062500e+02 3.699787292480468750e+02
9.596360778808593750e+01 5.287041625976562500e+02 6.183377456665039062e+01 1.338589019775390625e+02 1.659251098632812500e+02 4.614740722656250000e+03 1.714080047607421875e+02 1.762995452880859375e+02 1.990630371093750000e+03 3.772719116210937500e+02 3.149037475585937500e+02 3.974854736328125000e+02 4.088305969238281250e+02 1.188415832519531250e+02 2.671830139160156250e+02 3.654502563476562500e+02
9.292773437500000000e+01 5.218208618164062500e+02 5.953253173828125000e+01 1.287125854492187500e+02 1.672851867675781250e+02 4.586288085937500000e+03 1.664542236328125000e+02 1.744099731445312500e+02 1.983448852539062500e+03 3.697864074707031250e+02 3.138768615722656250e+02 3.966364746093750000e+02 3.995987548828125000e+02 1.160492401123046875e+02 2.538627929687500000e+02 3.590850219726562500e+02
8.758783721923828125e+01 5.089588317871093750e+02 5.404062271118164062e+01 1.212030639648437500e+02 1.652099609375000000e+02 4.515853515625000000e+03 1.634515533447265625e+02 1.672795562744140625e+02 1.956144775390625000e+03 3.617475280761718750e+02 3.086428222656250000e+02 3.917972106933593750e+02 3.855587463378906250e+02 1.127880630493164062e+02 2.470868530273437500e+02 3.560718994140625000e+02
8.695385742187500000e+01 4.961299438476562500e+02 4.831462860107421875e+01 1.155700531005859375e+02 1.631843109130859375e+02 4.448216308593750000e+03 1.591005096435546875e+02 1.640001220703125000e+02 1.931856201171875000e+03 3.543700256347656250e+02 3.039044494628906250e+02 3.900379638671875000e+02 3.685085144042968750e+02 1.096273345947265625e+02 2.389843139648437500e+02 3.468822326660156250e+02
8.254782104492187500e+01 4.866225585937500000e+02 4.577235412597656250e+01 1.087395477294921875e+02 1.629878234863281250e+02 4.364940429687500000e+03 1.546540374755859375e+02 1.580927429199218750e+02 1.891163574218750000e+03 3.483079528808593750e+02 2.979949340820312500e+02 3.819879455566406250e+02 3.551900329589843750e+02 1.054779205322265625e+02 2.324910430908203125e+02 3.411839294433593750e+02
8.002745056152343750e+01 4.792922973632812500e+02 4.128066253662109375e+01 1.034423522949218750e+02 1.600744934082031250e+02 4.282568359375000000e+03 1.505458526611328125e+02 1.526808624267578125e+02 1.854293334960937500e+03 3.443298950195312500e+02 2.935797729492187500e+02 3.742912597656250000e+02 3.401902465820312500e+02 1.041569976806640625e+02 2.231724548339843750e+02 3.360972900390625000e+02
7.789329528808593750e+01 4.723524780273437500e+02 3.783124923706054688e+01 9.878402709960937500e+01 1.600405273437500000e+02 4.220195800781250000e+03 1.462875366210937500e+02 1.483098144531250000e+02 1.825259643554687500e+03 3.423103027343750000e+02 2.894622192382812500e+02 3.661787414550781250e+02 3.269242248535156250e+02 1.037919311523437500e+02 2.213992004394531250e+02 3.364463195800781250e+02
7.806352233886718750e+01 4.694244689941406250e+02 3.666972351074218750e+01 9.608122253417968750e+01 1.569976196289062500e+02 4.171386230468750000e+03 1.448620910644531250e+02 1.471460876464843750e+02 1.798880615234375000e+03 3.384292297363281250e+02 2.870473632812500000e+02 3.579931030273437500e+02 3.183436889648437500e+02 1.040033187866210938e+02 2.116618347167968750e+02 3.363387145996093750e+02
7.703414154052734375e+01 4.639546508789062500e+02 3.589397430419921875e+01 9.528704833984375000e+01 1.551176605224609375e+02 4.123300781250000000e+03 1.449385681152343750e+02 1.459415283203125000e+02 1.769487304687500000e+03 3.418998413085937500e+02 2.839510192871093750e+02 3.468399353027343750e+02 3.134123840332031250e+02 1.050652160644531250e+02 2.077011566162109375e+02 3.371436462402343750e+02
7.780310058593750000e+01 4.640399169921875000e+02 3.580409622192382812e+01 9.637368774414062500e+01 1.511817932128906250e+02 4.095819091796875000e+03 1.430229949951171875e+02 1.431938476562500000e+02 1.749542358398437500e+03 3.464527587890625000e+02 2.848810424804687500e+02 3.389080200195312500e+02 3.106159057617187500e+02 1.076550750732421875e+02 2.061718292236328125e+02 3.391302185058593750e+02
7.988604736328125000e+01 4.718382568359375000e+02 3.875574874877929688e+01 1.027030334472656250e+02 1.498434753417968750e+02 4.159984863281250000e+03 1.468297729492187500e+02 1.491266784667968750e+02 1.773816650390625000e+03 3.557738647460937500e+02 2.937974243164062500e+02 3.405688171386718750e+02 3.156513366699218750e+02 1.092584228515625000e+02 2.062783203125000000e+02 3.479297485351562500e+02
8.099954986572265625e+01 4.788128967285156250e+02 4.212912750244140625e+01 1.099853973388671875e+02 1.465766448974609375e+02 4.194785644531250000e+03 1.494842834472656250e+02 1.514952087402343750e+02 1.776095214843750000e+03 3.650685729980468750e+02 2.976981811523437500e+02 3.359924926757812500e+02 3.238271179199218750e+02 1.108043441772460938e+02 2.082223510742187500e+02 3.588849182128906250e+02
8.562216949462890625e+01 4.913794250488281250e+02 4.655748748779296875e+01 1.183581390380859375e+02 1.466082000732421875e+02 4.272208496093750000e+03 1.522476501464843750e+02 1.558936462402343750e+02 1.800731567382812500e+03 3.753054504394531250e+02 3.079313354492187500e+02 3.353419799804687500e+02 3.382953491210937500e+02 1.155193862915039062e+02 2.173163757324218750e+02 3.725841064453125000e+02
8.984702301025390625e+01 4.982619628906250000e+02 5.103574752807617188e+01 1.304976501464843750e+02 1.461067810058593750e+02 4.355952636718750000e+03 1.530072937011718750e+02 1.624113922119140625e+02 1.822978027343750000e+03 3.884510803222656250e+02 3.200780334472656250e+02 3.348863220214843750e+02 3.426845703125000000e+02 1.204844512939453125e+02 2.243133850097656250e+02 3.877524414062500000e+02
9.717239379882812500e+01 5.076084594726562500e+02 5.477183914184570312e+01 1.415736999511718750e+02 1.423110046386718750e+02 4.399875976562500000e+03 1.585285339355468750e+02 1.662308654785156250e+02 1.821115722656250000e+03 4.007459411621093750e+02 3.268208618164062500e+02 3.299503173828125000e+02 3.538135375976562500e+02 1.245440368652343750e+02 2.323792114257812500e+02 4.026715393066406250e+02
1.031755828857421875e+02 5.256888427734375000e+02 6.199459457397460938e+01 1.567133636474609375e+02 1.407173004150390625e+02 4.505947753906250000e+03 1.623324890136718750e+02 1.744945678710937500e+02 1.856727294921875000e+03 4.080761413574218750e+02 3.406573486328125000e+02 3.319121704101562500e+02 3.628308715820312500e+02 1.273750762939453125e+02 2.371801300048828125e+02 4.139953918457031250e+02
9.596179199218750000e+01 4.554302978515625000e+02 6.355888748168945312e+01 1.435079345703125000e+02 1.340364379882812500e+02 4.232505371093750000e+03 1.452336730957031250e+02 1.502454376220703125e+02 1.713668457031250000e+03 3.813341369628906250e+02 2.989115600585937500e+02 2.908865966796875000e+02 3.715764770507812500e+02 1.095926666259765625e+02 2.316410369873046875e+02 3.830438232421875000e+02
9.994635009765625000e+01 4.667455749511718750e+02 6.612944030761718750e+01 1.547291717529296875e+02 1.283817291259765625e+02 4.263329101562500000e+03 1.493095703125000000e+02 1.553092651367187500e+02 1.712456787109375000e+03 3.991462097167968750e+02 3.065207519531250000e+02 2.872635803222656250e+02 3.838828125000000000e+02 1.126113891601562500e+02 2.345528869628906250e+02 3.904347534179687500e+02
9.711857604980468750e+01 4.514912719726562500e+02 6.297958374023437500e+01 1.473368682861328125e+02 1.212321319580078125e+02 4.200102050781250000e+03 1.436245117187500000e+02 1.506703186035156250e+02 1.683572509765625000e+03 3.948833618164062500e+02 2.932914733886718750e+02 2.831059875488281250e+02 3.753596496582031250e+02 1.094700012207031250e+02 2.327116241455078125e+02 3.837448425292968750e+02
9.136089324951171875e+01 4.240535888671875000e+02 5.694153213500976562e+01 1.341350402832031250e+02 1.105553741455078125e+02 4.056647216796875000e+03 1.387246856689453125e+02 1.402360229492187500e+02 1.619082641601562500e+03 3.835425415039062500e+02 2.733861694335937500e+02 2.704643554687500000e+02 3.636913452148437500e+02 1.041076965332031250e+02 2.221363677978515625e+02 3.665519714355468750e+02
8.274250793457031250e+01 4.037543334960937500e+02 5.169626617431640625e+01 1.231591186523437500e+02 1.039721679687500000e+02 3.945863525390625000e+03 1.335536804199218750e+02 1.312426605224609375e+02 1.570602294921875000e+03 3.722652282714843750e+02 2.553569183349609375e+02 2.602959289550781250e+02 3.500486755371093750e+02 9.870942687988281250e+01 2.162023468017578125e+02 3.541941833496093750e+02
8.076445007324218750e+01 3.971004943847656250e+02 4.838930511474609375e+01 1.180286712646484375e+02 1.006880798339843750e+02 3.918840332031250000e+03 1.284282836914062500e+02 1.250304107666015625e+02 1.562551147460937500e+03 3.685358581542968750e+02 2.491027526855468750e+02 2.624251708984375000e+02 3.423546752929687500e+02 9.530772399902343750e+01 2.131836547851562500e+02 3.483651733398437500e+02
7.775091552734375000e+01 3.934644165039062500e+02 4.801118850708007812e+01 1.157795715332031250e+02 9.900408935546875000e+01 3.929603271484375000e+03 1.266934890747070312e+02 1.250875549316406250e+02 1.570227661132812500e+03 3.689482116699218750e+02 2.433107604980468750e+02 2.654002380371093750e+02 3.439232482910156250e+02 9.463809204101562500e+01 2.101441650390625000e+02 3.470152587890625000e+02
7.670188140869140625e+01 3.913016052246093750e+02 4.656352233886718750e+01 1.133134307861328125e+02 9.825302124023437500e+01 3.905662109375000000e+03 1.259553527832031250e+02 1.215209426879882812e+02 1.559547851562500000e+03 3.628778076171875000e+02 2.388794860839843750e+02 2.626069641113281250e+02 3.439205017089843750e+02 9.399351501464843750e+01 2.061157684326171875e+02 3.452498474121093750e+02
7.659417724609375000e+01 3.975422668457031250e+02 4.683613204956054688e+01 1.171726989746093750e+02 1.028211975097656250e+02 3.965245849609375000e+03 1.253416213989257812e+02 1.254092559814453125e+02 1.593364868164062500e+03 3.623775024414062500e+02 2.413429565429687500e+02 2.713381042480468750e+02 3.499364929199218750e+02 9.243183898925781250e+01 2.002411193847656250e+02 3.428475952148437500e+02
7.637086486816406250e+01 3.975222473144531250e+02 4.812844467163085938e+01 1.204307250976562500e+02 1.050954895019531250e+02 3.995928222656250000e+03 1.236977310180664062e+02 1.253078002929687500e+02 1.610714599609375000e+03 3.613395080566406250e+02 2.401986236572265625e+02 2.766943664550781250e+02 3.536388854980468750e+02 9.192779541015625000e+01 1.991299133300781250e+02 3.401827697753906250e+02
7.644425201416015625e+01 4.037863769531250000e+02 4.984976577758789062e+01 1.258142089843750000e+02 1.055898513793945312e+02 4.032013916015625000e+03 1.229430999755859375e+02 1.239853744506835938e+02 1.629164062500000000e+03 3.627332763671875000e+02 2.399416351318359375e+02 2.831567077636718750e+02 3.591894226074218750e+02 9.242221069335937500e+01 1.987335052490234375e+02 3.399645080566406250e+02
7.820169830322265625e+01 4.099125976562500000e+02 5.181012725830078125e+01 1.292520141601562500e+02 1.060756225585937500e+02 4.087646728515625000e+03 1.246727752685546875e+02 1.259184646606445312e+02 1.656331542968750000e+03 3.619107055664062500e+02 2.420362243652343750e+02 2.915080566406250000e+02 3.665061340332031250e+02 9.240727233886718750e+01 2.029805297851562500e+02 3.431131591796875000e+02
7.819519042968750000e+01 4.234945068359375000e+02 5.289470291137695312e+01 1.318075103759765625e+02 1.107762374877929688e+02 4.141686523437500000e+03 1.298947753906250000e+02 1.295398559570312500e+02 1.682187988281250000e+03 3.669380187988281250e+02 2.476052093505859375e+02 2.960598144531250000e+02 3.779478149414062500e+02 9.342463684082031250e+01 2.094781951904296875e+02 3.468235168457031250e+02
8.505889129638671875e+01 4.850337524414062500e+02 5.179925918579101562e+01 1.460412902832031250e+02 1.112026138305664062e+02 4.330513671875000000e+03 1.450817718505859375e+02 1.488053283691406250e+02 1.757505126953125000e+03 3.827656860351562500e+02 2.790680847167968750e+02 3.132871398925781250e+02 3.608402099609375000e+02 1.041555786132812500e+02 2.116786804199218750e+02 3.808776855468750000e+02
8.927427673339843750e+01 4.902523193359375000e+02 5.321607971191406250e+01 1.432778625488281250e+02 1.143755035400390625e+02 4.380315917968750000e+03 1.463574981689453125e+02 1.495948791503906250e+02 1.783957641601562500e+03 3.800500488281250000e+02 2.770412597656250000e+02 3.188620605468750000e+02 3.670310974121093750e+02 1.048337020874023438e+02 2.117734375000000000e+02 3.857760009765625000e+02
8.975038146972656250e+01 4.851720581054687500e+02 5.234267425537109375e+01 1.372739257812500000e+02 1.167838058471679688e+02 4.366542968750000000e+03 1.456369934082031250e+02 1.466323242187500000e+02 1.786350219726562500e+03 3.774067382812500000e+02 2.731558837890625000e+02 3.211209716796875000e+02 3.730759277343750000e+02 1.023992462158203125e+02 2.079988403320312500e+02 3.814656066894531250e+02
8.547604370117187500e+01 4.857240600585937500e+02 5.389000701904296875e+01 1.336572875976562500e+02 1.207858352661132812e+02 4.368617675781250000e+03 1.441313171386718750e+02 1.449906616210937500e+02 1.794285888671875000e+03 3.735835876464843750e+02 2.703489379882812500e+02 3.213859558105468750e+02 3.762638244628906250e+02 1.048758239746093750e+02 2.082288360595703125e+02 3.766949768066406250e+02
8.831748962402343750e+01 4.849954833984375000e+02 5.719913101196289062e+01 1.319141235351562500e+02 1.231526184082031250e+02 4.388437011718750000e+03 1.432022247314453125e+02 1.457086791992187500e+02 1.811584350585937500e+03 3.686379394531250000e+02 2.670239562988281250e+02 3.280041503906250000e+02 3.823253479003906250e+02 1.096973266601562500e+02 2.156797485351562500e+02 3.730268249511718750e+02
9.088792419433593750e+01 4.897933959960937500e+02 5.918234252929687500e+01 1.327360534667968750e+02 1.259843215942382812e+02 4.396402343750000000e+03 1.430267333984375000e+02 1.487372436523437500e+02 1.821349365234375000e+03 3.603467407226562500e+02 2.689578857421875000e+02 3.330971679687500000e+02 3.841554260253906250e+02 1.134364318847656250e+02 2.242073364257812500e+02 3.731201171875000000e+02
9.074620819091796875e+01 4.843872070312500000e+02 5.892671966552734375e+01 1.306577453613281250e+02 1.294740600585937500e+02 4.362258300781250000e+03 1.455676422119140625e+02 1.445850982666015625e+02 1.810599365234375000e+03 3.555748596191406250e+02 2.689338684082031250e+02 3.320145568847656250e+02 3.869413452148437500e+02 1.136500167846679688e+02 2.330128631591796875e+02 3.717116699218750000e+02
9.353384399414062500e+01 4.873714904785156250e+02 5.965699768066406250e+01 1.333171081542968750e+02 1.328454589843750000e+02 4.376253906250000000e+03 1.474866790771484375e+02 1.442045135498046875e+02 1.820171386718750000e+03 3.604916992187500000e+02 2.716425781250000000e+02 3.377383117675781250e+02 3.906509704589843750e+02 1.174679107666015625e+02 2.405350036621093750e+02 3.744313049316406250e+02
9.573524475097656250e+01 4.901242675781250000e+02 5.936044311523437500e+01 1.384628906250000000e+02 1.337570800781250000e+02 4.350071289062500000e+03 1.494149322509765625e+02 1.423290100097656250e+02 1.806066040039062500e+03 3.608252258300781250e+02 2.769672241210937500e+02 3.373471069335937500e+02 3.948721923828125000e+02 1.192186355590820312e+02 2.496525573730468750e+02 3.793878784179687500e+02
9.661782836914062500e+01 4.900920410156250000e+02 5.876453399658203125e+01 1.391780700683593750e+02 1.340801696777343750e+02 4.312068847656250000e+03 1.504580535888671875e+02 1.404854583740234375e+02 1.785819091796875000e+03 3.602884216308593750e+02 2.770033569335937500e+02 3.335674438476562500e+02 3.958504638671875000e+02 1.182309417724609375e+02 2.490338134765625000e+02 3.823624267578125000e+02
1.007423019409179688e+02 4.952842407226562500e+02 6.031317901611328125e+01 1.410670318603515625e+02 1.378146362304687500e+02 4.315420898437500000e+03 1.543941497802734375e+02 1.429634857177734375e+02 1.788045532226562500e+03 3.570371398925781250e+02 2.807739562988281250e+02 3.349356994628906250e+02 4.003594360351562500e+02 1.239394302368164062e+02 2.543505249023437500e+02 3.823361816406250000e+02
1.023831939697265625e+02 5.069822998046875000e+02 6.123943710327148438e+01 1.465219726562500000e+02 1.489923095703125000e+02 4.360872558593750000e+03 1.586919860839843750e+02 1.425392150878906250e+02 1.808028686523437500e+03 3.652771301269531250e+02 2.899802246093750000e+02 3.370753784179687500e+02 4.065492248535156250e+02 1.285466613769531250e+02 2.508955078125000000e+02 3.908850402832031250e+02
1.008328323364257812e+02 5.116875610351562500e+02 5.971700668334960938e+01 1.487577209472656250e+02 1.515983581542968750e+02 4.348437500000000000e+03 1.576124267578125000e+02 1.401308898925781250e+02 1.798953613281250000e+03 3.701529541015625000e+02 2.884979248046875000e+02 3.362640686035156250e+02 4.007916259765625000e+02 1.272364654541015625e+02 2.541518402099609375e+02 3.946278686523437500e+02
9.857841491699218750e+01 5.076638488769531250e+02 5.697414779663085938e+01 1.538154449462890625e+02 1.511670227050781250e+02 4.301533691406250000e+03 1.556736450195312500e+02 1.415442352294921875e+02 1.769954101562500000e+03 3.715523376464843750e+02 2.888447265625000000e+02 3.265885620117187500e+02 3.952626953125000000e+02 1.295984344482421875e+02 2.556644592285156250e+02 3.929566650390625000e+02
9.569236755371093750e+01 5.081425170898437500e+02 5.633192825317382812e+01 1.575905151367187500e+02 1.517478027343750000e+02 4.283848632812500000e+03 1.561109161376953125e+02 1.391747131347656250e+02 1.756048095703125000e+03 3.736378479003906250e+02 2.912974243164062500e+02 3.221860961914062500e+02 3.948833007812500000e+02 1.333164672851562500e+02 2.527438659667968750e+02 3.957928771972656250e+02
9.456044006347656250e+01 5.251424560546875000e+02 6.062285232543945312e+01 1.689058685302734375e+02 1.629137420654296875e+02 4.397685546875000000e+03 1.578013458251953125e+02 1.438332214355468750e+02 1.808958007812500000e+03 3.814465942382812500e+02 2.991841430664062500e+02 3.358115539550781250e+02 3.986263732910156250e+02 1.342398376464843750e+02 2.593547973632812500e+02 4.034811706542968750e+02
9.935806274414062500e+01 5.330833129882812500e+02 6.344779968261718750e+01 1.730325927734375000e+02 1.716164245605468750e+02 4.498426269531250000e+03 1.597584228515625000e+02 1.461478881835937500e+02 1.856062011718750000e+03 3.975342407226562500e+02 3.084573364257812500e+02 3.489065246582031250e+02 4.007863464355468750e+02 1.333327178955078125e+02 2.641312561035156250e+02 4.136326293945312500e+02
9.861196136474609375e+01 5.466350708007812500e+02 6.290147018432617188e+01 1.733488159179687500e+02 1.733039855957031250e+02 4.528114257812500000e+03 1.586233978271484375e+02 1.450845794677734375e+02 1.864518798828125000e+03 4.048699645996093750e+02 3.158945312500000000e+02 3.485682983398437500e+02 3.979350891113281250e+02 1.290634155273437500e+02 2.640517272949218750e+02 4.220351562500000000e+02
1.009925384521484375e+02 5.516058349609375000e+02 6.423249053955078125e+01 1.745780639648437500e+02 1.788393554687500000e+02 4.577718261718750000e+03 1.596960144042968750e+02 1.449172821044921875e+02 1.885012695312500000e+03 4.144891662597656250e+02 3.238965454101562500e+02 3.514991455078125000e+02 4.033432312011718750e+02 1.243293228149414062e+02 2.626067199707031250e+02 4.277898559570312500e+02
1.029132232666015625e+02 5.593448486328125000e+02 6.485861206054687500e+01 1.811536560058593750e+02 1.819344482421875000e+02 4.611861328125000000e+03 1.596132354736328125e+02 1.459538421630859375e+02 1.899099487304687500e+03 4.159245605468750000e+02 3.257155151367187500e+02 3.526022338867187500e+02 4.054351501464843750e+02 1.224834594726562500e+02 2.574635314941406250e+02 4.328923950195312500e+02
1.039075546264648438e+02 5.589659423828125000e+02 6.577233123779296875e+01 1.794170837402343750e+02 1.850402832031250000e+02 4.629863281250000000e+03 1.608579559326171875e+02 1.469091186523437500e+02 1.906214965820312500e+03 4.156763610839843750e+02 3.243118896484375000e+02 3.515800781250000000e+02 4.078975524902343750e+02 1.211833038330078125e+02 2.514516296386718750e+02 4.375364379882812500e+02
1.014045867919921875e+02 5.509628295898437500e+02 6.390475845336914062e+01 1.742249145507812500e+02 1.850006408691406250e+02 4.599063964843750000e+03 1.636690368652343750e+02 1.431048889160156250e+02 1.896843872070312500e+03 4.142106018066406250e+02 3.161747436523437500e+02 3.510971069335937500e+02 4.067085876464843750e+02 1.217248077392578125e+02 2.450359802246093750e+02 4.273536987304687500e+02
