1.219960098266601562e+02 5.588140869140625000e+02 7.756079101562500000e+01 1.824506835937500000e+02 1.355248107910156250e+02 4.758237792968750000e+03 1.842034606933593750e+02 1.961851654052734375e+02 1.991897949218750000e+03 3.980533447265625000e+02 3.433921813964843750e+02 3.686276245117187500e+02 4.317059631347656250e+02 1.341733398437500000e+02 2.724831848144531250e+02 3.980656433105468750e+02
1.172651062011718750e+02 5.722539062500000000e+02 7.863358306884765625e+01 1.861224975585937500e+02 1.403748168945312500e+02 4.838193847656250000e+03 1.858803405761718750e+02 1.976523132324218750e+02 2.028926269531250000e+03 3.963703002929687500e+02 3.555563354492187500e+02 3.770063476562500000e+02 4.348874511718750000e+02 1.261111221313476562e+02 2.806819458007812500e+02 4.095403747558593750e+02
1.111245269775390625e+02 5.829840698242187500e+02 7.805116271972656250e+01 1.882205810546875000e+02 1.448430480957031250e+02 4.856250976562500000e+03 1.894089355468750000e+02 2.001576843261718750e+02 2.039050659179687500e+03 3.983961486816406250e+02 3.577653198242187500e+02 3.750570068359375000e+02 4.329592895507812500e+02 1.173690643310546875e+02 2.820323181152343750e+02 4.134216003417968750e+02
1.232007980346679688e+02 5.917484130859375000e+02 7.513541412353515625e+01 1.862972564697265625e+02 1.491297302246093750e+02 4.830523437500000000e+03 1.867482604980468750e+02 1.949340515136718750e+02 2.034592773437500000e+03 3.998598632812500000e+02 3.517103271484375000e+02 3.729627685546875000e+02 4.443082885742187500e+02 1.288152770996093750e+02 2.814084472656250000e+02 4.051022644042968750e+02
1.215819702148437500e+02 6.075267944335937500e+02 7.604469299316406250e+01 1.829578247070312500e+02 1.533211975097656250e+02 4.895102050781250000e+03 1.884220428466796875e+02 1.972237854003906250e+02 2.063165283203125000e+03 4.145820312500000000e+02 3.671674194335937500e+02 3.781179199218750000e+02 4.401961975097656250e+02 1.338599700927734375e+02 2.835061340332031250e+02 4.064008789062500000e+02
1.100616302490234375e+02 6.049816894531250000e+02 7.554495239257812500e+01 1.833774719238281250e+02 1.541845703125000000e+02 4.917016113281250000e+03 1.846619567871093750e+02 2.044954986572265625e+02 2.065042968750000000e+03 4.206015319824218750e+02 3.744426269531250000e+02 3.750043029785156250e+02 4.330182800292968750e+02 1.348377075195312500e+02 2.747033081054687500e+02 4.149866943359375000e+02
1.065712890625000000e+02 6.240123901367187500e+02 7.409946441650390625e+01 1.825922546386718750e+02 1.558513793945312500e+02 4.946048828125000000e+03 1.974028320312500000e+02 2.065093078613281250e+02 2.075705078125000000e+03 4.304739990234375000e+02 3.875737915039062500e+02 3.757504882812500000e+02 4.576391906738281250e+02 1.346141357421875000e+02 2.770594177246093750e+02 4.144716186523437500e+02
1.092887802124023438e+02 6.278994140625000000e+02 7.629096221923828125e+01 1.860937347412109375e+02 1.621252136230468750e+02 4.992344726562500000e+03 1.923864746093750000e+02 2.087932281494140625e+02 2.095614257812500000e+03 4.263353881835937500e+02 3.989398498535156250e+02 3.771460876464843750e+02 4.602133789062500000e+02 1.341385498046875000e+02 2.595070800781250000e+02 4.111372680664062500e+02
1.068192977905273438e+02 6.172942504882812500e+02 7.306739044189453125e+01 1.823120574951171875e+02 1.583047332763671875e+02 4.920979980468750000e+03 1.941235351562500000e+02 1.982576293945312500e+02 2.058656005859375000e+03 4.169322814941406250e+02 3.939099731445312500e+02 3.687899780273437500e+02 4.586448364257812500e+02 1.329422454833984375e+02 2.550693664550781250e+02 4.098735351562500000e+02
1.105266265869140625e+02 6.033970947265625000e+02 7.014788055419921875e+01 1.811602172851562500e+02 1.563106689453125000e+02 4.889665039062500000e+03 1.876973571777343750e+02 1.993463897705078125e+02 2.049383544921875000e+03 4.048287658691406250e+02 3.906155395507812500e+02 3.697773437500000000e+02 4.366506958007812500e+02 1.311864166259765625e+02 2.496246490478515625e+02 4.008160400390625000e+02
1.063925628662109375e+02 5.976314697265625000e+02 7.023126983642578125e+01 1.758188323974609375e+02 1.561982421875000000e+02 4.848030761718750000e+03 1.830045318603515625e+02 1.955550537109375000e+02 2.027655273437500000e+03 4.033291625976562500e+02 3.841310424804687500e+02 3.643899536132812500e+02 4.282920532226562500e+02 1.265878677368164062e+02 2.476044158935546875e+02 4.001896972656250000e+02
9.989287567138671875e+01 5.844182128906250000e+02 6.496979522705078125e+01 1.686414642333984375e+02 1.511835327148437500e+02 4.750138183593750000e+03 1.780777130126953125e+02 1.883237457275390625e+02 1.980570068359375000e+03 4.015644836425781250e+02 3.782601928710937500e+02 3.539744567871093750e+02 4.107711486816406250e+02 1.266786880493164062e+02 2.386822509765625000e+02 3.941279296875000000e+02
9.758380126953125000e+01 5.662025146484375000e+02 5.986139297485351562e+01 1.583003845214843750e+02 1.497055969238281250e+02 4.657454589843750000e+03 1.703178710937500000e+02 1.805838470458984375e+02 1.935625976562500000e+03 3.987481384277343750e+02 3.647684936523437500e+02 3.436557312011718750e+02 3.851675415039062500e+02 1.256103134155273438e+02 2.448138732910156250e+02 3.961024780273437500e+02
1.027104339599609375e+02 5.498301391601562500e+02 5.723723220825195312e+01 1.493472595214843750e+02 1.423532104492187500e+02 4.552613281250000000e+03 1.650159912109375000e+02 1.772539978027343750e+02 1.885486206054687500e+03 3.830271606445312500e+02 3.492875671386718750e+02 3.333872375488281250e+02 3.668105773925781250e+02 1.244501037597656250e+02 2.329617919921875000e+02 3.924645385742187500e+02
9.709051513671875000e+01 5.273838500976562500e+02 5.421043395996093750e+01 1.429533996582031250e+02 1.387327423095703125e+02 4.439508789062500000e+03 1.641387786865234375e+02 1.717021026611328125e+02 1.828759399414062500e+03 3.827739868164062500e+02 3.336072387695312500e+02 3.190106811523437500e+02 3.528495483398437500e+02 1.215063400268554688e+02 2.285481567382812500e+02 3.891210937500000000e+02
9.412174224853515625e+01 5.183598022460937500e+02 5.184039306640625000e+01 1.404070129394531250e+02 1.311269836425781250e+02 4.334997558593750000e+03 1.586269989013671875e+02 1.624568939208984375e+02 1.771401367187500000e+03 3.870494079589843750e+02 3.252406616210937500e+02 3.046874389648437500e+02 3.386937561035156250e+02 1.206957931518554688e+02 2.251099853515625000e+02 3.861147155761718750e+02
1.020308990478515625e+02 5.354387207031250000e+02 5.720638656616210938e+01 1.523427581787109375e+02 1.321408386230468750e+02 4.452133300781250000e+03 1.662130737304687500e+02 1.745554351806640625e+02 1.817935546875000000e+03 4.042279968261718750e+02 3.384430236816406250e+02 3.160143432617187500e+02 3.547197265625000000e+02 1.260066528320312500e+02 2.258849639892578125e+02 3.995729675292968750e+02
1.033402404785156250e+02 5.546527099609375000e+02 6.480105590820312500e+01 1.665277404785156250e+02 1.295529785156250000e+02 4.537994140625000000e+03 1.728619995117187500e+02 1.798518981933593750e+02 1.839931518554687500e+03 4.230859680175781250e+02 3.472757873535156250e+02 3.185095214843750000e+02 3.697331237792968750e+02 1.294769134521484375e+02 2.337334747314453125e+02 4.215684814453125000e+02
1.094519653320312500e+02 5.796923828125000000e+02 7.353763580322265625e+01 1.830736999511718750e+02 1.346602478027343750e+02 4.684062988281250000e+03 1.766451110839843750e+02 1.915665283203125000e+02 1.886021240234375000e+03 4.407305297851562500e+02 3.693079528808593750e+02 3.226596679687500000e+02 3.956344909667968750e+02 1.394846038818359375e+02 2.521661834716796875e+02 4.512446594238281250e+02
1.165146484375000000e+02 5.976158447265625000e+02 8.066492462158203125e+01 2.078391876220703125e+02 1.392193603515625000e+02 4.851572753906250000e+03 1.813963623046875000e+02 2.066160888671875000e+02 1.942705932617187500e+03 4.675973815917968750e+02 3.991618957519531250e+02 3.309788818359375000e+02 4.172454223632812500e+02 1.492789306640625000e+02 2.678470153808593750e+02 4.775698242187500000e+02
1.334270629882812500e+02 6.167069702148437500e+02 8.709173583984375000e+01 2.293757934570312500e+02 1.385543823242187500e+02 4.935913574218750000e+03 1.927743225097656250e+02 2.136445465087890625e+02 1.959806884765625000e+03 4.829873657226562500e+02 4.136883544921875000e+02 3.300636901855468750e+02 4.430845031738281250e+02 1.551409606933593750e+02 2.725584411621093750e+02 4.976929321289062500e+02
1.428664550781250000e+02 6.538753662109375000e+02 9.943147277832031250e+01 2.571403503417968750e+02 1.394403991699218750e+02 5.083127441406250000e+03 2.020938262939453125e+02 2.258090820312500000e+02 2.015685302734375000e+03 4.783098754882812500e+02 4.391408386230468750e+02 3.389490966796875000e+02 4.620426025390625000e+02 1.567873535156250000e+02 2.741246337890625000e+02 5.066945190429687500e+02
1.212294845581054688e+02 5.475292358398437500e+02 7.943125152587890625e+01 2.040098724365234375e+02 1.103118286132812500e+02 4.474587402343750000e+03 1.766587219238281250e+02 1.838338928222656250e+02 1.746669555664062500e+03 4.334671630859375000e+02 3.574372558593750000e+02 2.736129760742187500e+02 4.006240539550781250e+02 1.306105346679687500e+02 2.569763488769531250e+02 4.312226562500000000e+02
1.223859939575195312e+02 5.345632934570312500e+02 8.574293518066406250e+01 2.157131195068359375e+02 1.066421203613281250e+02 4.518760742187500000e+03 1.749197540283203125e+02 1.817779846191406250e+02 1.760369384765625000e+03 4.676522216796875000e+02 3.524323425292968750e+02 2.730149230957031250e+02 4.397475585937500000e+02 1.248872299194335938e+02 2.661787719726562500e+02 4.232776184082031250e+02
1.215511627197265625e+02 5.477930297851562500e+02 8.492997741699218750e+01 2.211414184570312500e+02 1.058273315429687500e+02 4.628249511718750000e+03 1.734157562255859375e+02 1.874382324218750000e+02 1.817596435546875000e+03 4.809853820800781250e+02 3.586186523437500000e+02 2.955059814453125000e+02 4.484283752441406250e+02 1.279016036987304688e+02 2.708779907226562500e+02 4.292009887695312500e+02
1.159154357910156250e+02 5.227928466796875000e+02 7.702975463867187500e+01 2.072079925537109375e+02 9.846891021728515625e+01 4.510727050781250000e+03 1.731488342285156250e+02 1.754790344238281250e+02 1.772660522460937500e+03 4.665644226074218750e+02 3.419520263671875000e+02 2.916123046875000000e+02 4.415706481933593750e+02 1.242222290039062500e+02 2.623004150390625000e+02 4.128610229492187500e+02
1.025973892211914062e+02 5.005708312988281250e+02 6.954130554199218750e+01 1.877149658203125000e+02 9.666365814208984375e+01 4.374896484375000000e+03 1.664348907470703125e+02 1.634660797119140625e+02 1.723456176757812500e+03 4.328301696777343750e+02 3.152775268554687500e+02 2.840246582031250000e+02 4.159904479980468750e+02 1.167436752319335938e+02 2.467908935546875000e+02 3.975854187011718750e+02
9.802376556396484375e+01 4.964464416503906250e+02 6.316782760620117188e+01 1.741963500976562500e+02 9.984457397460937500e+01 4.365498535156250000e+03 1.558308105468750000e+02 1.519535980224609375e+02 1.733438598632812500e+03 4.317642517089843750e+02 3.093114624023437500e+02 2.959364929199218750e+02 3.930625915527343750e+02 1.106713562011718750e+02 2.428266906738281250e+02 3.918278198242187500e+02
8.905881500244140625e+01 4.888754272460937500e+02 6.105147552490234375e+01 1.613106384277343750e+02 9.991938781738281250e+01 4.342487792968750000e+03 1.493433227539062500e+02 1.511083679199218750e+02 1.729268798828125000e+03 4.362879333496093750e+02 2.947469482421875000e+02 2.974461059570312500e+02 3.818420104980468750e+02 1.112366333007812500e+02 2.337131347656250000e+02 3.877882385253906250e+02
8.974638366699218750e+01 4.819819946289062500e+02 5.732521438598632812e+01 1.491820373535156250e+02 1.004196548461914062e+02 4.275578125000000000e+03 1.494716796875000000e+02 1.456875305175781250e+02 1.702670776367187500e+03 4.198636779785156250e+02 2.846589355468750000e+02 2.896445922851562500e+02 3.749913330078125000e+02 1.122715682983398438e+02 2.209189910888671875e+02 3.838173828125000000e+02
8.730091857910156250e+01 4.930233764648437500e+02 5.821135330200195312e+01 1.535772094726562500e+02 1.098261413574218750e+02 4.373838867187500000e+03 1.475705566406250000e+02 1.557866058349609375e+02 1.758443603515625000e+03 4.180793151855468750e+02 2.882066650390625000e+02 3.029668579101562500e+02 3.760906677246093750e+02 1.078410644531250000e+02 2.079836578369140625e+02 3.795241699218750000e+02
8.610106658935546875e+01 4.829295959472656250e+02 6.157656097412109375e+01 1.558349761962890625e+02 1.120994186401367188e+02 4.389282226562500000e+03 1.402026672363281250e+02 1.549088592529296875e+02 1.762513671875000000e+03 4.129664306640625000e+02 2.851964721679687500e+02 3.038998413085937500e+02 3.727293395996093750e+02 1.091926345825195312e+02 2.173848876953125000e+02 3.788963623046875000e+02
8.652913665771484375e+01 4.860756835937500000e+02 6.392521667480468750e+01 1.671359252929687500e+02 1.076011352539062500e+02 4.411420410156250000e+03 1.364821777343750000e+02 1.506148681640625000e+02 1.765215698242187500e+03 4.214635620117187500e+02 2.871476440429687500e+02 3.072251586914062500e+02 3.724120178222656250e+02 1.128812103271484375e+02 2.260688476562500000e+02 3.831148071289062500e+02
9.714315032958984375e+01 4.883809204101562500e+02 6.637676239013671875e+01 1.706077880859375000e+02 1.016397323608398438e+02 4.424827636718750000e+03 1.428906402587890625e+02 1.523776550292968750e+02 1.763616088867187500e+03 4.122540283203125000e+02 2.883501586914062500e+02 3.090543212890625000e+02 3.816895141601562500e+02 1.122979507446289062e+02 2.345891876220703125e+02 3.920412902832031250e+02
9.771919250488281250e+01 5.157186279296875000e+02 7.098394775390625000e+01 1.754603576660156250e+02 1.078719177246093750e+02 4.476270019531250000e+03 1.573618164062500000e+02 1.602785339355468750e+02 1.785482788085937500e+03 4.101383361816406250e+02 3.024064941406250000e+02 3.053962402343750000e+02 4.035878295898437500e+02 1.119026947021484375e+02 2.475301666259765625e+02 3.934156494140625000e+02
1.132441177368164062e+02 5.832908325195312500e+02 7.594818878173828125e+01 2.003948211669921875e+02 1.100429077148437500e+02 4.608142089843750000e+03 1.794448852539062500e+02 1.836240081787109375e+02 1.825109008789062500e+03 4.199062805175781250e+02 3.421997070312500000e+02 3.129002990722656250e+02 4.172745361328125000e+02 1.190104370117187500e+02 2.516134948730468750e+02 4.343471984863281250e+02
1.215945434570312500e+02 5.797810668945312500e+02 7.478976440429687500e+01 1.923550872802734375e+02 1.071647720336914062e+02 4.570632812500000000e+03 1.790290527343750000e+02 1.832531280517578125e+02 1.806425415039062500e+03 4.295584716796875000e+02 3.319331970214843750e+02 3.074416198730468750e+02 4.193135986328125000e+02 1.188500518798828125e+02 2.464267272949218750e+02 4.343611755371093750e+02
1.198129730224609375e+02 5.663933105468750000e+02 7.009384918212890625e+01 1.818005065917968750e+02 1.061060180664062500e+02 4.523678222656250000e+03 1.735191802978515625e+02 1.780467224121093750e+02 1.794298828125000000e+03 4.329792480468750000e+02 3.280267944335937500e+02 3.060362548828125000e+02 4.261664733886718750e+02 1.156043930053710938e+02 2.365068511962890625e+02 4.229940185546875000e+02
1.045137863159179688e+02 5.559999389648437500e+02 7.047593688964843750e+01 1.741495666503906250e+02 1.085174102783203125e+02 4.456650390625000000e+03 1.695349578857421875e+02 1.699832153320312500e+02 1.770437011718750000e+03 4.239440307617187500e+02 3.204955444335937500e+02 2.962271728515625000e+02 4.278589477539062500e+02 1.229224624633789062e+02 2.350057220458984375e+02 4.048988037109375000e+02
1.072295150756835938e+02 5.515703735351562500e+02 7.726118469238281250e+01 1.720159912109375000e+02 1.089742126464843750e+02 4.485885742187500000e+03 1.664159851074218750e+02 1.705103912353515625e+02 1.791026489257812500e+03 4.043690490722656250e+02 3.100944213867187500e+02 3.050479736328125000e+02 4.299491271972656250e+02 1.344940338134765625e+02 2.504057159423828125e+02 3.978936157226562500e+02
1.138291702270507812e+02 5.732306518554687500e+02 7.961432647705078125e+01 1.792105407714843750e+02 1.121339492797851562e+02 4.587573730468750000e+03 1.638836975097656250e+02 1.772596282958984375e+02 1.835378906250000000e+03 3.941401062011718750e+02 3.239758605957031250e+02 3.165070800781250000e+02 4.238847656250000000e+02 1.406658935546875000e+02 2.702182922363281250e+02 4.091582336425781250e+02
1.087766113281250000e+02 5.607268066406250000e+02 7.727942657470703125e+01 1.743668365478515625e+02 1.158406295776367188e+02 4.555606933593750000e+03 1.693616943359375000e+02 1.680135498046875000e+02 1.817164062500000000e+03 3.941058044433593750e+02 3.242401123046875000e+02 3.097734985351562500e+02 4.258695983886718750e+02 1.381020202636718750e+02 2.799960937500000000e+02 4.134186096191406250e+02
1.144663162231445312e+02 5.643444213867187500e+02 7.547702026367187500e+01 1.775485076904296875e+02 1.189212417602539062e+02 4.597599121093750000e+03 1.737342071533203125e+02 1.657006225585937500e+02 1.834065307617187500e+03 4.108081970214843750e+02 3.277545776367187500e+02 3.162025146484375000e+02 4.302609252929687500e+02 1.441436462402343750e+02 2.791727905273437500e+02 4.218849792480468750e+02
1.148755950927734375e+02 5.679461669921875000e+02 7.301677703857421875e+01 1.888077087402343750e+02 1.195247955322265625e+02 4.615843261718750000e+03 1.739411621093750000e+02 1.648954315185546875e+02 1.843977172851562500e+03 4.113410339355468750e+02 3.371163940429687500e+02 3.164129638671875000e+02 4.330776977539062500e+02 1.408954010009765625e+02 2.785832519531250000e+02 4.292807006835937500e+02
1.113708343505859375e+02 5.516936035156250000e+02 7.067865753173828125e+01 1.840531616210937500e+02 1.175310516357421875e+02 4.529382324218750000e+03 1.683862304687500000e+02 1.595033264160156250e+02 1.803566162109375000e+03 4.032112731933593750e+02 3.270821838378906250e+02 3.048622436523437500e+02 4.229496459960937500e+02 1.330125732421875000e+02 2.683381958007812500e+02 4.274841003417968750e+02
1.157205886840820312e+02 5.500275878906250000e+02 7.241806793212890625e+01 1.833161468505859375e+02 1.207462692260742188e+02 4.529200195312500000e+03 1.703666839599609375e+02 1.621134033203125000e+02 1.814510986328125000e+03 3.932927246093750000e+02 3.260025024414062500e+02 3.092504577636718750e+02 4.202416992187500000e+02 1.426949005126953125e+02 2.724564208984375000e+02 4.176627197265625000e+02
1.177469711303710938e+02 5.615346069335937500e+02 7.191959381103515625e+01 1.873569335937500000e+02 1.368920593261718750e+02 4.598532226562500000e+03 1.766019134521484375e+02 1.591315155029296875e+02 1.851911621093750000e+03 4.007341918945312500e+02 3.360830688476562500e+02 3.146160278320312500e+02 4.269000244140625000e+02 1.467626190185546875e+02 2.595533447265625000e+02 4.293730163574218750e+02
1.090630950927734375e+02 5.645214233398437500e+02 6.699948120117187500e+01 1.851268920898437500e+02 1.377281951904296875e+02 4.536891601562500000e+03 1.732796630859375000e+02 1.544445343017578125e+02 1.831280029296875000e+03 4.006360168457031250e+02 3.257996520996093750e+02 3.093541870117187500e+02 4.128800964355468750e+02 1.359075775146484375e+02 2.654200439453125000e+02 4.263602294921875000e+02
1.029759521484375000e+02 5.447138061523437500e+02 5.949791336059570312e+01 1.866508941650390625e+02 1.311253356933593750e+02 4.397681152343750000e+03 1.671412353515625000e+02 1.578858642578125000e+02 1.765660156250000000e+03 3.994553527832031250e+02 3.183483581542968750e+02 2.909354858398437500e+02 3.957284240722656250e+02 1.336360321044921875e+02 2.631039428710937500e+02 4.156629333496093750e+02
9.873805236816406250e+01 5.371445922851562500e+02 5.699840164184570312e+01 1.857325592041015625e+02 1.258164062500000000e+02 4.312084960937500000e+03 1.663528289794921875e+02 1.533754882812500000e+02 1.724013183593750000e+03 4.021547851562500000e+02 3.165747070312500000e+02 2.819754943847656250e+02 3.935452880859375000e+02 1.374727935791015625e+02 2.483690185546875000e+02 4.148384094238281250e+02
9.704028320312500000e+01 5.665266113281250000e+02 6.478386688232421875e+01 2.013895874023437500e+02 1.433357238769531250e+02 4.530254394531250000e+03 1.681111297607421875e+02 1.635214691162109375e+02 1.836538208007812500e+03 4.143600463867187500e+02 3.303260192871093750e+02 3.154335937500000000e+02 4.020542602539062500e+02 1.346839294433593750e+02 2.553015441894531250e+02 4.231073608398437500e+02
1.045698013305664062e+02 5.748411254882812500e+02 7.062921142578125000e+01 2.016737670898437500e+02 1.556721801757812500e+02 4.688286132812500000e+03 1.712718963623046875e+02 1.668313751220703125e+02 1.912628051757812500e+03 4.450909423828125000e+02 3.449926757812500000e+02 3.358262023925781250e+02 4.015859680175781250e+02 1.327164154052734375e+02 2.595315551757812500e+02 4.336146545410156250e+02
1.045897903442382812e+02 5.974467773437500000e+02 7.099533843994140625e+01 1.961921386718750000e+02 1.544066772460937500e+02 4.704855468750000000e+03 1.680143890380859375e+02 1.648204803466796875e+02 1.916885375976562500e+03 4.446296691894531250e+02 3.534344787597656250e+02 3.363392639160156250e+02 3.932280883789062500e+02 1.267661819458007812e+02 2.632476806640625000e+02 4.429559631347656250e+02
1.131346588134765625e+02 6.108158569335937500e+02 7.500100708007812500e+01 1.995018005371093750e+02 1.617091674804687500e+02 4.809961914062500000e+03 1.705745239257812500e+02 1.677442474365234375e+02 1.966605468750000000e+03 4.497425842285156250e+02 3.722606811523437500e+02 3.485397949218750000e+02 4.057599792480468750e+02 1.206081390380859375e+02 2.695716857910156250e+02 4.538872070312500000e+02
1.168013229370117188e+02 6.217795410156250000e+02 7.654135894775390625e+01 2.141170349121093750e+02 1.655740661621093750e+02 4.847388671875000000e+03 1.739126434326171875e+02 1.700427093505859375e+02 1.976973022460937500e+03 4.426414489746093750e+02 3.732086791992187500e+02 3.459379577636718750e+02 4.184111328125000000e+02 1.205285263061523438e+02 2.659582519531250000e+02 4.633906555175781250e+02
1.231071777343750000e+02 6.227010498046875000e+02 7.964433288574218750e+01 2.130182495117187500e+02 1.701417846679687500e+02 4.901532226562500000e+03 1.811882934570312500e+02 1.748239440917968750e+02 1.999511596679687500e+03 4.417948303222656250e+02 3.707566833496093750e+02 3.496053161621093750e+02 4.334997253417968750e+02 1.261974639892578125e+02 2.561555175781250000e+02 4.766081542968750000e+02
1.183843994140625000e+02 6.119429321289062500e+02 7.683188629150390625e+01 2.105485687255859375e+02 1.693463745117187500e+02 4.866206542968750000e+03 1.914138946533203125e+02 1.698552246093750000e+02 1.993904663085937500e+03 4.444586791992187500e+02 3.598694458007812500e+02 3.526645202636718750e+02 4.426231079101562500e+02 1.326436767578125000e+02 2.480542144775390625e+02 4.565457153320312500e+02
1.256492233276367188e+02 5.753709716796875000e+02 7.345320892333984375e+01 2.039341735839843750e+02 1.658192443847656250e+02 4.715613281250000000e+03 1.795399322509765625e+02 1.649331817626953125e+02 1.923417846679687500e+03 4.233608093261718750e+02 3.434365844726562500e+02 3.316590270996093750e+02 4.343865051269531250e+02 1.297085266113281250e+02 2.351467895507812500e+02 4.426430053710937500e+02
