1.121493301391601562e+02 4.554601440429687500e+02 7.802903747558593750e+01 8.314373779296875000e+01 1.483796691894531250e+02 3.017453613281250000e+03 1.610470581054687500e+02 1.705612030029296875e+02 1.685097045898437500e+03 3.260741882324218750e+02 2.535089263916015625e+02 3.802026367187500000e+02 5.557532348632812500e+02 1.217060089111328125e+02 2.737934875488281250e+02 3.286768493652343750e+02
1.037924804687500000e+02 4.549192504882812500e+02 7.510957336425781250e+01 8.234309387207031250e+01 1.500430755615234375e+02 3.039804687500000000e+03 1.571378479003906250e+02 1.666966552734375000e+02 1.658429077148437500e+03 3.098632507324218750e+02 2.597243041992187500e+02 3.835261535644531250e+02 5.435011596679687500e+02 1.092335891723632812e+02 2.825241394042968750e+02 3.363788757324218750e+02
9.187145996093750000e+01 4.567234191894531250e+02 6.924404907226562500e+01 8.116484069824218750e+01 1.513714752197265625e+02 3.056525146484375000e+03 1.580700683593750000e+02 1.658047943115234375e+02 1.730375244140625000e+03 3.007875061035156250e+02 2.544975891113281250e+02 3.829556884765625000e+02 5.091377563476562500e+02 9.815867614746093750e+01 2.784107971191406250e+02 3.361900329589843750e+02
1.098019485473632812e+02 4.597941894531250000e+02 6.019526672363281250e+01 7.812487792968750000e+01 1.524620666503906250e+02 3.014961425781250000e+03 1.528321075439453125e+02 1.569065856933593750e+02 1.709026977539062500e+03 3.008347167968750000e+02 2.414220886230468750e+02 3.811683959960937500e+02 5.541786499023437500e+02 1.134095611572265625e+02 2.722661132812500000e+02 3.231387939453125000e+02
1.052672195434570312e+02 4.860496826171875000e+02 5.938504791259765625e+01 7.498007202148437500e+01 1.534667358398437500e+02 3.036172363281250000e+03 1.531700897216796875e+02 1.573881072998046875e+02 1.639405029296875000e+03 3.403633422851562500e+02 2.604644165039062500e+02 3.828723449707031250e+02 5.326563720703125000e+02 1.182453384399414062e+02 2.704870605468750000e+02 3.210563964843750000e+02
9.067230224609375000e+01 4.900328369140625000e+02 5.641209411621093750e+01 7.462567138671875000e+01 1.538789825439453125e+02 3.043697265625000000e+03 1.480780639648437500e+02 1.708865356445312500e+02 1.621175170898437500e+03 3.581857299804687500e+02 2.765548095703125000e+02 3.821825561523437500e+02 5.248724975585937500e+02 1.171688690185546875e+02 2.613518371582031250e+02 3.359410705566406250e+02
8.186593627929687500e+01 5.348392333984375000e+02 5.388748931884765625e+01 7.470335388183593750e+01 1.542676391601562500e+02 3.035021484375000000e+03 1.763581542968750000e+02 1.759867706298828125e+02 1.596173095703125000e+03 3.926830139160156250e+02 3.109125671386718750e+02 3.826410827636718750e+02 5.636686401367187500e+02 1.163887939453125000e+02 2.634535522460937500e+02 3.397959594726562500e+02
8.294844055175781250e+01 5.531607055664062500e+02 5.887348937988281250e+01 7.933560180664062500e+01 1.550023193359375000e+02 3.224192382812500000e+03 1.714368591308593750e+02 1.823080596923828125e+02 1.598581298828125000e+03 3.899156494140625000e+02 3.440847778320312500e+02 3.842797851562500000e+02 6.013222045898437500e+02 1.164546813964843750e+02 2.470425720214843750e+02 3.382319946289062500e+02
7.855064392089843750e+01 5.476273193359375000e+02 5.703115844726562500e+01 7.995593261718750000e+01 1.554744873046875000e+02 3.288153564453125000e+03 1.764290008544921875e+02 1.710453796386718750e+02 1.601195922851562500e+03 3.741755371093750000e+02 3.474041748046875000e+02 3.822538146972656250e+02 6.027700805664062500e+02 1.162352752685546875e+02 2.467394561767578125e+02 3.457432556152343750e+02
8.849896240234375000e+01 5.392841796875000000e+02 5.649256515502929688e+01 8.342126464843750000e+01 1.553479309082031250e+02 3.512323730468750000e+03 1.699144592285156250e+02 1.791643066406250000e+02 1.570790283203125000e+03 3.636858520507812500e+02 3.530467529296875000e+02 3.836705932617187500e+02 5.632572021484375000e+02 1.161177062988281250e+02 2.449089050292968750e+02 3.384132995605468750e+02
8.456449127197265625e+01 5.480316162109375000e+02 6.042513275146484375e+01 8.456193542480468750e+01 1.555745544433593750e+02 3.546610839843750000e+03 1.647696533203125000e+02 1.788567504882812500e+02 1.527649414062500000e+03 3.726024169921875000e+02 3.544113464355468750e+02 3.847166748046875000e+02 5.829083862304687500e+02 1.114373779296875000e+02 2.471473388671875000e+02 3.458483276367187500e+02
7.798446655273437500e+01 5.443755493164062500e+02 5.716920471191406250e+01 8.446551513671875000e+01 1.556965637207031250e+02 3.316494873046875000e+03 1.596877136230468750e+02 1.726885375976562500e+02 1.498846191406250000e+03 3.880650634765625000e+02 3.575056457519531250e+02 3.827149047851562500e+02 5.707466430664062500e+02 1.153365707397460938e+02 2.374434509277343750e+02 3.470225219726562500e+02
7.619729614257812500e+01 5.326195678710937500e+02 5.440186309814453125e+01 8.145115661621093750e+01 1.553796386718750000e+02 3.045151367187500000e+03 1.506212005615234375e+02 1.661379699707031250e+02 1.491678466796875000e+03 3.864602661132812500e+02 3.493170471191406250e+02 3.809699096679687500e+02 5.496544189453125000e+02 1.180297927856445312e+02 2.545165557861328125e+02 3.684293212890625000e+02
9.575369262695312500e+01 5.198724365234375000e+02 5.561548995971679688e+01 7.710807800292968750e+01 1.550114593505859375e+02 2.862909179687500000e+03 1.444131622314453125e+02 1.669170532226562500e+02 1.424309326171875000e+03 3.593399047851562500e+02 3.350758361816406250e+02 3.794802246093750000e+02 5.471065673828125000e+02 1.197612152099609375e+02 2.398513336181640625e+02 3.745352172851562500e+02
8.639260864257812500e+01 4.846427612304687500e+02 5.311070251464843750e+01 7.074403381347656250e+01 1.543358764648437500e+02 2.623968750000000000e+03 1.417759399414062500e+02 1.581988067626953125e+02 1.376339721679687500e+03 3.639818725585937500e+02 3.113034667968750000e+02 3.704874877929687500e+02 5.274069824218750000e+02 1.151456604003906250e+02 2.347859039306640625e+02 3.712577514648437500e+02
7.513821411132812500e+01 4.492531738281250000e+02 4.519858551025390625e+01 6.179951477050781250e+01 1.525511169433593750e+02 2.531574462890625000e+03 1.293939819335937500e+02 1.369326629638671875e+02 1.277280151367187500e+03 3.658559875488281250e+02 2.832479858398437500e+02 3.417106933593750000e+02 5.096215820312500000e+02 1.095406417846679688e+02 2.250280456542968750e+02 3.548095092773437500e+02
7.746113586425781250e+01 4.275135498046875000e+02 4.446783828735351562e+01 5.704016113281250000e+01 1.522705688476562500e+02 2.431783691406250000e+03 1.274924621582031250e+02 1.406646728515625000e+02 1.308832153320312500e+03 3.698644409179687500e+02 2.698172302246093750e+02 3.559775390625000000e+02 5.037095642089843750e+02 1.098804092407226562e+02 2.115596771240234375e+02 3.536414794921875000e+02
6.393789672851562500e+01 3.863511352539062500e+02 4.007939147949218750e+01 4.623124694824218750e+01 1.496354064941406250e+02 2.397669433593750000e+03 1.189556655883789062e+02 1.213861618041992188e+02 1.288361938476562500e+03 3.527517089843750000e+02 2.335225677490234375e+02 3.496155395507812500e+02 4.710596313476562500e+02 9.946842956542968750e+01 2.003118133544921875e+02 3.524437255859375000e+02
5.369570159912109375e+01 3.453124389648437500e+02 3.057651138305664062e+01 3.286802673339843750e+01 1.491090240478515625e+02 2.299202636718750000e+03 1.074059143066406250e+02 1.068831024169921875e+02 1.172467285156250000e+03 3.100693359375000000e+02 2.051434783935546875e+02 3.214581298828125000e+02 4.630643920898437500e+02 9.849604034423828125e+01 2.068083343505859375e+02 3.531166381835937500e+02
4.478012084960937500e+01 3.043464965820312500e+02 1.367013549804687500e+01 2.153881835937500000e+01 1.475083618164062500e+02 2.268737792968750000e+03 9.853566741943359375e+01 9.553762054443359375e+01 1.095467041015625000e+03 2.884917602539062500e+02 1.815751342773437500e+02 2.910952758789062500e+02 3.929572448730468750e+02 9.188101959228515625e+01 1.944944000244140625e+02 3.291546325683593750e+02
4.295153045654296875e+01 2.759359741210937500e+02 -1.635375976562500000e+00 1.024351501464843750e+01 1.187814331054687500e+02 2.250693603515625000e+03 9.322316741943359375e+01 8.129324340820312500e+01 9.738878784179687500e+02 2.510261840820312500e+02 1.520986633300781250e+02 2.207822570800781250e+02 2.982011413574218750e+02 7.980642700195312500e+01 1.619277648925781250e+02 2.921943969726562500e+02
3.747760009765625000e+01 2.592124023437500000e+02 -9.548934936523437500e+00 2.055557250976562500e+00 7.135921478271484375e+01 2.244767089843750000e+03 8.880080413818359375e+01 7.318128967285156250e+01 9.703361816406250000e+02 2.240559539794921875e+02 1.357039184570312500e+02 1.971066894531250000e+02 2.196513977050781250e+02 7.027132415771484375e+01 1.389826660156250000e+02 2.552557525634765625e+02
9.598838806152343750e+01 4.533005065917968750e+02 6.305551147460937500e+01 1.276966552734375000e+02 1.401869506835937500e+02 3.040235839843750000e+03 1.446666564941406250e+02 1.501355285644531250e+02 1.543948242187500000e+03 3.231860351562500000e+02 2.903150024414062500e+02 3.462516784667968750e+02 5.091948547363281250e+02 1.161446075439453125e+02 2.273436126708984375e+02 4.153118591308593750e+02
8.652825927734375000e+01 3.965451049804687500e+02 5.920279693603515625e+01 1.005730590820312500e+02 1.505220031738281250e+02 2.933611328125000000e+03 1.278338623046875000e+02 1.320764465332031250e+02 1.492177001953125000e+03 3.622453613281250000e+02 2.542956542968750000e+02 3.616275634765625000e+02 5.815866088867187500e+02 1.049311218261718750e+02 2.144601135253906250e+02 3.888960266113281250e+02
8.477206420898437500e+01 4.045733032226562500e+02 6.031051635742187500e+01 1.073825378417968750e+02 1.376844787597656250e+02 3.344314208984375000e+03 1.238834381103515625e+02 1.393121643066406250e+02 1.488409057617187500e+03 3.999487304687500000e+02 2.595205078125000000e+02 3.483151550292968750e+02 5.998239135742187500e+02 1.073420867919921875e+02 2.240764617919921875e+02 3.929498291015625000e+02
8.285015869140625000e+01 3.956566162109375000e+02 5.540356826782226562e+01 1.089823150634765625e+02 1.289737396240234375e+02 3.535882568359375000e+03 1.293251037597656250e+02 1.326729888916015625e+02 1.402526489257812500e+03 3.979795532226562500e+02 2.548161468505859375e+02 3.297229003906250000e+02 5.845734252929687500e+02 1.053897552490234375e+02 2.160762634277343750e+02 3.783313293457031250e+02
7.498781585693359375e+01 3.962512512207031250e+02 5.287686157226562500e+01 1.090953216552734375e+02 1.290677032470703125e+02 3.652633300781250000e+03 1.307472229003906250e+02 1.278792648315429688e+02 1.356812500000000000e+03 3.611983947753906250e+02 2.439239196777343750e+02 3.167985839843750000e+02 5.488101806640625000e+02 1.004832305908203125e+02 2.057656097412109375e+02 3.720697326660156250e+02
7.598043823242187500e+01 4.294144287109375000e+02 5.163330078125000000e+01 1.175818634033203125e+02 1.341119079589843750e+02 3.850366210937500000e+03 1.274944229125976562e+02 1.239092559814453125e+02 1.359082641601562500e+03 3.835578613281250000e+02 2.647245483398437500e+02 3.304176025390625000e+02 5.369579467773437500e+02 9.689528656005859375e+01 2.124759521484375000e+02 3.870459899902343750e+02
7.045083618164062500e+01 4.501139526367187500e+02 5.529636383056640625e+01 1.194513702392578125e+02 1.354439697265625000e+02 4.038935546875000000e+03 1.257739944458007812e+02 1.320257415771484375e+02 1.419949218750000000e+03 4.147119445800781250e+02 2.640791015625000000e+02 3.390214233398437500e+02 5.375144042968750000e+02 1.025096435546875000e+02 2.085136108398437500e+02 3.986904602050781250e+02
7.394568634033203125e+01 4.565885314941406250e+02 5.363684844970703125e+01 1.123374633789062500e+02 1.359832458496093750e+02 4.129779785156250000e+03 1.295774078369140625e+02 1.292671813964843750e+02 1.436797851562500000e+03 3.871120300292968750e+02 2.590158081054687500e+02 3.345718078613281250e+02 5.208629760742187500e+02 1.077203063964843750e+02 1.957574768066406250e+02 4.025097045898437500e+02
7.095176696777343750e+01 4.846827392578125000e+02 5.709999465942382812e+01 1.207922821044921875e+02 1.406289672851562500e+02 4.085544433593750000e+03 1.281698150634765625e+02 1.516682281494140625e+02 1.455021240234375000e+03 3.837920532226562500e+02 2.663876953125000000e+02 3.461204833984375000e+02 5.240110473632812500e+02 1.017179718017578125e+02 1.794355621337890625e+02 4.008103637695312500e+02
6.754323577880859375e+01 4.654258422851562500e+02 6.188548660278320312e+01 1.205518493652343750e+02 1.424786071777343750e+02 4.032714111328125000e+03 1.218872070312500000e+02 1.482805786132812500e+02 1.380188354492187500e+03 3.700245056152343750e+02 2.577102050781250000e+02 3.492361145019531250e+02 5.365443115234375000e+02 1.005130233764648438e+02 1.872840576171875000e+02 3.972680969238281250e+02
6.460788726806640625e+01 4.496364135742187500e+02 6.184164428710937500e+01 1.284844665527343750e+02 1.386466522216796875e+02 4.137267578125000000e+03 1.167344665527343750e+02 1.350198822021484375e+02 1.388319580078125000e+03 3.810995483398437500e+02 2.463565826416015625e+02 3.513681335449218750e+02 5.442162475585937500e+02 1.019742584228515625e+02 1.985588226318359375e+02 3.946827087402343750e+02
7.714639282226562500e+01 4.356763916015625000e+02 5.943212127685546875e+01 1.232077789306640625e+02 1.313756713867187500e+02 4.195585449218750000e+03 1.168743362426757812e+02 1.284962615966796875e+02 1.309514892578125000e+03 3.482970581054687500e+02 2.350819702148437500e+02 3.523548583984375000e+02 5.385838012695312500e+02 9.739080047607421875e+01 2.116571197509765625e+02 3.935190429687500000e+02
7.634123229980468750e+01 4.607622680664062500e+02 6.206767272949218750e+01 1.231322631835937500e+02 1.352036590576171875e+02 4.350487792968750000e+03 1.312336578369140625e+02 1.334020690917968750e+02 1.464630859375000000e+03 3.272025146484375000e+02 2.432558441162109375e+02 3.461372070312500000e+02 5.429633178710937500e+02 9.444283294677734375e+01 2.279651947021484375e+02 3.841528930664062500e+02
7.866366577148437500e+01 4.551180725097656250e+02 6.908149719238281250e+01 1.099750061035156250e+02 1.376896972656250000e+02 3.891922363281250000e+03 1.351221008300781250e+02 1.300733947753906250e+02 1.390525634765625000e+03 3.186440734863281250e+02 2.309245605468750000e+02 3.546685485839843750e+02 5.413474121093750000e+02 8.762037658691406250e+01 2.344921875000000000e+02 3.986022338867187500e+02
9.886026000976562500e+01 4.585180053710937500e+02 6.925054931640625000e+01 1.030289001464843750e+02 1.357639160156250000e+02 3.956526367187500000e+03 1.351834411621093750e+02 1.313349914550781250e+02 1.400278564453125000e+03 3.361804809570312500e+02 2.241274871826171875e+02 3.492246704101562500e+02 5.463031005859375000e+02 8.739663696289062500e+01 2.302174377441406250e+02 4.038118591308593750e+02
9.910430908203125000e+01 4.454787902832031250e+02 6.433815002441406250e+01 9.226638793945312500e+01 1.343671875000000000e+02 3.962236328125000000e+03 1.309171142578125000e+02 1.267595596313476562e+02 1.471893188476562500e+03 3.645834960937500000e+02 2.208625640869140625e+02 3.463666992187500000e+02 5.728627929687500000e+02 8.535687255859375000e+01 2.172492523193359375e+02 3.889154052734375000e+02
8.459580230712890625e+01 4.381324157714843750e+02 6.636442565917968750e+01 8.548216247558593750e+01 1.366893920898437500e+02 4.067756347656250000e+03 1.275748977661132812e+02 1.210001602172851562e+02 1.546040039062500000e+03 3.548741149902343750e+02 2.172103424072265625e+02 3.320861511230468750e+02 5.801668701171875000e+02 9.645349121093750000e+01 2.151605072021484375e+02 3.679697265625000000e+02
8.622863769531250000e+01 4.348135986328125000e+02 7.574986267089843750e+01 8.390737915039062500e+01 1.366308135986328125e+02 4.300911621093750000e+03 1.254018325805664062e+02 1.217301406860351562e+02 1.533262329101562500e+03 3.303133544921875000e+02 2.117450866699218750e+02 3.413450317382812500e+02 5.873189086914062500e+02 1.208070907592773438e+02 2.395260314941406250e+02 3.561437072753906250e+02
9.784915924072265625e+01 4.744328613281250000e+02 7.958222961425781250e+01 9.302571105957031250e+01 1.382060241699218750e+02 4.426596191406250000e+03 1.238185882568359375e+02 1.322719879150390625e+02 1.500733154296875000e+03 3.027794189453125000e+02 2.285019226074218750e+02 3.537367858886718750e+02 5.791882324218750000e+02 1.310721588134765625e+02 2.670944824218750000e+02 3.732862548828125000e+02
9.275488281250000000e+01 4.659375610351562500e+02 7.733507537841796875e+01 9.171394348144531250e+01 1.404240417480468750e+02 4.596575195312500000e+03 1.296590423583984375e+02 1.256171417236328125e+02 1.499348510742187500e+03 2.917937622070312500e+02 2.331209411621093750e+02 3.447298583984375000e+02 5.624376220703125000e+02 1.286608581542968750e+02 2.854312438964843750e+02 3.824239501953125000e+02
1.024676818847656250e+02 4.766688232421875000e+02 7.649269104003906250e+01 9.800791931152343750e+01 1.420809936523437500e+02 4.761523925781250000e+03 1.369808044433593750e+02 1.224940338134765625e+02 1.493723022460937500e+03 3.087176513671875000e+02 2.405462188720703125e+02 3.510468750000000000e+02 5.611334228515625000e+02 1.370586242675781250e+02 2.865636901855468750e+02 3.998890991210937500e+02
1.047560882568359375e+02 4.951487121582031250e+02 7.411308288574218750e+01 1.220773620605468750e+02 1.423610687255859375e+02 4.857653808593750000e+03 1.397174072265625000e+02 1.214469833374023438e+02 1.740320800781250000e+03 3.066387329101562500e+02 2.619340820312500000e+02 3.529766845703125000e+02 5.730637207031250000e+02 1.343928985595703125e+02 2.839837036132812500e+02 4.143776855468750000e+02
1.005657043457031250e+02 4.838175048828125000e+02 7.158396911621093750e+01 1.220205993652343750e+02 1.409209899902343750e+02 5.047866210937500000e+03 1.357251129150390625e+02 1.171216659545898438e+02 1.781404541015625000e+03 2.964779663085937500e+02 2.560541076660156250e+02 3.354396362304687500e+02 5.716535644531250000e+02 1.256591567993164062e+02 2.728194274902343750e+02 4.154006652832031250e+02
1.088505935668945312e+02 4.843369750976562500e+02 7.486791992187500000e+01 1.221226806640625000e+02 1.426202697753906250e+02 5.081605957031250000e+03 1.382055969238281250e+02 1.182676010131835938e+02 1.754035644531250000e+03 2.864074707031250000e+02 2.546275634765625000e+02 3.414946289062500000e+02 5.595853271484375000e+02 1.408921356201171875e+02 2.787075500488281250e+02 4.038817443847656250e+02
1.125522918701171875e+02 5.100299072265625000e+02 7.562720489501953125e+01 1.311840820312500000e+02 1.470411682128906250e+02 5.172218261718750000e+03 1.513185729980468750e+02 1.155577850341796875e+02 1.829346313476562500e+03 2.945517578125000000e+02 2.738213195800781250e+02 3.503625793457031250e+02 5.633810424804687500e+02 1.460222778320312500e+02 2.673598632812500000e+02 4.219664916992187500e+02
1.019969482421875000e+02 5.172951660156250000e+02 6.989550781250000000e+01 1.290608215332031250e+02 1.491224670410156250e+02 5.084979492187500000e+03 1.473693695068359375e+02 1.107929306030273438e+02 1.845360473632812500e+03 2.989122619628906250e+02 2.620680541992187500e+02 3.424801330566406250e+02 5.437247314453125000e+02 1.351781921386718750e+02 2.751428833007812500e+02 4.190123291015625000e+02
9.070280456542968750e+01 4.889916381835937500e+02 5.823230361938476562e+01 1.305794982910156250e+02 1.463784484863281250e+02 5.268690429687500000e+03 1.384624176025390625e+02 1.107606048583984375e+02 1.783959838867187500e+03 2.981610717773437500e+02 2.481511383056640625e+02 3.116311950683593750e+02 5.300390625000000000e+02 1.297763519287109375e+02 2.700724487304687500e+02 4.020850524902343750e+02
8.157089233398437500e+01 4.660358276367187500e+02 5.088469696044921875e+01 1.276065368652343750e+02 1.428041229248046875e+02 5.283450683593750000e+03 1.336689453125000000e+02 1.072811965942382812e+02 1.779320068359375000e+03 2.983275756835937500e+02 2.393459930419921875e+02 2.905699157714843750e+02 5.347805175781250000e+02 1.346969757080078125e+02 2.527534179687500000e+02 3.951534729003906250e+02
7.451933288574218750e+01 5.022583618164062500e+02 6.259671020507812500e+01 1.516140289306640625e+02 1.473946838378906250e+02 5.373857421875000000e+03 1.320118713378906250e+02 1.117477340698242188e+02 1.721236938476562500e+03 3.195040893554687500e+02 2.462769317626953125e+02 3.273233642578125000e+02 5.583645019531250000e+02 1.296100463867187500e+02 2.575969848632812500e+02 4.013457641601562500e+02
7.906825256347656250e+01 5.031967773437500000e+02 6.740168762207031250e+01 1.490805358886718750e+02 1.517627868652343750e+02 5.501488281250000000e+03 1.317183532714843750e+02 1.125114669799804688e+02 1.610702270507812500e+03 3.965121154785156250e+02 2.595545654296875000e+02 3.545232543945312500e+02 5.456772460937500000e+02 1.226993789672851562e+02 2.599104919433593750e+02 4.089083557128906250e+02
7.559262084960937500e+01 5.235402221679687500e+02 6.279137420654296875e+01 1.347366027832031250e+02 1.533132019042968750e+02 5.481250976562500000e+03 1.273252716064453125e+02 1.092993469238281250e+02 1.539466552734375000e+03 3.939784851074218750e+02 2.660386962890625000e+02 3.556636962890625000e+02 5.280307617187500000e+02 1.112690277099609375e+02 2.615777282714843750e+02 4.133600158691406250e+02
8.395895385742187500e+01 5.306707153320312500e+02 6.200448989868164062e+01 1.266002960205078125e+02 1.538170471191406250e+02 5.388582519531250000e+03 1.258061370849609375e+02 1.083431091308593750e+02 1.525317260742187500e+03 3.934351806640625000e+02 2.884547424316406250e+02 3.620039672851562500e+02 5.521845703125000000e+02 1.010641479492187500e+02 2.670481872558593750e+02 4.191503906250000000e+02
8.837528228759765625e+01 5.362622680664062500e+02 6.023960113525390625e+01 1.409748687744140625e+02 1.545714416503906250e+02 5.380477050781250000e+03 1.254904403686523438e+02 1.084305877685546875e+02 1.501967529296875000e+03 3.736336059570312500e+02 2.882507629394531250e+02 3.591250610351562500e+02 5.671604003906250000e+02 9.622106933593750000e+01 2.613852539062500000e+02 4.238550415039062500e+02
9.760969543457031250e+01 5.311961059570312500e+02 6.145512008666992188e+01 1.363035888671875000e+02 1.548442382812500000e+02 5.238370605468750000e+03 1.310843048095703125e+02 1.103168182373046875e+02 1.461752075195312500e+03 3.593941650390625000e+02 2.801652221679687500e+02 3.604750061035156250e+02 5.771287231445312500e+02 9.846672058105468750e+01 2.481420898437500000e+02 4.335169982910156250e+02
9.227711486816406250e+01 5.126468505859375000e+02 5.709382629394531250e+01 1.274194030761718750e+02 1.551206512451171875e+02 5.112854492187500000e+03 1.499473571777343750e+02 1.078374481201171875e+02 1.372102661132812500e+03 3.772003173828125000e+02 2.622906494140625000e+02 3.633463134765625000e+02 5.504653320312500000e+02 1.072000427246093750e+02 2.333505249023437500e+02 4.101044921875000000e+02
1.066690139770507812e+02 4.709846801757812500e+02 5.231254577636718750e+01 1.171278381347656250e+02 1.547840118408203125e+02 5.000895507812500000e+03 1.411806335449218750e+02 1.051813583374023438e+02 1.295607299804687500e+03 3.507679138183593750e+02 2.439965667724609375e+02 3.271857910156250000e+02 5.723200683593750000e+02 1.040396118164062500e+02 2.143131408691406250e+02 3.895472412109375000e+02
1.027632598876953125e+02 4.702460021972656250e+02 4.884606170654296875e+01 1.138342742919921875e+02 1.544681701660156250e+02 4.984874023437500000e+03 1.333069458007812500e+02 1.037418212890625000e+02 1.413324340820312500e+03 3.531413269042968750e+02 2.358253479003906250e+02 3.276072082519531250e+02 5.978131713867187500e+02 9.700457763671875000e+01 2.097459564208984375e+02 4.145149230957031250e+02
1.118124542236328125e+02 4.492133483886718750e+02 4.888970184326171875e+01 1.107490234375000000e+02 1.541451721191406250e+02 4.791784179687500000e+03 1.317970581054687500e+02 1.034321365356445312e+02 1.373145385742187500e+03 3.290888061523437500e+02 2.318584747314453125e+02 3.173787231445312500e+02 5.988742675781250000e+02 1.115762634277343750e+02 1.994809722900390625e+02 4.107617797851562500e+02
1.178960342407226562e+02 4.527758789062500000e+02 5.574365997314453125e+01 1.114925384521484375e+02 1.542813415527343750e+02 4.863835937500000000e+03 1.335135955810546875e+02 1.046797256469726562e+02 1.301635375976562500e+03 3.279247436523437500e+02 2.423530883789062500e+02 3.092602539062500000e+02 5.981233520507812500e+02 1.170412139892578125e+02 1.964721374511718750e+02 4.234497680664062500e+02
1.063068542480468750e+02 4.718468627929687500e+02 5.873123168945312500e+01 1.278004379272460938e+02 1.545901489257812500e+02 4.610074707031250000e+03 1.311785888671875000e+02 1.055077133178710938e+02 1.420731323242187500e+03 3.491965332031250000e+02 2.790567932128906250e+02 3.339523620605468750e+02 5.939647827148437500e+02 1.180798645019531250e+02 2.066531982421875000e+02 4.303980102539062500e+02
1.187049865722656250e+02 4.850723876953125000e+02 6.326251220703125000e+01 1.296085205078125000e+02 1.545123291015625000e+02 4.540647949218750000e+03 1.275005569458007812e+02 1.130147323608398438e+02 1.380458740234375000e+03 3.861432189941406250e+02 2.828661499023437500e+02 3.548309936523437500e+02 6.087376708984375000e+02 1.185537338256835938e+02 2.060803527832031250e+02 4.307366027832031250e+02
