9.835174560546875000e+01 4.889986572265625000e+02 7.503861236572265625e+01 1.226495513916015625e+02 1.344862976074218750e+02 3.367026367187500000e+03 1.696040954589843750e+02 1.705155639648437500e+02 1.571768798828125000e+03 3.440531921386718750e+02 2.864370117187500000e+02 3.619784851074218750e+02 5.394840698242187500e+02 1.304200439453125000e+02 2.551935424804687500e+02 3.483385620117187500e+02
9.785276794433593750e+01 4.839197998046875000e+02 7.194730377197265625e+01 1.218010406494140625e+02 1.347219238281250000e+02 3.390027832031250000e+03 1.654357910156250000e+02 1.694104003906250000e+02 1.547751831054687500e+03 3.358371582031250000e+02 2.859766845703125000e+02 3.648229370117187500e+02 5.310364379882812500e+02 1.221253051757812500e+02 2.626808166503906250e+02 3.499607238769531250e+02
9.388032531738281250e+01 4.816076049804687500e+02 6.805658721923828125e+01 1.207028045654296875e+02 1.353962860107421875e+02 3.389933105468750000e+03 1.629402313232421875e+02 1.678621826171875000e+02 1.550700683593750000e+03 3.297691345214843750e+02 2.840578002929687500e+02 3.643492431640625000e+02 5.180275878906250000e+02 1.125075531005859375e+02 2.673015441894531250e+02 3.510552978515625000e+02
9.465956878662109375e+01 4.810210571289062500e+02 6.335639572143554688e+01 1.186412506103515625e+02 1.363774414062500000e+02 3.361105957031250000e+03 1.599664764404296875e+02 1.641339111328125000e+02 1.545397460937500000e+03 3.273488769531250000e+02 2.793940734863281250e+02 3.618081970214843750e+02 5.172996826171875000e+02 1.089179458618164062e+02 2.679740600585937500e+02 3.481602783203125000e+02
9.493416595458984375e+01 4.865230712890625000e+02 5.999275207519531250e+01 1.162328948974609375e+02 1.377445678710937500e+02 3.373175537109375000e+03 1.580717926025390625e+02 1.623786163330078125e+02 1.533156982421875000e+03 3.339628601074218750e+02 2.816710205078125000e+02 3.605958251953125000e+02 5.117428588867187500e+02 1.083035125732421875e+02 2.676058654785156250e+02 3.467480468750000000e+02
9.089602661132812500e+01 4.904641113281250000e+02 5.683165740966796875e+01 1.150036315917968750e+02 1.383160705566406250e+02 3.360164794921875000e+03 1.558861083984375000e+02 1.636028442382812500e+02 1.522647949218750000e+03 3.412741394042968750e+02 2.860756530761718750e+02 3.577650756835937500e+02 5.047044677734375000e+02 1.090281829833984375e+02 2.629517517089843750e+02 3.487781066894531250e+02
8.716816711425781250e+01 5.000423889160156250e+02 5.405868530273437500e+01 1.146245574951171875e+02 1.388580474853515625e+02 3.369304687500000000e+03 1.589324951171875000e+02 1.651486511230468750e+02 1.506569946289062500e+03 3.521036071777343750e+02 2.943221435546875000e+02 3.554786682128906250e+02 5.047997436523437500e+02 1.094311218261718750e+02 2.589796752929687500e+02 3.505909118652343750e+02
8.606420898437500000e+01 5.103145446777343750e+02 5.375353622436523438e+01 1.168588562011718750e+02 1.413610076904296875e+02 3.348994628906250000e+03 1.601507720947265625e+02 1.679437255859375000e+02 1.495717041015625000e+03 3.589945068359375000e+02 3.054485778808593750e+02 3.544505615234375000e+02 5.120867919921875000e+02 1.105619812011718750e+02 2.487738494873046875e+02 3.518002929687500000e+02
8.517059326171875000e+01 5.169624633789062500e+02 5.285804367065429688e+01 1.190980682373046875e+02 1.419035644531250000e+02 3.359629150390625000e+03 1.624585113525390625e+02 1.673290252685546875e+02 1.487086669921875000e+03 3.608544921875000000e+02 3.144338378906250000e+02 3.514038696289062500e+02 5.156166992187500000e+02 1.116310272216796875e+02 2.411866455078125000e+02 3.544963378906250000e+02
8.711908721923828125e+01 5.212335205078125000e+02 5.218260574340820312e+01 1.226964416503906250e+02 1.418439483642578125e+02 3.407617675781250000e+03 1.634741058349609375e+02 1.686987915039062500e+02 1.470015747070312500e+03 3.612528076171875000e+02 3.227220458984375000e+02 3.504309387207031250e+02 5.124403076171875000e+02 1.127591781616210938e+02 2.350870208740234375e+02 3.548596496582031250e+02
8.795593261718750000e+01 5.269224243164062500e+02 5.354241943359375000e+01 1.261930465698242188e+02 1.423379211425781250e+02 3.445703613281250000e+03 1.637893981933593750e+02 1.698718566894531250e+02 1.451591308593750000e+03 3.630349426269531250e+02 3.297815856933593750e+02 3.490404663085937500e+02 5.130277709960937500e+02 1.129052047729492188e+02 2.320419921875000000e+02 3.574922485351562500e+02
8.805131530761718750e+01 5.323507080078125000e+02 5.389841461181640625e+01 1.295569458007812500e+02 1.417766723632812500e+02 3.438669189453125000e+03 1.639210205078125000e+02 1.704196777343750000e+02 1.437837036132812500e+03 3.683711547851562500e+02 3.366332092285156250e+02 3.463236694335937500e+02 5.110049743652343750e+02 1.142128906250000000e+02 2.285467834472656250e+02 3.605536193847656250e+02
8.839667510986328125e+01 5.356459350585937500e+02 5.398546600341796875e+01 1.318851776123046875e+02 1.418687744140625000e+02 3.434518066406250000e+03 1.630082855224609375e+02 1.703790588378906250e+02 1.430116333007812500e+03 3.739188842773437500e+02 3.413685302734375000e+02 3.430654602050781250e+02 5.058315734863281250e+02 1.160353698730468750e+02 2.306139526367187500e+02 3.669059448242187500e+02
9.156723022460937500e+01 5.381900634765625000e+02 5.490084838867187500e+01 1.334686431884765625e+02 1.406380310058593750e+02 3.431071044921875000e+03 1.623371582031250000e+02 1.714978485107421875e+02 1.411751342773437500e+03 3.731184997558593750e+02 3.436961975097656250e+02 3.396373901367187500e+02 4.992541503906250000e+02 1.180836181640625000e+02 2.291130065917968750e+02 3.734014892578125000e+02
9.307763671875000000e+01 5.351358642578125000e+02 5.557278823852539062e+01 1.343454132080078125e+02 1.393301086425781250e+02 3.406940429687500000e+03 1.624495544433593750e+02 1.717389831542968750e+02 1.399015991210937500e+03 3.759354858398437500e+02 3.420526428222656250e+02 3.343943481445312500e+02 4.911711425781250000e+02 1.195356063842773438e+02 2.285252990722656250e+02 3.790635986328125000e+02
9.345762634277343750e+01 5.304172363281250000e+02 5.544920730590820312e+01 1.344524536132812500e+02 1.364403381347656250e+02 3.345654785156250000e+03 1.605975646972656250e+02 1.687223358154296875e+02 1.373964721679687500e+03 3.801455688476562500e+02 3.386418151855468750e+02 3.268771362304687500e+02 4.832023925781250000e+02 1.206486663818359375e+02 2.281228027343750000e+02 3.826411743164062500e+02
9.501804351806640625e+01 5.289213256835937500e+02 5.629765701293945312e+01 1.365961303710937500e+02 1.344015045166015625e+02 3.369202636718750000e+03 1.611061553955078125e+02 1.696235961914062500e+02 1.372774780273437500e+03 3.864269409179687500e+02 3.380838317871093750e+02 3.243255310058593750e+02 4.754365234375000000e+02 1.216264801025390625e+02 2.272319335937500000e+02 3.879239807128906250e+02
9.528645324707031250e+01 5.269656982421875000e+02 5.745404815673828125e+01 1.390161132812500000e+02 1.314621887207031250e+02 3.424459228515625000e+03 1.615963745117187500e+02 1.692113647460937500e+02 1.382046142578125000e+03 3.922114868164062500e+02 3.343995361328125000e+02 3.210530090332031250e+02 4.688444824218750000e+02 1.222363281250000000e+02 2.265254669189453125e+02 3.947099914550781250e+02
9.584910583496093750e+01 5.260734252929687500e+02 5.897920608520507812e+01 1.412353515625000000e+02 1.301456298828125000e+02 3.482973632812500000e+03 1.610964050292968750e+02 1.694641113281250000e+02 1.387484252929687500e+03 3.961001281738281250e+02 3.329919128417968750e+02 3.177933959960937500e+02 4.682890319824218750e+02 1.244044647216796875e+02 2.299839324951171875e+02 4.040726318359375000e+02
9.602867126464843750e+01 5.209879150390625000e+02 5.992970657348632812e+01 1.452282104492187500e+02 1.296169128417968750e+02 3.532809570312500000e+03 1.592234191894531250e+02 1.712121582031250000e+02 1.397447509765625000e+03 4.009774780273437500e+02 3.341867065429687500e+02 3.156007995605468750e+02 4.678569641113281250e+02 1.271638717651367188e+02 2.337989654541015625e+02 4.141294250488281250e+02
9.896559143066406250e+01 5.145083007812500000e+02 5.984987258911132812e+01 1.489018249511718750e+02 1.275851287841796875e+02 3.576432861328125000e+03 1.592964324951171875e+02 1.710039520263671875e+02 1.395008544921875000e+03 4.030697631835937500e+02 3.322337951660156250e+02 3.106675720214843750e+02 4.643233642578125000e+02 1.288977355957031250e+02 2.356373291015625000e+02 4.220156860351562500e+02
1.016961746215820312e+02 5.123417358398437500e+02 6.156541442871093750e+01 1.543436737060546875e+02 1.253272399902343750e+02 3.607994384765625000e+03 1.591795349121093750e+02 1.715642547607421875e+02 1.422013427734375000e+03 3.952116394042968750e+02 3.322915344238281250e+02 3.080385131835937500e+02 4.574878540039062500e+02 1.284516754150390625e+02 2.334799499511718750e+02 4.240174865722656250e+02
1.159076995849609375e+02 5.367297363281250000e+02 8.014852905273437500e+01 1.923972167968750000e+02 1.377902526855468750e+02 3.732145019531250000e+03 1.694024047851562500e+02 1.829354858398437500e+02 1.484494628906250000e+03 4.107152404785156250e+02 3.586850585937500000e+02 3.136606445312500000e+02 5.462313232421875000e+02 1.294452667236328125e+02 2.532019958496093750e+02 4.444715881347656250e+02
1.051234741210937500e+02 4.808576965332031250e+02 7.104692077636718750e+01 1.677125701904296875e+02 1.268938827514648438e+02 3.602036621093750000e+03 1.543487396240234375e+02 1.634104309082031250e+02 1.398245605468750000e+03 3.875898742675781250e+02 3.201210327148437500e+02 2.889355773925781250e+02 5.336534423828125000e+02 1.158864746093750000e+02 2.393708343505859375e+02 4.111094970703125000e+02
9.595883178710937500e+01 4.458043212890625000e+02 6.228774642944335938e+01 1.487419128417968750e+02 1.164184494018554688e+02 3.523973144531250000e+03 1.428332672119140625e+02 1.508931427001953125e+02 1.337048217773437500e+03 3.747073669433593750e+02 2.923984375000000000e+02 2.759501647949218750e+02 5.146475219726562500e+02 1.070989074707031250e+02 2.286352386474609375e+02 3.867677307128906250e+02
9.026805114746093750e+01 4.273291015625000000e+02 5.559979629516601562e+01 1.389125671386718750e+02 1.077360687255859375e+02 3.432672363281250000e+03 1.388574218750000000e+02 1.431277618408203125e+02 1.291687500000000000e+03 3.701948547363281250e+02 2.771293029785156250e+02 2.693724060058593750e+02 4.983977661132812500e+02 1.027200775146484375e+02 2.190549774169921875e+02 3.700917663574218750e+02
8.515010070800781250e+01 4.232006835937500000e+02 5.134837722778320312e+01 1.355696716308593750e+02 1.034370117187500000e+02 3.384379638671875000e+03 1.387515563964843750e+02 1.393407897949218750e+02 1.271792968750000000e+03 3.634986877441406250e+02 2.690841674804687500e+02 2.678418884277343750e+02 4.835761108398437500e+02 1.005390014648437500e+02 2.134532012939453125e+02 3.624517211914062500e+02
8.414239501953125000e+01 4.332598266601562500e+02 4.915451431274414062e+01 1.374777526855468750e+02 1.034606857299804688e+02 3.349480468750000000e+03 1.392012329101562500e+02 1.380029144287109375e+02 1.271367187500000000e+03 3.635619812011718750e+02 2.717496643066406250e+02 2.768353881835937500e+02 4.769302062988281250e+02 9.991333007812500000e+01 2.111482238769531250e+02 3.632174682617187500e+02
8.270146179199218750e+01 4.477591552734375000e+02 4.918585205078125000e+01 1.406915588378906250e+02 1.051296234130859375e+02 3.357221191406250000e+03 1.405609436035156250e+02 1.408435974121093750e+02 1.292559814453125000e+03 3.702434082031250000e+02 2.760335693359375000e+02 2.879449157714843750e+02 4.754990539550781250e+02 1.016622924804687500e+02 2.095538635253906250e+02 3.688089294433593750e+02
8.304612731933593750e+01 4.613283691406250000e+02 4.866506576538085938e+01 1.418187561035156250e+02 1.071412658691406250e+02 3.380626464843750000e+03 1.429365844726562500e+02 1.424399108886718750e+02 1.312238647460937500e+03 3.682418212890625000e+02 2.795151367187500000e+02 2.939481811523437500e+02 4.719569702148437500e+02 1.043689422607421875e+02 2.051400756835937500e+02 3.743476562500000000e+02
8.355986785888671875e+01 4.774143676757812500e+02 4.895442962646484375e+01 1.455404357910156250e+02 1.122910461425781250e+02 3.455703613281250000e+03 1.447258148193359375e+02 1.483934631347656250e+02 1.333201660156250000e+03 3.677954711914062500e+02 2.854732666015625000e+02 3.044201660156250000e+02 4.726315917968750000e+02 1.053916778564453125e+02 1.971961975097656250e+02 3.779605102539062500e+02
8.344300842285156250e+01 4.846296081542968750e+02 5.020690917968750000e+01 1.484766998291015625e+02 1.165569992065429688e+02 3.508514648437500000e+03 1.435255737304687500e+02 1.520339965820312500e+02 1.330812011718750000e+03 3.670924682617187500e+02 2.878618774414062500e+02 3.121392211914062500e+02 4.776475830078125000e+02 1.063141326904296875e+02 1.935177307128906250e+02 3.797103881835937500e+02
8.307807922363281250e+01 4.886331787109375000e+02 5.171670532226562500e+01 1.527080993652343750e+02 1.180176010131835938e+02 3.611633789062500000e+03 1.409074401855468750e+02 1.522388305664062500e+02 1.334740478515625000e+03 3.684761657714843750e+02 2.883818359375000000e+02 3.181568298339843750e+02 4.850779113769531250e+02 1.078698883056640625e+02 1.938670043945312500e+02 3.813427124023437500e+02
8.539956665039062500e+01 4.882771301269531250e+02 5.319348907470703125e+01 1.548198852539062500e+02 1.171433563232421875e+02 3.674940917968750000e+03 1.402675323486328125e+02 1.520031433105468750e+02 1.321307983398437500e+03 3.633372192382812500e+02 2.872223205566406250e+02 3.229841918945312500e+02 4.914214172363281250e+02 1.082692718505859375e+02 1.982966308593750000e+02 3.839144897460937500e+02
8.676269531250000000e+01 4.921196899414062500e+02 5.491176605224609375e+01 1.551238403320312500e+02 1.184056015014648438e+02 3.719385986328125000e+03 1.437002716064453125e+02 1.527836151123046875e+02 1.335966796875000000e+03 3.572008972167968750e+02 2.878277587890625000e+02 3.243065795898437500e+02 4.993433837890625000e+02 1.076659851074218750e+02 2.057751464843750000e+02 3.840142517089843750e+02
8.840489196777343750e+01 4.968174438476562500e+02 5.555051040649414062e+01 1.513461303710937500e+02 1.194018478393554688e+02 3.775248779296875000e+03 1.477105712890625000e+02 1.533355102539062500e+02 1.333467529296875000e+03 3.500124511718750000e+02 2.862816467285156250e+02 3.270363769531250000e+02 4.956113891601562500e+02 1.058467559814453125e+02 2.105829620361328125e+02 3.865518188476562500e+02
9.426959228515625000e+01 5.039425964355468750e+02 5.896549987792968750e+01 1.507143707275390625e+02 1.202938613891601562e+02 3.868033935546875000e+03 1.517608032226562500e+02 1.555205078125000000e+02 1.349416748046875000e+03 3.495874328613281250e+02 2.859580688476562500e+02 3.281526489257812500e+02 5.065807495117187500e+02 1.052657852172851562e+02 2.154396057128906250e+02 3.928674316406250000e+02
9.813549804687500000e+01 5.041868286132812500e+02 5.976840972900390625e+01 1.469445037841796875e+02 1.204348678588867188e+02 3.880563232421875000e+03 1.529787139892578125e+02 1.553747711181640625e+02 1.376876220703125000e+03 3.565547485351562500e+02 2.846804199218750000e+02 3.277245178222656250e+02 5.222321777343750000e+02 1.038019714355468750e+02 2.153361511230468750e+02 3.926517944335937500e+02
9.570118713378906250e+01 5.028547973632812500e+02 6.090548706054687500e+01 1.427287750244140625e+02 1.213998870849609375e+02 3.873268310546875000e+03 1.526582336425781250e+02 1.533713073730468750e+02 1.421580322265625000e+03 3.612770996093750000e+02 2.826304931640625000e+02 3.244197692871093750e+02 5.370043945312500000e+02 1.057474670410156250e+02 2.152315216064453125e+02 3.869576416015625000e+02
9.531524658203125000e+01 5.005404357910156250e+02 6.421670532226562500e+01 1.397490997314453125e+02 1.220541915893554688e+02 3.842741943359375000e+03 1.516335601806640625e+02 1.523638000488281250e+02 1.451874877929687500e+03 3.563423156738281250e+02 2.784623413085937500e+02 3.248114624023437500e+02 5.504028930664062500e+02 1.113720932006835938e+02 2.211024475097656250e+02 3.800290527343750000e+02
9.709173583984375000e+01 5.062952880859375000e+02 6.765061187744140625e+01 1.404757843017578125e+02 1.233978195190429688e+02 3.845578125000000000e+03 1.502520751953125000e+02 1.541997680664062500e+02 1.464343017578125000e+03 3.441246948242187500e+02 2.802236633300781250e+02 3.285782775878906250e+02 5.569454345703125000e+02 1.178073883056640625e+02 2.329899749755859375e+02 3.785199584960937500e+02
9.694799804687500000e+01 5.072259521484375000e+02 6.924481201171875000e+01 1.401905975341796875e+02 1.255016555786132812e+02 3.838541503906250000e+03 1.511035156250000000e+02 1.521542968750000000e+02 1.469136352539062500e+03 3.357218017578125000e+02 2.826965942382812500e+02 3.289605407714843750e+02 5.575085449218750000e+02 1.217632141113281250e+02 2.472101440429687500e+02 3.795827331542968750e+02
9.875883483886718750e+01 5.107354125976562500e+02 7.010060119628906250e+01 1.419339294433593750e+02 1.278691787719726562e+02 3.829618164062500000e+03 1.532747344970703125e+02 1.503653259277343750e+02 1.465318725585937500e+03 3.365315551757812500e+02 2.863833618164062500e+02 3.314685058593750000e+02 5.571224365234375000e+02 1.272797698974609375e+02 2.589739379882812500e+02 3.847812500000000000e+02
1.008637237548828125e+02 5.158736572265625000e+02 6.975538635253906250e+01 1.477134399414062500e+02 1.294945983886718750e+02 3.783554931640625000e+03 1.553129272460937500e+02 1.485981750488281250e+02 1.520981933593750000e+03 3.356530151367187500e+02 2.930476989746093750e+02 3.328919067382812500e+02 5.589498291015625000e+02 1.306035308837890625e+02 2.681645507812500000e+02 3.930244445800781250e+02
1.012256011962890625e+02 5.149880371093750000e+02 6.876535034179687500e+01 1.505722198486328125e+02 1.299566040039062500e+02 3.672069091796875000e+03 1.548538208007812500e+02 1.456147155761718750e+02 1.577940795898437500e+03 3.321163635253906250e+02 2.944418029785156250e+02 3.301134643554687500e+02 5.601910400390625000e+02 1.298495941162109375e+02 2.691068725585937500e+02 3.998948059082031250e+02
1.034641494750976562e+02 5.136672973632812500e+02 6.924708557128906250e+01 1.519846343994140625e+02 1.312744598388671875e+02 3.663448730468750000e+03 1.551962280273437500e+02 1.444595947265625000e+02 1.607554931640625000e+03 3.251233215332031250e+02 2.946980285644531250e+02 3.295528869628906250e+02 5.596888427734375000e+02 1.334867706298828125e+02 2.722014465332031250e+02 4.018367919921875000e+02
1.057164306640625000e+02 5.176239013671875000e+02 6.975855255126953125e+01 1.547351684570312500e+02 1.370844421386718750e+02 3.674707031250000000e+03 1.576007995605468750e+02 1.419254608154296875e+02 1.651825683593750000e+03 3.256373291015625000e+02 2.986807250976562500e+02 3.308876647949218750e+02 5.597213745117187500e+02 1.384246063232421875e+02 2.690361633300781250e+02 4.088230590820312500e+02
1.040105743408203125e+02 5.201176757812500000e+02 6.801331329345703125e+01 1.547413940429687500e+02 1.407222137451171875e+02 3.625278808593750000e+03 1.573052673339843750e+02 1.373697814941406250e+02 1.679082153320312500e+03 3.274917907714843750e+02 2.957178955078125000e+02 3.297538146972656250e+02 5.554512329101562500e+02 1.372574920654296875e+02 2.692086486816406250e+02 4.132009277343750000e+02
9.911460876464843750e+01 5.121159667968750000e+02 6.334944152832031250e+01 1.546747283935546875e+02 1.406447143554687500e+02 3.634998535156250000e+03 1.540245666503906250e+02 1.349665222167968750e+02 1.676059936523437500e+03 3.274669189453125000e+02 2.892392272949218750e+02 3.216042480468750000e+02 5.487943115234375000e+02 1.353022918701171875e+02 2.677748107910156250e+02 4.104010620117187500e+02
9.287648010253906250e+01 5.006090087890625000e+02 5.845655059814453125e+01 1.525832519531250000e+02 1.383512115478515625e+02 3.646877197265625000e+03 1.507861938476562500e+02 1.305825500488281250e+02 1.673048828125000000e+03 3.264535522460937500e+02 2.819653015136718750e+02 3.115507507324218750e+02 5.432958984375000000e+02 1.345346374511718750e+02 2.602190246582031250e+02 4.068851623535156250e+02
8.733711242675781250e+01 5.015266113281250000e+02 5.763053512573242188e+01 1.557915039062500000e+02 1.416439819335937500e+02 3.651426757812500000e+03 1.484628601074218750e+02 1.306137847900390625e+02 1.645690063476562500e+03 3.307584228515625000e+02 2.797936401367187500e+02 3.156508178710937500e+02 5.430264282226562500e+02 1.319188995361328125e+02 2.561765747070312500e+02 4.062413940429687500e+02
8.618148803710937500e+01 5.021389160156250000e+02 5.831753540039062500e+01 1.557804412841796875e+02 1.467984619140625000e+02 3.675045410156250000e+03 1.471565551757812500e+02 1.310926208496093750e+02 1.594894165039062500e+03 3.470333251953125000e+02 2.819560546875000000e+02 3.246359252929687500e+02 5.403450317382812500e+02 1.276114425659179688e+02 2.537373962402343750e+02 4.081877136230468750e+02
8.401893615722656250e+01 5.075753173828125000e+02 5.764666366577148438e+01 1.510744628906250000e+02 1.486285858154296875e+02 3.712123535156250000e+03 1.440970306396484375e+02 1.296237182617187500e+02 1.540932617187500000e+03 3.571543884277343750e+02 2.846286315917968750e+02 3.289003295898437500e+02 5.344715576171875000e+02 1.208969039916992188e+02 2.517029571533203125e+02 4.101900329589843750e+02
8.481091308593750000e+01 5.119530029296875000e+02 5.797787094116210938e+01 1.463506164550781250e+02 1.509486083984375000e+02 3.741750244140625000e+03 1.421652221679687500e+02 1.287302246093750000e+02 1.497608886718750000e+03 3.649044799804687500e+02 2.904215698242187500e+02 3.342998046875000000e+02 5.337767944335937500e+02 1.132516250610351562e+02 2.513705749511718750e+02 4.122178649902343750e+02
8.667922210693359375e+01 5.176518554687500000e+02 5.812554931640625000e+01 1.470880432128906250e+02 1.526778564453125000e+02 3.799514404296875000e+03 1.412284698486328125e+02 1.287167358398437500e+02 1.459994628906250000e+03 3.646205444335937500e+02 2.937005004882812500e+02 3.352890930175781250e+02 5.344430541992187500e+02 1.076716461181640625e+02 2.487400817871093750e+02 4.152787475585937500e+02
