9.762481689453125000e+01 4.511310424804687500e+02 8.783901214599609375e+01 1.063077850341796875e+02 1.604808807373046875e+02 3.278315917968750000e+03 1.604727935791015625e+02 1.599914855957031250e+02 1.668511840820312500e+03 3.296486816406250000e+02 2.623554687500000000e+02 4.022674560546875000e+02 6.094351196289062500e+02 1.300023956298828125e+02 2.595252075195312500e+02 3.327220458984375000e+02
9.607663726806640625e+01 4.676157836914062500e+02 8.607247161865234375e+01 1.155941467285156250e+02 1.629954223632812500e+02 3.324174072265625000e+03 1.602632446289062500e+02 1.628647003173828125e+02 1.654288452148437500e+03 3.245955505371093750e+02 2.776700744628906250e+02 4.073726196289062500e+02 6.068477783203125000e+02 1.185755386352539062e+02 2.722350463867187500e+02 3.466079101562500000e+02
8.935034179687500000e+01 4.753445434570312500e+02 7.910174560546875000e+01 1.182889099121093750e+02 1.645603790283203125e+02 3.306523925781250000e+03 1.603571472167968750e+02 1.628183441162109375e+02 1.706086669921875000e+03 3.224635620117187500e+02 2.794513244628906250e+02 4.038659667968750000e+02 5.861153564453125000e+02 1.072287445068359375e+02 2.818531494140625000e+02 3.502196350097656250e+02
9.647360229492187500e+01 4.779181518554687500e+02 6.963177490234375000e+01 1.143956146240234375e+02 1.655249023437500000e+02 3.222512207031250000e+03 1.561002197265625000e+02 1.561757049560546875e+02 1.681358032226562500e+03 3.226373596191406250e+02 2.721055908203125000e+02 3.991823425292968750e+02 6.005469360351562500e+02 1.099983596801757812e+02 2.838715515136718750e+02 3.419026489257812500e+02
9.424617004394531250e+01 4.850364074707031250e+02 6.640940856933593750e+01 1.081493377685546875e+02 1.669648437500000000e+02 3.295361328125000000e+03 1.545230407714843750e+02 1.554692230224609375e+02 1.612511840820312500e+03 3.359672241210937500e+02 2.789299926757812500e+02 4.001702270507812500e+02 5.871504516601562500e+02 1.109297027587890625e+02 2.867069702148437500e+02 3.388090515136718750e+02
8.365166473388671875e+01 4.784486083984375000e+02 6.059289550781250000e+01 1.056488342285156250e+02 1.666503295898437500e+02 3.274212158203125000e+03 1.494321136474609375e+02 1.590483093261718750e+02 1.571032958984375000e+03 3.406072998046875000e+02 2.808568115234375000e+02 3.968222961425781250e+02 5.769460449218750000e+02 1.104533691406250000e+02 2.803073425292968750e+02 3.417913513183593750e+02
7.882354736328125000e+01 4.901462097167968750e+02 5.393321990966796875e+01 1.044605102539062500e+02 1.663913269042968750e+02 3.202276855468750000e+03 1.579870605468750000e+02 1.592825164794921875e+02 1.503507202148437500e+03 3.533447875976562500e+02 2.896341552734375000e+02 3.953695678710937500e+02 5.842716064453125000e+02 1.085314254760742188e+02 2.812988586425781250e+02 3.404043579101562500e+02
7.976161193847656250e+01 4.945541992187500000e+02 5.365866851806640625e+01 1.075387420654296875e+02 1.691830596923828125e+02 3.192068603515625000e+03 1.545418090820312500e+02 1.613832397460937500e+02 1.460652587890625000e+03 3.502014465332031250e+02 2.999844360351562500e+02 3.955436401367187500e+02 5.956411132812500000e+02 1.079572296142578125e+02 2.623420715332031250e+02 3.380503540039062500e+02
7.764932250976562500e+01 4.884085998535156250e+02 4.868167877197265625e+01 1.056087646484375000e+02 1.673840789794921875e+02 3.128943847656250000e+03 1.558915710449218750e+02 1.539674530029296875e+02 1.437270263671875000e+03 3.404344482421875000e+02 2.989655761718750000e+02 3.906757812500000000e+02 5.867381591796875000e+02 1.069622192382812500e+02 2.543205261230468750e+02 3.383496704101562500e+02
8.062629699707031250e+01 4.799947204589843750e+02 4.444657897949218750e+01 1.044427490234375000e+02 1.659893188476562500e+02 3.134844238281250000e+03 1.518134155273437500e+02 1.553013305664062500e+02 1.381732910156250000e+03 3.319158935546875000e+02 2.992894287109375000e+02 3.912593078613281250e+02 5.649943847656250000e+02 1.058248596191406250e+02 2.449547729492187500e+02 3.321708068847656250e+02
7.772969818115234375e+01 4.790921630859375000e+02 4.527630615234375000e+01 1.004704742431640625e+02 1.671529541015625000e+02 3.099932617187500000e+03 1.487171783447265625e+02 1.533949890136718750e+02 1.336192871093750000e+03 3.307976989746093750e+02 2.981183166503906250e+02 3.895215148925781250e+02 5.644325561523437500e+02 1.024722595214843750e+02 2.397625885009765625e+02 3.324029541015625000e+02
7.402590942382812500e+01 4.749401245117187500e+02 4.167054367065429688e+01 9.636038208007812500e+01 1.669167785644531250e+02 2.938193847656250000e+03 1.458764801025390625e+02 1.492420654296875000e+02 1.302589355468750000e+03 3.338881835937500000e+02 2.980096435546875000e+02 3.870722351074218750e+02 5.562877197265625000e+02 1.030603027343750000e+02 2.267322235107421875e+02 3.302670288085937500e+02
7.168936920166015625e+01 4.647189941406250000e+02 3.786371612548828125e+01 8.526098632812500000e+01 1.686765441894531250e+02 2.777356445312500000e+03 1.399137268066406250e+02 1.438800659179687500e+02 1.285649658203125000e+03 3.300868835449218750e+02 2.912236022949218750e+02 3.840230102539062500e+02 5.472102661132812500e+02 1.026214447021484375e+02 2.308150482177734375e+02 3.330235595703125000e+02
7.009537506103515625e+01 4.389257812500000000e+02 3.246907043457031250e+01 6.489183044433593750e+01 1.659345855712890625e+02 2.608408447265625000e+03 1.314533386230468750e+02 1.360323028564453125e+02 1.189211425781250000e+03 3.031940002441406250e+02 2.701144409179687500e+02 3.772730102539062500e+02 5.277861328125000000e+02 9.876675415039062500e+01 2.091220550537109375e+02 3.226370544433593750e+02
5.834552764892578125e+01 3.858746032714843750e+02 2.098058700561523438e+01 3.939973449707031250e+01 1.606813659667968750e+02 2.429251220703125000e+03 1.203433914184570312e+02 1.185796966552734375e+02 1.093253906250000000e+03 2.846885070800781250e+02 2.316777343750000000e+02 3.585855102539062500e+02 4.759786071777343750e+02 9.046154785156250000e+01 1.879525756835937500e+02 3.005010986328125000e+02
5.207125091552734375e+01 3.547263183593750000e+02 1.243105316162109375e+01 2.636067199707031250e+01 1.493053588867187500e+02 2.327162109375000000e+03 1.099467315673828125e+02 1.031427536010742188e+02 1.011165832519531250e+03 2.786179504394531250e+02 2.076766204833984375e+02 3.313807067871093750e+02 4.344595031738281250e+02 8.624442291259765625e+01 1.747782287597656250e+02 2.861848754882812500e+02
5.335166168212890625e+01 3.541201171875000000e+02 1.331517791748046875e+01 2.827909851074218750e+01 1.470160217285156250e+02 2.359042480468750000e+03 1.115645828247070312e+02 1.067794799804687500e+02 1.024714599609375000e+03 2.852990112304687500e+02 2.091757659912109375e+02 3.302796630859375000e+02 4.222680358886718750e+02 8.701196289062500000e+01 1.704724121093750000e+02 2.895157470703125000e+02
5.689086151123046875e+01 3.752055053710937500e+02 2.108237075805664062e+01 4.389060974121093750e+01 1.492426452636718750e+02 2.420914062500000000e+03 1.180227737426757812e+02 1.138293991088867188e+02 1.082112060546875000e+03 3.022835693359375000e+02 2.219676208496093750e+02 3.378432006835937500e+02 4.365410156250000000e+02 9.141796875000000000e+01 1.774817810058593750e+02 3.115744018554687500e+02
6.803421020507812500e+01 4.196102905273437500e+02 3.403314208984375000e+01 7.162391662597656250e+01 1.549466552734375000e+02 2.615812500000000000e+03 1.288582916259765625e+02 1.310984802246093750e+02 1.163084472656250000e+03 3.282476196289062500e+02 2.560290527343750000e+02 3.477575073242187500e+02 4.931538085937500000e+02 1.040103836059570312e+02 1.998678588867187500e+02 3.491467895507812500e+02
7.676664733886718750e+01 4.448334045410156250e+02 4.222719573974609375e+01 9.864009094238281250e+01 1.577175445556640625e+02 2.870384765625000000e+03 1.356970214843750000e+02 1.462726593017578125e+02 1.244765625000000000e+03 3.536932983398437500e+02 2.845218505859375000e+02 3.538026123046875000e+02 5.244376831054687500e+02 1.139455337524414062e+02 2.152387390136718750e+02 3.771997985839843750e+02
8.809062194824218750e+01 4.563886108398437500e+02 4.620677185058593750e+01 1.140380859375000000e+02 1.549734497070312500e+02 3.015347900390625000e+03 1.432423248291015625e+02 1.508736267089843750e+02 1.265036621093750000e+03 3.624223937988281250e+02 2.929830932617187500e+02 3.488486328125000000e+02 5.289873657226562500e+02 1.182220687866210938e+02 2.215998229980468750e+02 3.929959716796875000e+02
9.363520812988281250e+01 4.715559082031250000e+02 5.383023452758789062e+01 1.287018432617187500e+02 1.532740936279296875e+02 3.120698974609375000e+03 1.463751220703125000e+02 1.564310455322265625e+02 1.347354125976562500e+03 3.529791870117187500e+02 3.033100585937500000e+02 3.505913696289062500e+02 5.250369873046875000e+02 1.179223175048828125e+02 2.208756103515625000e+02 3.966122436523437500e+02
1.010317535400390625e+02 4.709233398437500000e+02 6.869073486328125000e+01 1.517498474121093750e+02 1.687263488769531250e+02 3.160700927734375000e+03 1.490310516357421875e+02 1.581402893066406250e+02 1.366793701171875000e+03 3.502982482910156250e+02 3.124592895507812500e+02 3.494787597656250000e+02 6.040341186523437500e+02 1.129123077392578125e+02 2.347010040283203125e+02 4.051499023437500000e+02
8.191062164306640625e+01 3.951983032226562500e+02 5.052477264404296875e+01 1.109057769775390625e+02 1.490227355957031250e+02 3.006049316406250000e+03 1.276082992553710938e+02 1.311095275878906250e+02 1.242962402343750000e+03 3.507055053710937500e+02 2.558606719970703125e+02 3.108814392089843750e+02 5.648914794921875000e+02 9.669422912597656250e+01 2.141495971679687500e+02 3.560165405273437500e+02
7.447978210449218750e+01 3.756783447265625000e+02 4.511852645874023438e+01 9.826637268066406250e+01 1.495975646972656250e+02 3.127521240234375000e+03 1.170386505126953125e+02 1.259652023315429688e+02 1.219286865234375000e+03 3.653015136718750000e+02 2.384926452636718750e+02 3.291969299316406250e+02 5.776227416992187500e+02 9.342196655273437500e+01 2.162486419677734375e+02 3.460824279785156250e+02
6.966436767578125000e+01 3.525266418457031250e+02 3.943457031250000000e+01 8.875625610351562500e+01 1.459896087646484375e+02 3.071830810546875000e+03 1.167942047119140625e+02 1.156122360229492188e+02 1.155366455078125000e+03 3.654417114257812500e+02 2.230680236816406250e+02 3.322803039550781250e+02 5.808911132812500000e+02 9.017428588867187500e+01 2.058435821533203125e+02 3.306463317871093750e+02
6.032167053222656250e+01 3.452862243652343750e+02 3.669320678710937500e+01 8.344978332519531250e+01 1.480508728027343750e+02 3.026537841796875000e+03 1.164502182006835938e+02 1.088730163574218750e+02 1.131275024414062500e+03 3.377210693359375000e+02 2.084394073486328125e+02 3.339789428710937500e+02 5.691044921875000000e+02 8.578170776367187500e+01 1.985593566894531250e+02 3.256702575683593750e+02
6.043867492675781250e+01 3.622702331542968750e+02 3.627343368530273438e+01 8.563717651367187500e+01 1.536111602783203125e+02 2.977475585937500000e+03 1.125696563720703125e+02 1.038966064453125000e+02 1.133683349609375000e+03 3.454537353515625000e+02 2.167930603027343750e+02 3.561300048828125000e+02 5.795024414062500000e+02 8.286618804931640625e+01 2.007189025878906250e+02 3.351088256835937500e+02
5.239018249511718750e+01 3.623953552246093750e+02 3.711659240722656250e+01 7.687611389160156250e+01 1.524753417968750000e+02 2.939339355468750000e+03 1.068713378906250000e+02 1.038112182617187500e+02 1.160945800781250000e+03 3.582514648437500000e+02 2.064183502197265625e+02 3.629828796386718750e+02 5.860770874023437500e+02 8.315794372558593750e+01 1.938465881347656250e+02 3.403057861328125000e+02
5.170330047607421875e+01 3.594800109863281250e+02 3.338090896606445312e+01 6.380625915527343750e+01 1.485939483642578125e+02 2.901965820312500000e+03 1.063997039794921875e+02 9.808567047119140625e+01 1.165413940429687500e+03 3.285898437500000000e+02 1.957870025634765625e+02 3.532312622070312500e+02 5.652473144531250000e+02 8.455958557128906250e+01 1.767842102050781250e+02 3.411262817382812500e+02
5.026456451416015625e+01 3.784613342285156250e+02 3.538399124145507812e+01 6.923303222656250000e+01 1.539288940429687500e+02 2.950558105468750000e+03 1.054383010864257812e+02 1.102174835205078125e+02 1.190499145507812500e+03 3.242049560546875000e+02 2.018459777832031250e+02 3.640617980957031250e+02 5.696420898437500000e+02 8.124493408203125000e+01 1.580112915039062500e+02 3.411321105957031250e+02
4.961281585693359375e+01 3.739535827636718750e+02 4.147986602783203125e+01 7.385636901855468750e+01 1.548240051269531250e+02 2.897192871093750000e+03 9.918336486816406250e+01 1.124896240234375000e+02 1.148247192382812500e+03 3.223585815429687500e+02 2.007435455322265625e+02 3.656048583984375000e+02 5.836846923828125000e+02 8.220215606689453125e+01 1.603761596679687500e+02 3.417115173339843750e+02
5.023371887207031250e+01 3.789228820800781250e+02 4.836795043945312500e+01 8.877374267578125000e+01 1.501843109130859375e+02 3.068254394531250000e+03 9.527111816406250000e+01 1.092294998168945312e+02 1.189085205078125000e+03 3.394977416992187500e+02 2.029948425292968750e+02 3.677175903320312500e+02 5.980010986328125000e+02 8.618619537353515625e+01 1.698005371093750000e+02 3.480255737304687500e+02
6.155737304687500000e+01 3.858363037109375000e+02 5.869514846801757812e+01 9.927844238281250000e+01 1.439338073730468750e+02 3.172293457031250000e+03 1.003250122070312500e+02 1.119884414672851562e+02 1.204473754882812500e+03 3.352166137695312500e+02 2.072706909179687500e+02 3.689417724609375000e+02 6.025972900390625000e+02 8.689331817626953125e+01 1.878361206054687500e+02 3.630097961425781250e+02
6.594840240478515625e+01 4.215593872070312500e+02 7.372653198242187500e+01 1.122768859863281250e+02 1.478110961914062500e+02 3.471266845703125000e+03 1.155861206054687500e+02 1.225352478027343750e+02 1.346310302734375000e+03 3.494763488769531250e+02 2.262462463378906250e+02 3.648777465820312500e+02 6.126710815429687500e+02 8.800354003906250000e+01 2.184761505126953125e+02 3.793731689453125000e+02
7.236901855468750000e+01 4.551309814453125000e+02 8.143961334228515625e+01 1.194352416992187500e+02 1.454089965820312500e+02 3.658612304687500000e+03 1.247822265625000000e+02 1.299367675781250000e+02 1.312016967773437500e+03 3.406986083984375000e+02 2.341666564941406250e+02 3.666537780761718750e+02 6.009867553710937500e+02 8.583836364746093750e+01 2.382352294921875000e+02 4.147557678222656250e+02
8.625933074951171875e+01 4.703258666992187500e+02 8.370571899414062500e+01 1.147718353271484375e+02 1.436513671875000000e+02 3.784523925781250000e+03 1.286632995605468750e+02 1.338318481445312500e+02 1.340695922851562500e+03 3.360914916992187500e+02 2.313103485107421875e+02 3.628673706054687500e+02 6.063609619140625000e+02 8.692457580566406250e+01 2.393809051513671875e+02 4.257102661132812500e+02
8.962046813964843750e+01 4.588274536132812500e+02 7.971106719970703125e+01 1.019665679931640625e+02 1.427061767578125000e+02 3.636457763671875000e+03 1.269950714111328125e+02 1.292731018066406250e+02 1.405510620117187500e+03 3.418476867675781250e+02 2.274298248291015625e+02 3.613706054687500000e+02 6.280880126953125000e+02 8.401841735839843750e+01 2.280089416503906250e+02 4.135354003906250000e+02
7.735254669189453125e+01 4.541276855468750000e+02 8.070530700683593750e+01 9.378915405273437500e+01 1.444913940429687500e+02 3.610555664062500000e+03 1.250116043090820312e+02 1.241392745971679688e+02 1.503782226562500000e+03 3.363312988281250000e+02 2.237817687988281250e+02 3.523057556152343750e+02 6.358079833984375000e+02 9.161066436767578125e+01 2.253772125244140625e+02 3.925261840820312500e+02
8.003123474121093750e+01 4.482790832519531250e+02 8.852471923828125000e+01 9.117323303222656250e+01 1.446342468261718750e+02 3.661586181640625000e+03 1.237481307983398438e+02 1.250638656616210938e+02 1.525573242187500000e+03 3.185728149414062500e+02 2.177352600097656250e+02 3.583091430664062500e+02 6.426608276367187500e+02 1.057885284423828125e+02 2.439084625244140625e+02 3.761343688964843750e+02
8.659574890136718750e+01 4.635249633789062500e+02 9.257674407958984375e+01 9.724118041992187500e+01 1.466284179687500000e+02 3.785322753906250000e+03 1.230700836181640625e+02 1.324596557617187500e+02 1.512325561523437500e+03 2.912018737792968750e+02 2.292783203125000000e+02 3.674177856445312500e+02 6.363077392578125000e+02 1.163196487426757812e+02 2.679246520996093750e+02 3.760164489746093750e+02
8.406143188476562500e+01 4.535975952148437500e+02 9.046794891357421875e+01 9.601828002929687500e+01 1.491997985839843750e+02 3.772972412109375000e+03 1.288929290771484375e+02 1.254053039550781250e+02 1.498842407226562500e+03 2.824764404296875000e+02 2.341053314208984375e+02 3.622383728027343750e+02 6.243037109375000000e+02 1.169005966186523438e+02 2.857784729003906250e+02 3.732172241210937500e+02
8.945764160156250000e+01 4.589307250976562500e+02 8.893415832519531250e+01 1.020705413818359375e+02 1.513321380615234375e+02 3.842930908203125000e+03 1.347153015136718750e+02 1.240244064331054688e+02 1.484840332031250000e+03 2.977628784179687500e+02 2.416423339843750000e+02 3.666052856445312500e+02 6.187657470703125000e+02 1.255499649047851562e+02 2.939143981933593750e+02 3.793451538085937500e+02
9.235684967041015625e+01 4.665416870117187500e+02 8.599617004394531250e+01 1.160629425048828125e+02 1.515380554199218750e+02 3.800398437500000000e+03 1.376235351562500000e+02 1.233687667846679688e+02 1.653744262695312500e+03 2.984604187011718750e+02 2.551798858642578125e+02 3.665699768066406250e+02 6.229443969726562500e+02 1.259163208007812500e+02 2.987983093261718750e+02 3.901282043457031250e+02
9.066613769531250000e+01 4.569609069824218750e+02 8.292927551269531250e+01 1.159544219970703125e+02 1.497953186035156250e+02 3.619274902343750000e+03 1.349406433105468750e+02 1.197322311401367188e+02 1.707345581054687500e+03 2.913867797851562500e+02 2.509616394042968750e+02 3.563979492187500000e+02 6.225838623046875000e+02 1.190007324218750000e+02 2.890188598632812500e+02 3.930226440429687500e+02
9.648855590820312500e+01 4.572954711914062500e+02 8.498472595214843750e+01 1.168278350830078125e+02 1.515791778564453125e+02 3.504486328125000000e+03 1.378188171386718750e+02 1.224620208740234375e+02 1.689993896484375000e+03 2.834069213867187500e+02 2.519066467285156250e+02 3.585797119140625000e+02 6.174114990234375000e+02 1.298746948242187500e+02 2.943546752929687500e+02 3.848396606445312500e+02
9.934529876708984375e+01 4.716279296875000000e+02 8.492694091796875000e+01 1.224019317626953125e+02 1.608822631835937500e+02 3.635768310546875000e+03 1.450387878417968750e+02 1.204723815917968750e+02 1.738611572265625000e+03 2.940096435546875000e+02 2.633783874511718750e+02 3.622169799804687500e+02 6.171770019531250000e+02 1.382343750000000000e+02 2.814193725585937500e+02 3.982341003417968750e+02
9.140888977050781250e+01 4.754014587402343750e+02 7.749086761474609375e+01 1.207984008789062500e+02 1.616260375976562500e+02 3.593071289062500000e+03 1.424741821289062500e+02 1.159567565917968750e+02 1.754657592773437500e+03 2.992030029296875000e+02 2.546841125488281250e+02 3.569643554687500000e+02 6.049213256835937500e+02 1.292143859863281250e+02 2.865602111816406250e+02 3.977856445312500000e+02
8.285056304931640625e+01 4.544448852539062500e+02 6.342930603027343750e+01 1.219512176513671875e+02 1.563902893066406250e+02 3.671212646484375000e+03 1.363505859375000000e+02 1.178039016723632812e+02 1.679098876953125000e+03 2.999005737304687500e+02 2.462145843505859375e+02 3.362210693359375000e+02 5.927690429687500000e+02 1.274330291748046875e+02 2.829201354980468750e+02 3.836234741210937500e+02
7.543251037597656250e+01 4.407243041992187500e+02 5.377774047851562500e+01 1.192729797363281250e+02 1.515499572753906250e+02 3.666197753906250000e+03 1.342991638183593750e+02 1.131320495605468750e+02 1.682511718750000000e+03 3.008159484863281250e+02 2.413682708740234375e+02 3.222671508789062500e+02 5.897372436523437500e+02 1.310624237060546875e+02 2.670348510742187500e+02 3.778986206054687500e+02
7.154479217529296875e+01 4.612474365234375000e+02 5.795345306396484375e+01 1.313257751464843750e+02 1.625472412109375000e+02 3.815547363281250000e+03 1.343167724609375000e+02 1.197247619628906250e+02 1.641622680664062500e+03 3.123269653320312500e+02 2.493996734619140625e+02 3.471513977050781250e+02 6.027283935546875000e+02 1.283002014160156250e+02 2.712265625000000000e+02 3.823196411132812500e+02
7.647784423828125000e+01 4.650232543945312500e+02 6.078738403320312500e+01 1.293442840576171875e+02 1.733060607910156250e+02 3.902124511718750000e+03 1.357038269042968750e+02 1.216287384033203125e+02 1.588912963867187500e+03 3.509012145996093750e+02 2.595479736328125000e+02 3.676043090820312500e+02 6.051113281250000000e+02 1.221679382324218750e+02 2.779879455566406250e+02 3.917883911132812500e+02
7.784562683105468750e+01 4.886935424804687500e+02 5.869616317749023438e+01 1.270542068481445312e+02 1.754635009765625000e+02 3.971700195312500000e+03 1.346566772460937500e+02 1.208400497436523438e+02 1.555364746093750000e+03 3.565093078613281250e+02 2.698637390136718750e+02 3.716282348632812500e+02 5.989902954101562500e+02 1.134833984375000000e+02 2.832391357421875000e+02 4.055593261718750000e+02
8.612169647216796875e+01 5.066318359375000000e+02 6.100572967529296875e+01 1.333333129882812500e+02 1.796969604492187500e+02 4.036778808593750000e+03 1.390740661621093750e+02 1.259593124389648438e+02 1.549100463867187500e+03 3.635795593261718750e+02 2.917817993164062500e+02 3.795998535156250000e+02 6.083925781250000000e+02 1.058478469848632812e+02 2.879017639160156250e+02 4.171544189453125000e+02
8.949041748046875000e+01 5.158792114257812500e+02 6.093214035034179688e+01 1.445216979980468750e+02 1.811733551025390625e+02 4.157566894531250000e+03 1.414251098632812500e+02 1.285810546875000000e+02 1.531655761718750000e+03 3.525888671875000000e+02 2.940120544433593750e+02 3.756713867187500000e+02 6.128886718750000000e+02 1.033037872314453125e+02 2.783136291503906250e+02 4.246062622070312500e+02
9.328767395019531250e+01 5.123524780273437500e+02 6.193522644042968750e+01 1.419467163085937500e+02 1.824275970458984375e+02 4.258660156250000000e+03 1.454527740478515625e+02 1.303262939453125000e+02 1.491874755859375000e+03 3.441196899414062500e+02 2.895360717773437500e+02 3.747501525878906250e+02 6.139342041015625000e+02 1.046464462280273438e+02 2.613619995117187500e+02 4.333659973144531250e+02
8.869334411621093750e+01 4.975586547851562500e+02 5.783024978637695312e+01 1.359140625000000000e+02 1.806397705078125000e+02 4.274615722656250000e+03 1.518325805664062500e+02 1.249654769897460938e+02 1.362066162109375000e+03 3.484326782226562500e+02 2.764927978515625000e+02 3.741853637695312500e+02 5.979046630859375000e+02 1.081746597290039062e+02 2.433200378417968750e+02 4.117221984863281250e+02
9.297338867187500000e+01 4.640775146484375000e+02 5.253500366210937500e+01 1.269730987548828125e+02 1.771359252929687500e+02 4.291365722656250000e+03 1.430981292724609375e+02 1.209304733276367188e+02 1.278953369140625000e+03 3.282221374511718750e+02 2.599388427734375000e+02 3.542867126464843750e+02 6.014432373046875000e+02 1.052435913085937500e+02 2.261859588623046875e+02 3.929992370605468750e+02
8.960820007324218750e+01 4.604358520507812500e+02 4.610636901855468750e+01 1.244009933471679688e+02 1.742592773437500000e+02 4.359514160156250000e+03 1.390132751464843750e+02 1.185282745361328125e+02 1.297700805664062500e+03 3.308226928710937500e+02 2.551291351318359375e+02 3.485302124023437500e+02 6.064107055664062500e+02 1.004643173217773438e+02 2.117257537841796875e+02 3.996251220703125000e+02
