1.228150711059570312e+02 4.722859497070312500e+02 7.548186492919921875e+01 1.059760589599609375e+02 1.716011047363281250e+02 2.774886230468750000e+03 1.654951171875000000e+02 1.782283935546875000e+02 1.686101318359375000e+03 3.270586853027343750e+02 2.691138916015625000e+02 4.228729858398437500e+02 5.636145629882812500e+02 1.245823593139648438e+02 2.759919128417968750e+02 3.452064208984375000e+02
9.812247467041015625e+01 4.924481201171875000e+02 7.393058776855468750e+01 1.063837280273437500e+02 1.770310516357421875e+02 2.641593261718750000e+03 1.703364257812500000e+02 1.771002807617187500e+02 1.580222290039062500e+03 3.018831176757812500e+02 2.919573059082031250e+02 4.376456298828125000e+02 5.484736938476562500e+02 1.080540771484375000e+02 2.775046997070312500e+02 3.612870483398437500e+02
8.824949645996093750e+01 4.968222045898437500e+02 6.750846099853515625e+01 1.049800109863281250e+02 1.812516784667968750e+02 2.526480468750000000e+03 1.732741088867187500e+02 1.776638488769531250e+02 1.724095214843750000e+03 3.088531799316406250e+02 2.809461059570312500e+02 4.184879760742187500e+02 5.152372436523437500e+02 9.553491210937500000e+01 2.684392395019531250e+02 3.551384582519531250e+02
1.156965026855468750e+02 4.974170532226562500e+02 5.897166061401367188e+01 9.628788757324218750e+01 1.845176086425781250e+02 2.534926269531250000e+03 1.619080200195312500e+02 1.614011688232421875e+02 1.616662719726562500e+03 3.139777832031250000e+02 2.609902038574218750e+02 4.085323791503906250e+02 5.798364257812500000e+02 1.253944931030273438e+02 2.650328369140625000e+02 3.301292419433593750e+02
1.008124694824218750e+02 5.206069335937500000e+02 6.173390197753906250e+01 8.943234252929687500e+01 1.891411590576171875e+02 3.128453857421875000e+03 1.643866424560546875e+02 1.695724029541015625e+02 1.530754394531250000e+03 3.551141967773437500e+02 2.961952209472656250e+02 4.228531494140625000e+02 5.334257812500000000e+02 1.230234069824218750e+02 2.704827880859375000e+02 3.389028930664062500e+02
7.774037170410156250e+01 5.078970031738281250e+02 6.100904083251953125e+01 9.324104309082031250e+01 1.856150817871093750e+02 2.705080322265625000e+03 1.535370483398437500e+02 1.832109527587890625e+02 1.547893554687500000e+03 3.558551330566406250e+02 2.998504028320312500e+02 4.085327148437500000e+02 5.371506958007812500e+02 1.199986190795898438e+02 2.540644836425781250e+02 3.575774230957031250e+02
8.229975128173828125e+01 5.618406982421875000e+02 5.991097259521484375e+01 9.691683959960937500e+01 1.904440002441406250e+02 2.965204589843750000e+03 1.860258636474609375e+02 1.839913787841796875e+02 1.547974365234375000e+03 3.850379028320312500e+02 3.324958496093750000e+02 4.155024414062500000e+02 5.754213256835937500e+02 1.191019821166992188e+02 2.687449951171875000e+02 3.585655822753906250e+02
9.302706909179687500e+01 5.675744628906250000e+02 6.711172485351562500e+01 1.151527862548828125e+02 2.106771545410156250e+02 3.223106201171875000e+03 1.680780792236328125e+02 1.900614166259765625e+02 1.584370605468750000e+03 3.750723876953125000e+02 3.586512756347656250e+02 4.240426025390625000e+02 6.014984741210937500e+02 1.201024780273437500e+02 2.361667022705078125e+02 3.623806762695312500e+02
8.620114135742187500e+01 5.540745239257812500e+02 6.098111343383789062e+01 1.100995788574218750e+02 1.948448944091796875e+02 2.972922607421875000e+03 1.790446166992187500e+02 1.701781921386718750e+02 1.575360107421875000e+03 3.608779907226562500e+02 3.490573120117187500e+02 4.065672607421875000e+02 5.738419189453125000e+02 1.198106079101562500e+02 2.420652770996093750e+02 3.733919677734375000e+02
9.963709259033203125e+01 5.467017211914062500e+02 6.036512756347656250e+01 1.170878448486328125e+02 1.955876922607421875e+02 3.346221435546875000e+03 1.677755126953125000e+02 1.856497650146484375e+02 1.528797607421875000e+03 3.601163330078125000e+02 3.561466674804687500e+02 4.236037902832031250e+02 5.376423339843750000e+02 1.191897048950195312e+02 2.370579528808593750e+02 3.614781188964843750e+02
8.844399261474609375e+01 5.582523193359375000e+02 6.482989501953125000e+01 1.116354980468750000e+02 2.031722412109375000e+02 3.387812988281250000e+03 1.671640777587890625e+02 1.805273284912109375e+02 1.474679565429687500e+03 3.754986877441406250e+02 3.541902770996093750e+02 4.170795898437500000e+02 5.678907470703125000e+02 1.120762863159179688e+02 2.420177612304687500e+02 3.737289428710937500e+02
8.169387817382812500e+01 5.471500244140625000e+02 5.667649078369140625e+01 1.062422027587890625e+02 1.953717498779296875e+02 3.013315917968750000e+03 1.638320617675781250e+02 1.729235229492187500e+02 1.455365966796875000e+03 3.818145141601562500e+02 3.561907653808593750e+02 4.050356445312500000e+02 5.456678466796875000e+02 1.180272064208984375e+02 2.284175109863281250e+02 3.666970214843750000e+02
8.482452392578125000e+01 5.340257568359375000e+02 5.434632873535156250e+01 9.641465759277343750e+01 2.027160949707031250e+02 3.085510986328125000e+03 1.531872863769531250e+02 1.675528411865234375e+02 1.460646972656250000e+03 3.773446960449218750e+02 3.434701232910156250e+02 4.007767944335937500e+02 5.363511352539062500e+02 1.181359558105468750e+02 2.547464447021484375e+02 3.833656005859375000e+02
9.934862518310546875e+01 5.250134887695312500e+02 5.681529235839843750e+01 9.089385986328125000e+01 1.909199371337890625e+02 2.798112304687500000e+03 1.509607543945312500e+02 1.708119201660156250e+02 1.391911010742187500e+03 3.428533325195312500e+02 3.310043334960937500e+02 3.961649169921875000e+02 5.401318969726562500e+02 1.191825027465820312e+02 2.283534088134765625e+02 3.793182983398437500e+02
8.139125061035156250e+01 4.913994445800781250e+02 5.311540985107421875e+01 8.421733093261718750e+01 1.911778259277343750e+02 2.845938964843750000e+03 1.542602233886718750e+02 1.616070861816406250e+02 1.366514770507812500e+03 3.705080566406250000e+02 3.128232116699218750e+02 3.782453002929687500e+02 5.194244384765625000e+02 1.148932952880859375e+02 2.313003997802734375e+02 3.772877197265625000e+02
7.804487609863281250e+01 4.803157958984375000e+02 4.695003509521484375e+01 7.606596374511718750e+01 1.762858886718750000e+02 2.652077636718750000e+03 1.373091125488281250e+02 1.413157653808593750e+02 1.277020629882812500e+03 3.790358276367187500e+02 3.004004516601562500e+02 3.574993896484375000e+02 5.235301513671875000e+02 1.143114547729492188e+02 2.239358367919921875e+02 3.667952575683593750e+02
8.886296844482421875e+01 4.931640625000000000e+02 5.152016448974609375e+01 8.706929016113281250e+01 1.811273803710937500e+02 2.608436035156250000e+03 1.499525451660156250e+02 1.637620849609375000e+02 1.362269775390625000e+03 3.867382812500000000e+02 3.130675659179687500e+02 3.867044372558593750e+02 5.261028442382812500e+02 1.199395141601562500e+02 2.166392059326171875e+02 3.799822692871093750e+02
7.294854736328125000e+01 4.738820190429687500e+02 5.185655212402343750e+01 8.087840270996093750e+01 1.679446411132812500e+02 2.432562500000000000e+03 1.436644592285156250e+02 1.487337341308593750e+02 1.375029174804687500e+03 3.820084838867187500e+02 2.910923156738281250e+02 3.689249877929687500e+02 5.089373779296875000e+02 1.134255371093750000e+02 2.174173736572265625e+02 3.890612182617187500e+02
7.369434356689453125e+01 4.545548706054687500e+02 5.079462432861328125e+01 7.273693847656250000e+01 1.740251922607421875e+02 2.628069580078125000e+03 1.307307434082031250e+02 1.475870819091796875e+02 1.315254028320312500e+03 3.592578430175781250e+02 2.896376342773437500e+02 3.583781738281250000e+02 5.398534545898437500e+02 1.199863128662109375e+02 2.314832611083984375e+02 4.000674438476562500e+02
6.797880554199218750e+01 4.046343383789062500e+02 4.415816497802734375e+01 6.889062500000000000e+01 1.709369506835937500e+02 2.348964599609375000e+03 1.168205261230468750e+02 1.438262786865234375e+02 1.283942626953125000e+03 3.582654724121093750e+02 2.844958801269531250e+02 3.548051757812500000e+02 5.092673950195312500e+02 1.187337341308593750e+02 2.301181793212890625e+02 3.945849914550781250e+02
7.348614501953125000e+01 3.383955688476562500e+02 3.138500595092773438e+01 3.225845336914062500e+01 1.480732421875000000e+02 2.025548095703125000e+03 1.078870544433593750e+02 1.123410263061523438e+02 1.100038696289062500e+03 3.048005371093750000e+02 2.227359161376953125e+02 3.137786254882812500e+02 4.322847290039062500e+02 1.045127182006835938e+02 1.995276489257812500e+02 3.658133544921875000e+02
4.972164154052734375e+01 2.758427124023437500e+02 2.333941650390625000e+01 -5.699920654296875000e+00 1.231255874633789062e+02 1.447763183593750000e+03 8.001573181152343750e+01 8.830135345458984375e+01 1.147950317382812500e+03 2.102626037597656250e+02 1.762742462158203125e+02 2.904122619628906250e+02 3.222367553710937500e+02 7.893833923339843750e+01 1.651466979980468750e+02 3.007101440429687500e+02
4.174011993408203125e+01 1.914087219238281250e+02 1.561745071411132812e+01 -5.259338378906250000e+00 9.609588623046875000e+01 6.157124023437500000e+02 6.570802307128906250e+01 6.244004821777343750e+01 8.621229248046875000e+02 1.586779479980468750e+02 1.349268798828125000e+02 2.123923645019531250e+02 3.529149475097656250e+02 4.825803375244140625e+01 1.556605072021484375e+02 2.545875244140625000e+02
1.199258728027343750e+02 5.384185180664062500e+02 9.412565612792968750e+01 1.997641754150390625e+02 1.875524749755859375e+02 2.886744140625000000e+03 1.648282165527343750e+02 1.916368713378906250e+02 1.635803710937500000e+03 4.930619506835937500e+02 3.764237060546875000e+02 3.725609741210937500e+02 6.837499389648437500e+02 1.288947601318359375e+02 2.710294189453125000e+02 4.571461486816406250e+02
1.056489410400390625e+02 5.107299194335937500e+02 7.969697570800781250e+01 1.683266601562500000e+02 1.869237823486328125e+02 3.063577636718750000e+03 1.456627502441406250e+02 1.809720001220703125e+02 1.534019287109375000e+03 4.579592895507812500e+02 3.435077514648437500e+02 4.120021972656250000e+02 6.555832519531250000e+02 1.288951416015625000e+02 2.641841735839843750e+02 4.475005187988281250e+02
9.477331542968750000e+01 4.422344055175781250e+02 6.274788284301757812e+01 1.389672546386718750e+02 1.677286224365234375e+02 2.845595703125000000e+03 1.476264190673828125e+02 1.493273773193359375e+02 1.327419555664062500e+03 4.139090881347656250e+02 2.973734436035156250e+02 3.767387084960937500e+02 6.020694580078125000e+02 1.158523788452148438e+02 2.360770721435546875e+02 4.013421936035156250e+02
7.490498352050781250e+01 4.287388916015625000e+02 5.448371505737304688e+01 1.245579452514648438e+02 1.670208740234375000e+02 3.178655761718750000e+03 1.388500976562500000e+02 1.387156982421875000e+02 1.291734130859375000e+03 3.446279907226562500e+02 2.655969238281250000e+02 3.619685058593750000e+02 5.515347900390625000e+02 1.045586853027343750e+02 2.135343475341796875e+02 3.838620605468750000e+02
8.088293457031250000e+01 4.559607543945312500e+02 4.805171203613281250e+01 1.280826110839843750e+02 1.710908050537109375e+02 3.148559082031250000e+03 1.280936584472656250e+02 1.309412689208984375e+02 1.291360351562500000e+03 3.818298645019531250e+02 2.862460937500000000e+02 3.913756713867187500e+02 5.681553344726562500e+02 1.007182922363281250e+02 2.178984680175781250e+02 3.879219970703125000e+02
6.999555969238281250e+01 4.553333740234375000e+02 4.973981475830078125e+01 1.228951721191406250e+02 1.632702484130859375e+02 3.378736816406250000e+03 1.285345306396484375e+02 1.439457550048828125e+02 1.369602050781250000e+03 3.930878601074218750e+02 2.705113220214843750e+02 3.807562255859375000e+02 5.624216918945312500e+02 1.082276611328125000e+02 2.029607543945312500e+02 3.893522338867187500e+02
7.842839050292968750e+01 4.494281616210937500e+02 4.221238327026367188e+01 1.115743103027343750e+02 1.591911010742187500e+02 3.290180175781250000e+03 1.333479003906250000e+02 1.335162506103515625e+02 1.337891845703125000e+03 3.360572204589843750e+02 2.634617919921875000e+02 3.557561645507812500e+02 5.329448242187500000e+02 1.093647003173828125e+02 1.823811950683593750e+02 3.827265625000000000e+02
7.023167419433593750e+01 4.655596923828125000e+02 4.291198348999023438e+01 1.235778503417968750e+02 1.752261352539062500e+02 3.181023437500000000e+03 1.254737472534179688e+02 1.524481506347656250e+02 1.305684936523437500e+03 3.428640136718750000e+02 2.693481445312500000e+02 3.841094360351562500e+02 5.396793212890625000e+02 9.677694702148437500e+01 1.628295898437500000e+02 3.686750488281250000e+02
6.689527893066406250e+01 4.232067260742187500e+02 4.479821395874023438e+01 1.147941894531250000e+02 1.662432098388671875e+02 2.913171875000000000e+03 1.097261657714843750e+02 1.366235504150390625e+02 1.161029174804687500e+03 3.313927001953125000e+02 2.480315551757812500e+02 3.688424072265625000e+02 5.550610351562500000e+02 9.904090881347656250e+01 1.841590270996093750e+02 3.593381652832031250e+02
6.567648315429687500e+01 4.263417968750000000e+02 4.493127822875976562e+01 1.265595626831054688e+02 1.492134246826171875e+02 2.948280273437500000e+03 1.065349426269531250e+02 1.241331634521484375e+02 1.272785278320312500e+03 3.525040283203125000e+02 2.438609161376953125e+02 3.705223693847656250e+02 5.542821044921875000e+02 1.012752838134765625e+02 1.883974914550781250e+02 3.585616149902343750e+02
8.256852722167968750e+01 4.169056396484375000e+02 4.762439727783203125e+01 1.170072631835937500e+02 1.376821899414062500e+02 3.189037353515625000e+03 1.189487915039062500e+02 1.264401779174804688e+02 1.168323486328125000e+03 3.075712890625000000e+02 2.349372100830078125e+02 3.687246704101562500e+02 5.390751953125000000e+02 9.418273925781250000e+01 1.982088928222656250e+02 3.639887695312500000e+02
7.042773437500000000e+01 4.509268798828125000e+02 5.259561920166015625e+01 1.162963409423828125e+02 1.523713684082031250e+02 3.451388183593750000e+03 1.353677368164062500e+02 1.339439849853515625e+02 1.338189208984375000e+03 3.083181457519531250e+02 2.490832672119140625e+02 3.506447448730468750e+02 5.432540893554687500e+02 9.007770538330078125e+01 2.158493499755859375e+02 3.491527404785156250e+02
7.904441833496093750e+01 4.484183044433593750e+02 5.315826034545898438e+01 1.070296173095703125e+02 1.499922485351562500e+02 3.155748046875000000e+03 1.363663024902343750e+02 1.320052185058593750e+02 1.148547851562500000e+03 3.091284790039062500e+02 2.367602844238281250e+02 3.643376464843750000e+02 5.350477294921875000e+02 8.372013854980468750e+01 2.121821136474609375e+02 3.707920227050781250e+02
9.440454101562500000e+01 4.467023925781250000e+02 5.230546569824218750e+01 1.018667144775390625e+02 1.435561828613281250e+02 2.809189453125000000e+03 1.352112121582031250e+02 1.343854675292968750e+02 1.248482421875000000e+03 3.387103271484375000e+02 2.275906677246093750e+02 3.534234619140625000e+02 5.636301269531250000e+02 8.988926696777343750e+01 2.036987152099609375e+02 3.703188171386718750e+02
8.657885742187500000e+01 4.353242797851562500e+02 4.690282440185546875e+01 9.455664062500000000e+01 1.439813842773437500e+02 2.720680175781250000e+03 1.286996459960937500e+02 1.288133544921875000e+02 1.353675292968750000e+03 3.479798583984375000e+02 2.367253265380859375e+02 3.540819396972656250e+02 6.061170043945312500e+02 8.633158111572265625e+01 1.917820892333984375e+02 3.533114013671875000e+02
6.146285247802734375e+01 4.354429931640625000e+02 5.541289520263671875e+01 9.395251464843750000e+01 1.508331909179687500e+02 2.733078369140625000e+03 1.295211486816406250e+02 1.207870559692382812e+02 1.440976806640625000e+03 3.317210083007812500e+02 2.315520477294921875e+02 3.333107604980468750e+02 5.992382202148437500e+02 1.047691345214843750e+02 1.986723175048828125e+02 3.324264221191406250e+02
8.199783325195312500e+01 4.441154174804687500e+02 7.120570373535156250e+01 1.009437561035156250e+02 1.492911224365234375e+02 3.355994140625000000e+03 1.287863464355468750e+02 1.316357421875000000e+02 1.408456665039062500e+03 2.882537231445312500e+02 2.226636962890625000e+02 3.612233276367187500e+02 6.112985839843750000e+02 1.211035614013671875e+02 2.366264953613281250e+02 3.381559753417968750e+02
9.449273681640625000e+01 4.970994873046875000e+02 7.237808227539062500e+01 1.203618927001953125e+02 1.553392333984375000e+02 3.608047363281250000e+03 1.283152465820312500e+02 1.465060729980468750e+02 1.364644531250000000e+03 2.788934326171875000e+02 2.639272460937500000e+02 3.784119262695312500e+02 5.914646606445312500e+02 1.249531097412109375e+02 2.704493408203125000e+02 3.694393005371093750e+02
8.153834533691406250e+01 4.635563049316406250e+02 6.734677124023437500e+01 1.099603576660156250e+02 1.605646362304687500e+02 3.324910644531250000e+03 1.437409515380859375e+02 1.260970458984375000e+02 1.435343994140625000e+03 2.926802368164062500e+02 2.571563110351562500e+02 3.497900695800781250e+02 5.727825317382812500e+02 1.178409805297851562e+02 2.788459472656250000e+02 3.727372131347656250e+02
1.001707611083984375e+02 4.911999511718750000e+02 6.836875915527343750e+01 1.259284286499023438e+02 1.637821655273437500e+02 3.800411132812500000e+03 1.499217529296875000e+02 1.323110961914062500e+02 1.468480224609375000e+03 3.372396240234375000e+02 2.699892883300781250e+02 3.711663818359375000e+02 5.746005249023437500e+02 1.343292236328125000e+02 2.764316406250000000e+02 3.923695373535156250e+02
9.857262420654296875e+01 5.056130981445312500e+02 6.737478637695312500e+01 1.510381774902343750e+02 1.609487609863281250e+02 3.276958984375000000e+03 1.484006805419921875e+02 1.354523010253906250e+02 1.848263549804687500e+03 3.175824584960937500e+02 2.918764648437500000e+02 3.642692565917968750e+02 5.925725708007812500e+02 1.254589157104492188e+02 2.837769165039062500e+02 4.080592956542968750e+02
9.312841796875000000e+01 4.712003173828125000e+02 6.701625061035156250e+01 1.327547454833984375e+02 1.545556945800781250e+02 3.095063476562500000e+03 1.372231750488281250e+02 1.240806732177734375e+02 1.805197021484375000e+03 2.960243530273437500e+02 2.638572998046875000e+02 3.349071960449218750e+02 5.859554443359375000e+02 1.145027694702148438e+02 2.642987976074218750e+02 4.065988769531250000e+02
1.093195190429687500e+02 4.878098144531250000e+02 7.544153594970703125e+01 1.366450347900390625e+02 1.640787506103515625e+02 3.050348632812500000e+03 1.481886291503906250e+02 1.348564300537109375e+02 1.732758300781250000e+03 2.921636352539062500e+02 2.722004394531250000e+02 3.544751281738281250e+02 5.746400756835937500e+02 1.452599792480468750e+02 2.867272033691406250e+02 3.930477905273437500e+02
1.124347839355468750e+02 5.196353149414062500e+02 7.480933380126953125e+01 1.463833312988281250e+02 2.021771697998046875e+02 3.717312011718750000e+03 1.613969879150390625e+02 1.248985290527343750e+02 1.907043945312500000e+03 3.199046325683593750e+02 2.959394836425781250e+02 3.625620727539062500e+02 5.820178222656250000e+02 1.486932678222656250e+02 2.556629791259765625e+02 4.340939941406250000e+02
9.071316528320312500e+01 5.169195556640625000e+02 6.487615203857421875e+01 1.353265686035156250e+02 1.871823272705078125e+02 3.235329101562500000e+03 1.465985565185546875e+02 1.146878662109375000e+02 1.861012084960937500e+03 3.133154602050781250e+02 2.604041748046875000e+02 3.417080078125000000e+02 5.553979492187500000e+02 1.217654876708984375e+02 2.840877990722656250e+02 4.196345825195312500e+02
8.317700958251953125e+01 4.635014648437500000e+02 5.242256164550781250e+01 1.397362365722656250e+02 1.659481811523437500e+02 3.151606201171875000e+03 1.335541687011718750e+02 1.253683090209960938e+02 1.666828369140625000e+03 3.174677734375000000e+02 2.497918090820312500e+02 2.983845825195312500e+02 5.487290649414062500e+02 1.283085327148437500e+02 2.713511047363281250e+02 3.998322448730468750e+02
7.579570770263671875e+01 4.584434204101562500e+02 5.256046295166015625e+01 1.324591979980468750e+02 1.573586730957031250e+02 3.618503662109375000e+03 1.357152252197265625e+02 1.065919265747070312e+02 1.760287475585937500e+03 3.239598083496093750e+02 2.479069976806640625e+02 2.907317504882812500e+02 5.621385498046875000e+02 1.385085449218750000e+02 2.425972747802734375e+02 4.060554504394531250e+02
7.185346221923828125e+01 5.304116210937500000e+02 6.977112579345703125e+01 1.673636016845703125e+02 2.098405456542968750e+02 3.668961425781250000e+03 1.377034759521484375e+02 1.313037567138671875e+02 1.636370971679687500e+03 3.470663757324218750e+02 2.751250915527343750e+02 3.754520263671875000e+02 5.892086791992187500e+02 1.270783538818359375e+02 2.658659667968750000e+02 4.207387084960937500e+02
8.990596008300781250e+01 5.172754516601562500e+02 7.189875030517578125e+01 1.499642944335937500e+02 2.228078308105468750e+02 3.379053222656250000e+03 1.403855743408203125e+02 1.247871322631835938e+02 1.523280151367187500e+03 4.116793823242187500e+02 2.890139160156250000e+02 3.894522094726562500e+02 5.547105712890625000e+02 1.243818359375000000e+02 2.663957214355468750e+02 4.284313659667968750e+02
7.961155700683593750e+01 5.540894165039062500e+02 6.355062866210937500e+01 1.328334350585937500e+02 1.995003204345703125e+02 3.283671875000000000e+03 1.267895736694335938e+02 1.130227050781250000e+02 1.494737670898437500e+03 3.626672973632812500e+02 2.895450439453125000e+02 3.590509643554687500e+02 5.407221679687500000e+02 1.118605957031250000e+02 2.680865478515625000e+02 4.305195922851562500e+02
9.527511596679687500e+01 5.518825073242187500e+02 6.746028137207031250e+01 1.389407958984375000e+02 2.178496704101562500e+02 3.422038574218750000e+03 1.338792419433593750e+02 1.179133529663085938e+02 1.509110229492187500e+03 3.669533996582031250e+02 3.164801635742187500e+02 3.814608154296875000e+02 5.714868774414062500e+02 1.012141418457031250e+02 2.751148681640625000e+02 4.365679626464843750e+02
9.536822509765625000e+01 5.595508422851562500e+02 6.383368682861328125e+01 1.663605651855468750e+02 2.186970520019531250e+02 3.089711181640625000e+03 1.368758239746093750e+02 1.179471282958984375e+02 1.508232543945312500e+03 3.404306030273437500e+02 2.999449157714843750e+02 3.553245849609375000e+02 5.725639038085937500e+02 1.037245025634765625e+02 2.567795104980468750e+02 4.382581787109375000e+02
1.027621917724609375e+02 5.481752319335937500e+02 6.641633605957031250e+01 1.496594543457031250e+02 2.255018463134765625e+02 3.580366210937500000e+03 1.472371063232421875e+02 1.243705062866210938e+02 1.429883300781250000e+03 3.393038330078125000e+02 2.922376098632812500e+02 3.645006713867187500e+02 5.751317749023437500e+02 1.121587677001953125e+02 2.341495208740234375e+02 4.502979125976562500e+02
8.719642639160156250e+01 5.204136352539062500e+02 5.755718612670898438e+01 1.410249176025390625e+02 2.170989227294921875e+02 2.937176025390625000e+03 1.599531860351562500e+02 1.080000915527343750e+02 1.335559326171875000e+03 3.684745178222656250e+02 2.674843750000000000e+02 3.664945373535156250e+02 5.467248535156250000e+02 1.189078369140625000e+02 2.234142761230468750e+02 3.992167358398437500e+02
1.074790191650390625e+02 4.559379882812500000e+02 5.512672424316406250e+01 1.297308654785156250e+02 2.078321533203125000e+02 2.638893066406250000e+03 1.266989746093750000e+02 1.015643463134765625e+02 1.301230346679687500e+03 3.108924560546875000e+02 2.428734283447265625e+02 3.130565185546875000e+02 5.821995849609375000e+02 1.076466827392578125e+02 2.059413146972656250e+02 3.940449829101562500e+02
9.660323333740234375e+01 5.104583740234375000e+02 5.448339843750000000e+01 1.431089019775390625e+02 2.067664642333984375e+02 2.922273437500000000e+03 1.303651428222656250e+02 1.013286285400390625e+02 1.441845336914062500e+03 3.574696044921875000e+02 2.614842529296875000e+02 3.333336181640625000e+02 5.939648437500000000e+02 9.887444305419921875e+01 2.163757629394531250e+02 4.364352416992187500e+02
1.123785400390625000e+02 4.781666870117187500e+02 5.620492553710937500e+01 1.469139251708984375e+02 1.944475555419921875e+02 3.061878417968750000e+03 1.394467926025390625e+02 1.056894912719726562e+02 1.303233154296875000e+03 3.162985229492187500e+02 2.687844848632812500e+02 3.193127136230468750e+02 5.782823486328125000e+02 1.175660934448242188e+02 2.025279235839843750e+02 4.191131896972656250e+02
1.181164474487304688e+02 5.061614990234375000e+02 6.350883102416992188e+01 1.516569213867187500e+02 2.117176666259765625e+02 3.139621093750000000e+03 1.440377044677734375e+02 1.119432983398437500e+02 1.244568481445312500e+03 3.427781677246093750e+02 2.900897216796875000e+02 3.136164245605468750e+02 5.652932128906250000e+02 1.187526626586914062e+02 2.094819335937500000e+02 4.393985290527343750e+02
9.655287170410156250e+01 5.227575683593750000e+02 6.350924301147460938e+01 1.685272369384765625e+02 2.181625518798828125e+02 3.312197998046875000e+03 1.373867187500000000e+02 1.111144409179687500e+02 1.411079345703125000e+03 3.702975463867187500e+02 3.227411193847656250e+02 3.415596313476562500e+02 5.520926513671875000e+02 1.192772140502929688e+02 2.174861602783203125e+02 4.414363403320312500e+02
1.202782440185546875e+02 5.256701049804687500e+02 6.814817047119140625e+01 1.590581054687500000e+02 2.254549865722656250e+02 3.475328857421875000e+03 1.313612060546875000e+02 1.283764648437500000e+02 1.298668457031250000e+03 3.975202636718750000e+02 3.088720092773437500e+02 3.627843627929687500e+02 5.626604614257812500e+02 1.177541198730468750e+02 2.101896972656250000e+02 4.346738586425781250e+02
1.188683929443359375e+02 4.966202392578125000e+02 7.445037841796875000e+01 1.505037841796875000e+02 2.233631896972656250e+02 3.457742919921875000e+03 1.406487731933593750e+02 1.160771026611328125e+02 1.233176025390625000e+03 3.925316162109375000e+02 3.097105712890625000e+02 3.478151245117187500e+02 5.295861816406250000e+02 1.007124633789062500e+02 1.999281921386718750e+02 4.323424987792968750e+02
