9.352522277832031250e+01 4.549477539062500000e+02 8.006330871582031250e+01 1.026792602539062500e+02 1.422029113769531250e+02 3.389456054687500000e+03 1.570246582031250000e+02 1.550423431396484375e+02 1.551340942382812500e+03 3.287555847167968750e+02 2.655330505371093750e+02 3.706317138671875000e+02 6.144337158203125000e+02 1.301708221435546875e+02 2.441733398437500000e+02 3.349537353515625000e+02
8.975372314453125000e+01 4.618560180664062500e+02 7.743370819091796875e+01 1.078452911376953125e+02 1.422248840332031250e+02 3.434548583984375000e+03 1.553179626464843750e+02 1.553032379150390625e+02 1.536898437500000000e+03 3.219912109375000000e+02 2.738999023437500000e+02 3.717739868164062500e+02 6.056562500000000000e+02 1.216387481689453125e+02 2.576339721679687500e+02 3.418678894042968750e+02
8.598036193847656250e+01 4.644443969726562500e+02 6.816348266601562500e+01 1.104037475585937500e+02 1.421227416992187500e+02 3.413748535156250000e+03 1.548227996826171875e+02 1.542091674804687500e+02 1.562897583007812500e+03 3.192548217773437500e+02 2.721219177246093750e+02 3.692928466796875000e+02 5.870339355468750000e+02 1.135646591186523438e+02 2.659662475585937500e+02 3.420634155273437500e+02
9.020012664794921875e+01 4.631690063476562500e+02 5.981758499145507812e+01 1.110135803222656250e+02 1.417115020751953125e+02 3.339613769531250000e+03 1.513555908203125000e+02 1.483709106445312500e+02 1.526992797851562500e+03 3.170480041503906250e+02 2.658444519042968750e+02 3.666493835449218750e+02 5.919208984375000000e+02 1.120977630615234375e+02 2.683267211914062500e+02 3.351295471191406250e+02
8.778350830078125000e+01 4.665142211914062500e+02 5.743965530395507812e+01 1.109573669433593750e+02 1.416560058593750000e+02 3.399590820312500000e+03 1.498088378906250000e+02 1.477734985351562500e+02 1.488641479492187500e+03 3.276021423339843750e+02 2.714285278320312500e+02 3.660281982421875000e+02 5.807232666015625000e+02 1.093577423095703125e+02 2.699469604492187500e+02 3.333788757324218750e+02
8.213039398193359375e+01 4.603729858398437500e+02 5.046725463867187500e+01 1.109226226806640625e+02 1.408938903808593750e+02 3.360360351562500000e+03 1.466319580078125000e+02 1.493856964111328125e+02 1.466711303710937500e+03 3.326210632324218750e+02 2.723185119628906250e+02 3.635047912597656250e+02 5.608300781250000000e+02 1.098280487060546875e+02 2.639760131835937500e+02 3.363408508300781250e+02
7.910878753662109375e+01 4.664389648437500000e+02 4.380491638183593750e+01 1.098383941650390625e+02 1.401166076660156250e+02 3.338833251953125000e+03 1.511112518310546875e+02 1.491216735839843750e+02 1.426434448242187500e+03 3.385463562011718750e+02 2.763544616699218750e+02 3.614287109375000000e+02 5.505043945312500000e+02 1.071642456054687500e+02 2.633177490234375000e+02 3.336701965332031250e+02
7.879787445068359375e+01 4.661206359863281250e+02 4.154581832885742188e+01 1.095143585205078125e+02 1.409988861083984375e+02 3.335287841796875000e+03 1.476975708007812500e+02 1.512754058837890625e+02 1.385443115234375000e+03 3.345770568847656250e+02 2.794680786132812500e+02 3.604062805175781250e+02 5.513182373046875000e+02 1.066057434082031250e+02 2.488661499023437500e+02 3.305920104980468750e+02
7.663903808593750000e+01 4.596009826660156250e+02 3.611400985717773438e+01 1.076360473632812500e+02 1.400433959960937500e+02 3.309087890625000000e+03 1.483816223144531250e+02 1.476259155273437500e+02 1.380293457031250000e+03 3.280776367187500000e+02 2.766123046875000000e+02 3.579072875976562500e+02 5.314926147460937500e+02 1.052536621093750000e+02 2.435173034667968750e+02 3.288973083496093750e+02
7.832527160644531250e+01 4.557435913085937500e+02 3.305751037597656250e+01 1.067133636474609375e+02 1.401485595703125000e+02 3.337409912109375000e+03 1.452721252441406250e+02 1.491007385253906250e+02 1.328944458007812500e+03 3.237244262695312500e+02 2.760510559082031250e+02 3.582861633300781250e+02 5.053785400390625000e+02 1.041856994628906250e+02 2.383573608398437500e+02 3.249737548828125000e+02
7.621315002441406250e+01 4.587590332031250000e+02 3.289687728881835938e+01 1.054392547607421875e+02 1.416824951171875000e+02 3.326316406250000000e+03 1.440859832763671875e+02 1.468079681396484375e+02 1.290317626953125000e+03 3.242455444335937500e+02 2.775778198242187500e+02 3.555539245605468750e+02 4.979303588867187500e+02 1.021773452758789062e+02 2.356315307617187500e+02 3.254120483398437500e+02
7.574340820312500000e+01 4.577944946289062500e+02 3.066341781616210938e+01 1.049557342529296875e+02 1.412629699707031250e+02 3.261805175781250000e+03 1.435169067382812500e+02 1.437338562011718750e+02 1.271072998046875000e+03 3.301365051269531250e+02 2.795674743652343750e+02 3.529914550781250000e+02 4.905164489746093750e+02 1.030367584228515625e+02 2.257848052978515625e+02 3.265789794921875000e+02
7.635201263427734375e+01 4.549619445800781250e+02 2.917998504638671875e+01 1.045676269531250000e+02 1.416257629394531250e+02 3.219557617187500000e+03 1.426732482910156250e+02 1.417162170410156250e+02 1.270021728515625000e+03 3.318496093750000000e+02 2.776637573242187500e+02 3.499616088867187500e+02 4.833613586425781250e+02 1.036844024658203125e+02 2.254952392578125000e+02 3.341478881835937500e+02
7.902236938476562500e+01 4.533783874511718750e+02 2.953172302246093750e+01 1.043667755126953125e+02 1.398500976562500000e+02 3.174460937500000000e+03 1.430496063232421875e+02 1.422973480224609375e+02 1.245457641601562500e+03 3.277704467773437500e+02 2.746879272460937500e+02 3.469585571289062500e+02 4.705220947265625000e+02 1.044597167968750000e+02 2.110554199218750000e+02 3.366517333984375000e+02
7.875057983398437500e+01 4.487962036132812500e+02 2.889080429077148438e+01 1.039828491210937500e+02 1.385908050537109375e+02 3.124223144531250000e+03 1.435169830322265625e+02 1.410236968994140625e+02 1.237174438476562500e+03 3.303743896484375000e+02 2.707583007812500000e+02 3.396222534179687500e+02 4.585085144042968750e+02 1.039087600708007812e+02 2.009403686523437500e+02 3.369508972167968750e+02
7.859083557128906250e+01 4.455884094238281250e+02 2.712609863281250000e+01 1.032929534912109375e+02 1.355503845214843750e+02 3.101920410156250000e+03 1.421094818115234375e+02 1.384662170410156250e+02 1.218730346679687500e+03 3.326682739257812500e+02 2.677565917968750000e+02 3.305620727539062500e+02 4.511581115722656250e+02 1.036130294799804688e+02 1.913325042724609375e+02 3.353889160156250000e+02
7.959944152832031250e+01 4.453975524902343750e+02 2.813862228393554688e+01 1.042688598632812500e+02 1.346683349609375000e+02 3.134488769531250000e+03 1.429205932617187500e+02 1.406176757812500000e+02 1.225872802734375000e+03 3.368452758789062500e+02 2.677874145507812500e+02 3.350733337402343750e+02 4.414754943847656250e+02 1.045624771118164062e+02 1.866558990478515625e+02 3.379723205566406250e+02
7.845974731445312500e+01 4.441165161132812500e+02 2.893627548217773438e+01 1.074691314697265625e+02 1.321402893066406250e+02 3.122138671875000000e+03 1.429720458984375000e+02 1.394576873779296875e+02 1.228593750000000000e+03 3.373133850097656250e+02 2.655127868652343750e+02 3.315081176757812500e+02 4.354177246093750000e+02 1.039914550781250000e+02 1.852362518310546875e+02 3.426354370117187500e+02
7.840217590332031250e+01 4.435665893554687500e+02 2.972877883911132812e+01 1.112119903564453125e+02 1.325988769531250000e+02 3.163405273437500000e+03 1.424249725341796875e+02 1.395386352539062500e+02 1.223982910156250000e+03 3.354939575195312500e+02 2.655457153320312500e+02 3.291893310546875000e+02 4.409345397949218750e+02 1.063060913085937500e+02 1.903565063476562500e+02 3.498138732910156250e+02
7.834634399414062500e+01 4.417980651855468750e+02 2.919172668457031250e+01 1.138918151855468750e+02 1.328162231445312500e+02 3.237384765625000000e+03 1.414420318603515625e+02 1.406998901367187500e+02 1.227061523437500000e+03 3.389132690429687500e+02 2.678799438476562500e+02 3.286089782714843750e+02 4.365458374023437500e+02 1.079853515625000000e+02 1.926368408203125000e+02 3.543311157226562500e+02
8.230485534667968750e+01 4.407596740722656250e+02 2.853270339965820312e+01 1.149118194580078125e+02 1.299720458984375000e+02 3.252824707031250000e+03 1.420304565429687500e+02 1.404280700683593750e+02 1.221822509765625000e+03 3.369479980468750000e+02 2.672736511230468750e+02 3.212605285644531250e+02 4.258772277832031250e+02 1.074978790283203125e+02 1.894670410156250000e+02 3.538806457519531250e+02
8.238776397705078125e+01 4.428362426757812500e+02 3.120289230346679688e+01 1.168484497070312500e+02 1.283434753417968750e+02 3.248595214843750000e+03 1.425254211425781250e+02 1.409474182128906250e+02 1.264496826171875000e+03 3.310424804687500000e+02 2.685215454101562500e+02 3.193573913574218750e+02 4.113290100097656250e+02 1.064353790283203125e+02 1.871118469238281250e+02 3.500817260742187500e+02
8.359293365478515625e+01 4.336446533203125000e+02 3.596916198730468750e+01 1.198401336669921875e+02 1.323909606933593750e+02 3.182183105468750000e+03 1.406662139892578125e+02 1.386576843261718750e+02 1.244063720703125000e+03 3.231893615722656250e+02 2.660038452148437500e+02 3.050668029785156250e+02 4.570599975585937500e+02 1.010800018310546875e+02 1.903546142578125000e+02 3.458070678710937500e+02
8.372068786621093750e+01 4.259892578125000000e+02 3.775944900512695312e+01 1.236542510986328125e+02 1.319503173828125000e+02 3.185459960937500000e+03 1.384985656738281250e+02 1.381909790039062500e+02 1.257942749023437500e+03 3.528180541992187500e+02 2.631193237304687500e+02 2.990115661621093750e+02 4.880416564941406250e+02 9.736396789550781250e+01 1.937092437744140625e+02 3.408051452636718750e+02
8.364381408691406250e+01 4.354248046875000000e+02 4.010308837890625000e+01 1.286071166992187500e+02 1.340106506347656250e+02 3.357306152343750000e+03 1.372829284667968750e+02 1.427485809326171875e+02 1.274999023437500000e+03 3.739862060546875000e+02 2.679738159179687500e+02 3.087333374023437500e+02 5.147304077148437500e+02 1.005565643310546875e+02 2.041939392089843750e+02 3.469683227539062500e+02
8.311555480957031250e+01 4.298677368164062500e+02 3.940150070190429688e+01 1.289360351562500000e+02 1.336681518554687500e+02 3.251277343750000000e+03 1.402075653076171875e+02 1.388996124267578125e+02 1.246249267578125000e+03 3.771616821289062500e+02 2.651332397460937500e+02 3.114209289550781250e+02 5.318619995117187500e+02 1.005810394287109375e+02 2.024717559814453125e+02 3.429134521484375000e+02
7.871017456054687500e+01 4.299029541015625000e+02 4.069508361816406250e+01 1.283719482421875000e+02 1.345968017578125000e+02 3.288897460937500000e+03 1.389316558837890625e+02 1.368439941406250000e+02 1.236523193359375000e+03 3.576062011718750000e+02 2.597555847167968750e+02 3.135518798828125000e+02 5.342712402343750000e+02 9.911013793945312500e+01 1.997380981445312500e+02 3.441631469726562500e+02
7.834310913085937500e+01 4.366277770996093750e+02 4.129981994628906250e+01 1.275245437622070312e+02 1.371752624511718750e+02 3.325872558593750000e+03 1.343902282714843750e+02 1.319790649414062500e+02 1.228987060546875000e+03 3.643360900878906250e+02 2.649476318359375000e+02 3.249664611816406250e+02 5.456078491210937500e+02 9.745277404785156250e+01 2.033150329589843750e+02 3.538057250976562500e+02
7.277404022216796875e+01 4.350501708984375000e+02 4.235631561279296875e+01 1.228892669677734375e+02 1.371626586914062500e+02 3.381026123046875000e+03 1.327224426269531250e+02 1.326161193847656250e+02 1.238731323242187500e+03 3.715571289062500000e+02 2.562635498046875000e+02 3.329016723632812500e+02 5.498995361328125000e+02 9.815608978271484375e+01 1.984938659667968750e+02 3.602188110351562500e+02
7.275789642333984375e+01 4.322116394042968750e+02 3.941516113281250000e+01 1.135077514648437500e+02 1.364967041015625000e+02 3.421774902343750000e+03 1.325223083496093750e+02 1.277190704345703125e+02 1.233967651367187500e+03 3.521477966308593750e+02 2.478839416503906250e+02 3.306093444824218750e+02 5.427188720703125000e+02 9.874935913085937500e+01 1.888140563964843750e+02 3.626094665527343750e+02
7.043208312988281250e+01 4.436825561523437500e+02 3.985037994384765625e+01 1.152369995117187500e+02 1.393122253417968750e+02 3.483893310546875000e+03 1.307764434814453125e+02 1.341707763671875000e+02 1.234968750000000000e+03 3.475916442871093750e+02 2.486522521972656250e+02 3.391218872070312500e+02 5.497725219726562500e+02 9.558344268798828125e+01 1.764136657714843750e+02 3.606964416503906250e+02
6.904898834228515625e+01 4.342173767089843750e+02 4.225038146972656250e+01 1.135505371093750000e+02 1.402378234863281250e+02 3.419736816406250000e+03 1.250244979858398438e+02 1.321089172363281250e+02 1.196680541992187500e+03 3.401167297363281250e+02 2.437435913085937500e+02 3.425330200195312500e+02 5.554835205078125000e+02 9.563043975830078125e+01 1.784362335205078125e+02 3.578700561523437500e+02
6.832148742675781250e+01 4.301364746093750000e+02 4.519284057617187500e+01 1.186434478759765625e+02 1.380070190429687500e+02 3.539732177734375000e+03 1.217554931640625000e+02 1.279690475463867188e+02 1.210810913085937500e+03 3.450508422851562500e+02 2.415578002929687500e+02 3.444618530273437500e+02 5.662514648437500000e+02 9.687510681152343750e+01 1.824294128417968750e+02 3.584560241699218750e+02
7.363223266601562500e+01 4.252908935546875000e+02 4.875289154052734375e+01 1.179367065429687500e+02 1.354374389648437500e+02 3.553302246093750000e+03 1.249305114746093750e+02 1.274910049438476562e+02 1.185210449218750000e+03 3.306780090332031250e+02 2.388747406005859375e+02 3.477368164062500000e+02 5.764674682617187500e+02 9.567329406738281250e+01 1.906072692871093750e+02 3.646130371093750000e+02
7.397898101806640625e+01 4.423436889648437500e+02 5.389938354492187500e+01 1.217259979248046875e+02 1.368930358886718750e+02 3.769700439453125000e+03 1.326276245117187500e+02 1.320346832275390625e+02 1.240312133789062500e+03 3.309997863769531250e+02 2.472527008056640625e+02 3.446928100585937500e+02 5.859703369140625000e+02 9.524717712402343750e+01 2.039774169921875000e+02 3.685034790039062500e+02
7.757731628417968750e+01 4.554642028808593750e+02 5.868669891357421875e+01 1.209732360839843750e+02 1.344699401855468750e+02 3.949133789062500000e+03 1.381670837402343750e+02 1.361340026855468750e+02 1.230529052734375000e+03 3.381799316406250000e+02 2.520698699951171875e+02 3.525415649414062500e+02 5.703623657226562500e+02 9.399788665771484375e+01 2.125111389160156250e+02 3.869749450683593750e+02
8.328356933593750000e+01 4.575191650390625000e+02 6.530710601806640625e+01 1.170446472167968750e+02 1.343675079345703125e+02 4.098619140625000000e+03 1.388891448974609375e+02 1.371419372558593750e+02 1.244371459960937500e+03 3.314946289062500000e+02 2.461689758300781250e+02 3.527544250488281250e+02 5.807172851562500000e+02 9.468203735351562500e+01 2.156446533203125000e+02 3.907905883789062500e+02
8.324476623535156250e+01 4.491650390625000000e+02 6.692904663085937500e+01 1.080101318359375000e+02 1.342087402343750000e+02 3.935470947265625000e+03 1.356552734375000000e+02 1.341967163085937500e+02 1.263339965820312500e+03 3.312215270996093750e+02 2.450599212646484375e+02 3.517406005859375000e+02 5.952585449218750000e+02 9.203598785400390625e+01 2.082415466308593750e+02 3.837858886718750000e+02
7.479631042480468750e+01 4.454464721679687500e+02 7.178726196289062500e+01 1.020429077148437500e+02 1.351673889160156250e+02 3.922547607421875000e+03 1.337400207519531250e+02 1.284379730224609375e+02 1.303919311523437500e+03 3.265080261230468750e+02 2.394232635498046875e+02 3.476213684082031250e+02 6.030619506835937500e+02 9.663629913330078125e+01 2.073927154541015625e+02 3.680866394042968750e+02
7.796015167236328125e+01 4.427416687011718750e+02 7.849715423583984375e+01 1.006277313232421875e+02 1.352131347656250000e+02 3.940868408203125000e+03 1.314272155761718750e+02 1.302980651855468750e+02 1.315261718750000000e+03 3.118649291992187500e+02 2.315230865478515625e+02 3.501410522460937500e+02 6.101159667968750000e+02 1.030098724365234375e+02 2.221798400878906250e+02 3.584139404296875000e+02
8.135280609130859375e+01 4.505775756835937500e+02 8.109649658203125000e+01 1.055983886718750000e+02 1.354271240234375000e+02 4.022464111328125000e+03 1.291152954101562500e+02 1.347833251953125000e+02 1.309959350585937500e+03 2.965113525390625000e+02 2.409957885742187500e+02 3.532985839843750000e+02 6.108794555664062500e+02 1.078644409179687500e+02 2.299222564697265625e+02 3.553654174804687500e+02
7.760313415527343750e+01 4.394388427734375000e+02 7.798478698730468750e+01 1.001229705810546875e+02 1.361065979003906250e+02 3.988911376953125000e+03 1.333110961914062500e+02 1.267734909057617188e+02 1.302907958984375000e+03 2.913543701171875000e+02 2.401236572265625000e+02 3.505777587890625000e+02 6.083433227539062500e+02 1.073123703002929688e+02 2.450665435791015625e+02 3.504288940429687500e+02
8.183293151855468750e+01 4.447516784667968750e+02 7.800061035156250000e+01 1.036454620361328125e+02 1.378286437988281250e+02 4.049010742187500000e+03 1.361053771972656250e+02 1.251551132202148438e+02 1.305406372070312500e+03 3.024080810546875000e+02 2.433189086914062500e+02 3.526449890136718750e+02 6.098229370117187500e+02 1.126488037109375000e+02 2.592050781250000000e+02 3.512628173828125000e+02
8.307135772705078125e+01 4.485060729980468750e+02 7.555510711669921875e+01 1.122381134033203125e+02 1.393327789306640625e+02 3.993401367187500000e+03 1.358863677978515625e+02 1.229156646728515625e+02 1.390594604492187500e+03 2.975328369140625000e+02 2.513234558105468750e+02 3.528753662109375000e+02 6.140155029296875000e+02 1.118376617431640625e+02 2.709101562500000000e+02 3.546337280273437500e+02
8.065243530273437500e+01 4.339836120605468750e+02 7.244294738769531250e+01 1.070697937011718750e+02 1.396159973144531250e+02 3.904080810546875000e+03 1.316794891357421875e+02 1.185376052856445312e+02 1.432761474609375000e+03 2.907017822265625000e+02 2.422086029052734375e+02 3.504007873535156250e+02 6.188395385742187500e+02 1.066888275146484375e+02 2.731945495605468750e+02 3.540380859375000000e+02
8.522905731201171875e+01 4.323973388671875000e+02 7.248812103271484375e+01 1.054959564208984375e+02 1.406959381103515625e+02 3.869400390625000000e+03 1.339060974121093750e+02 1.198715057373046875e+02 1.450898071289062500e+03 2.854481201171875000e+02 2.413797302246093750e+02 3.524414062500000000e+02 6.222729492187500000e+02 1.158786392211914062e+02 2.857817993164062500e+02 3.471135864257812500e+02
8.693885040283203125e+01 4.423163757324218750e+02 6.960438537597656250e+01 1.078994445800781250e+02 1.438921966552734375e+02 3.995413818359375000e+03 1.395541992187500000e+02 1.173130416870117188e+02 1.521082031250000000e+03 2.920617065429687500e+02 2.493033294677734375e+02 3.548441162109375000e+02 6.260902099609375000e+02 1.226781005859375000e+02 2.844971313476562500e+02 3.595043640136718750e+02
8.205255126953125000e+01 4.450776977539062500e+02 6.083049011230468750e+01 1.047102508544921875e+02 1.446412506103515625e+02 3.925247070312500000e+03 1.352507324218750000e+02 1.139028396606445312e+02 1.515559448242187500e+03 2.919727783203125000e+02 2.393350219726562500e+02 3.533487243652343750e+02 6.211497802734375000e+02 1.173590850830078125e+02 2.851249694824218750e+02 3.645426025390625000e+02
7.894422912597656250e+01 4.334279785156250000e+02 5.200331497192382812e+01 1.081278228759765625e+02 1.432424163818359375e+02 3.958424804687500000e+03 1.321442565917968750e+02 1.138078613281250000e+02 1.499942504882812500e+03 2.910781860351562500e+02 2.369498748779296875e+02 3.438569946289062500e+02 6.156269531250000000e+02 1.204825820922851562e+02 2.842230224609375000e+02 3.577432861328125000e+02
7.521976470947265625e+01 4.310834960937500000e+02 5.007259368896484375e+01 1.112079467773437500e+02 1.423350219726562500e+02 3.919818847656250000e+03 1.327286529541015625e+02 1.116459274291992188e+02 1.560753784179687500e+03 2.945899658203125000e+02 2.391909027099609375e+02 3.362177734375000000e+02 6.135060424804687500e+02 1.288634490966796875e+02 2.773402404785156250e+02 3.602899475097656250e+02
7.493782043457031250e+01 4.574861145019531250e+02 5.801316070556640625e+01 1.264054794311523438e+02 1.459282226562500000e+02 4.016056884765625000e+03 1.351139831542968750e+02 1.182712936401367188e+02 1.531010864257812500e+03 3.067558593750000000e+02 2.514067687988281250e+02 3.460281066894531250e+02 6.151037597656250000e+02 1.302212524414062500e+02 2.834976501464843750e+02 3.676752319335937500e+02
8.040438842773437500e+01 4.676653442382812500e+02 6.143688201904296875e+01 1.295621643066406250e+02 1.486728363037109375e+02 4.079042968750000000e+03 1.380831909179687500e+02 1.218085021972656250e+02 1.467778808593750000e+03 3.325344848632812500e+02 2.626637573242187500e+02 3.529824523925781250e+02 6.054331054687500000e+02 1.286444702148437500e+02 2.855729980468750000e+02 3.755320739746093750e+02
8.029592895507812500e+01 4.819324951171875000e+02 5.617016220092773438e+01 1.273635177612304688e+02 1.482136383056640625e+02 4.168459472656250000e+03 1.375466613769531250e+02 1.229436950683593750e+02 1.441528442382812500e+03 3.345236816406250000e+02 2.698122558593750000e+02 3.533473510742187500e+02 5.896401977539062500e+02 1.148417053222656250e+02 2.805789489746093750e+02 3.881320190429687500e+02
8.342840576171875000e+01 4.851072082519531250e+02 5.422472763061523438e+01 1.284882202148437500e+02 1.493672485351562500e+02 4.152048339843750000e+03 1.387472229003906250e+02 1.244253921508789062e+02 1.444839111328125000e+03 3.392854919433593750e+02 2.803967285156250000e+02 3.561536254882812500e+02 5.910582885742187500e+02 1.066237182617187500e+02 2.769039916992187500e+02 3.959368896484375000e+02
8.574111938476562500e+01 4.882763061523437500e+02 5.225617599487304688e+01 1.358050689697265625e+02 1.501710205078125000e+02 4.272639160156250000e+03 1.397793884277343750e+02 1.259862976074218750e+02 1.445766967773437500e+03 3.325137939453125000e+02 2.803295288085937500e+02 3.546237182617187500e+02 5.966636962890625000e+02 1.063560028076171875e+02 2.680032348632812500e+02 4.034259643554687500e+02
8.687852478027343750e+01 4.839376525878906250e+02 5.153259277343750000e+01 1.316531829833984375e+02 1.517982482910156250e+02 4.241095214843750000e+03 1.429794311523437500e+02 1.275681076049804688e+02 1.435977172851562500e+03 3.286439514160156250e+02 2.761304931640625000e+02 3.540343933105468750e+02 5.987489624023437500e+02 1.049057006835937500e+02 2.541889495849609375e+02 4.056495666503906250e+02
8.349401855468750000e+01 4.708144836425781250e+02 4.802861022949218750e+01 1.267397155761718750e+02 1.519925537109375000e+02 4.238477050781250000e+03 1.472168579101562500e+02 1.254925155639648438e+02 1.338191406250000000e+03 3.354087829589843750e+02 2.679846801757812500e+02 3.531600341796875000e+02 5.852475585937500000e+02 1.070647430419921875e+02 2.335483703613281250e+02 3.847133178710937500e+02
8.645307922363281250e+01 4.534751892089843750e+02 4.353335571289062500e+01 1.220583496093750000e+02 1.508902587890625000e+02 4.206104492187500000e+03 1.433827056884765625e+02 1.248958816528320312e+02 1.286270996093750000e+03 3.270558471679687500e+02 2.606687316894531250e+02 3.413623962402343750e+02 5.839241943359375000e+02 1.054407119750976562e+02 2.270961914062500000e+02 3.695047607421875000e+02
