1.097174987792968750e+02 5.229504394531250000e+02 8.779998016357421875e+01 1.491515808105468750e+02 1.515797424316406250e+02 3.700765869140625000e+03 1.818913879394531250e+02 1.868518218994140625e+02 1.679477783203125000e+03 3.681500244140625000e+02 3.143509521484375000e+02 3.898819580078125000e+02 5.975419921875000000e+02 1.396559295654296875e+02 2.775000000000000000e+02 3.732108154296875000e+02
1.095288009643554688e+02 5.224671630859375000e+02 8.559496307373046875e+01 1.486546325683593750e+02 1.527341613769531250e+02 3.744536132812500000e+03 1.773956146240234375e+02 1.853022003173828125e+02 1.663270874023437500e+03 3.577516479492187500e+02 3.171239624023437500e+02 3.928397216796875000e+02 5.887003173828125000e+02 1.296195526123046875e+02 2.852447509765625000e+02 3.777540588378906250e+02
1.031277847290039062e+02 5.236475830078125000e+02 8.216670989990234375e+01 1.471383972167968750e+02 1.539924926757812500e+02 3.625647460937500000e+03 1.753125762939453125e+02 1.831695251464843750e+02 1.697808227539062500e+03 3.511746215820312500e+02 3.152887878417968750e+02 3.910197448730468750e+02 5.693284912109375000e+02 1.167928848266601562e+02 2.887202148437500000e+02 3.790726013183593750e+02
1.062805328369140625e+02 5.242133178710937500e+02 7.684704589843750000e+01 1.426612396240234375e+02 1.553630218505859375e+02 3.417932373046875000e+03 1.708960266113281250e+02 1.765354003906250000e+02 1.704937011718750000e+03 3.491561889648437500e+02 3.070001220703125000e+02 3.874592285156250000e+02 5.733609008789062500e+02 1.147980804443359375e+02 2.864680175781250000e+02 3.716085205078125000e+02
1.053294830322265625e+02 5.299263916015625000e+02 7.366993713378906250e+01 1.357985382080078125e+02 1.568261413574218750e+02 3.365786132812500000e+03 1.677577667236328125e+02 1.733823852539062500e+02 1.679668579101562500e+03 3.593264770507812500e+02 3.099251708984375000e+02 3.869030456542968750e+02 5.634235229492187500e+02 1.152967147827148438e+02 2.845690002441406250e+02 3.666972351074218750e+02
9.558232116699218750e+01 5.250381469726562500e+02 7.025028991699218750e+01 1.293998565673828125e+02 1.569564819335937500e+02 3.272187011718750000e+03 1.623527221679687500e+02 1.744824218750000000e+02 1.653506469726562500e+03 3.645417785644531250e+02 3.113975524902343750e+02 3.837261352539062500e+02 5.500180664062500000e+02 1.159649200439453125e+02 2.761099548339843750e+02 3.665286254882812500e+02
8.811125183105468750e+01 5.303839111328125000e+02 6.599166107177734375e+01 1.224275360107421875e+02 1.573134155273437500e+02 3.119767089843750000e+03 1.669395446777343750e+02 1.742632904052734375e+02 1.621668457031250000e+03 3.741472778320312500e+02 3.167788696289062500e+02 3.821061401367187500e+02 5.505040283203125000e+02 1.150387115478515625e+02 2.720024414062500000e+02 3.629804687500000000e+02
8.514286804199218750e+01 5.299626464843750000e+02 6.509322357177734375e+01 1.174046478271484375e+02 1.599805450439453125e+02 2.970047363281250000e+03 1.640729064941406250e+02 1.743944854736328125e+02 1.588903808593750000e+03 3.695248718261718750e+02 3.226863403320312500e+02 3.815724487304687500e+02 5.601591186523437500e+02 1.137821121215820312e+02 2.558581237792968750e+02 3.560962219238281250e+02
7.920150756835937500e+01 5.121167602539062500e+02 5.761649322509765625e+01 1.064941406250000000e+02 1.575447082519531250e+02 2.749990234375000000e+03 1.606139373779296875e+02 1.634798278808593750e+02 1.521453002929687500e+03 3.518032226562500000e+02 3.149893798828125000e+02 3.741360778808593750e+02 5.480861816406250000e+02 1.100809631347656250e+02 2.425153656005859375e+02 3.467520141601562500e+02
7.341086578369140625e+01 4.718142700195312500e+02 4.328067779541015625e+01 8.794711303710937500e+01 1.524660949707031250e+02 2.604382812500000000e+03 1.480214691162109375e+02 1.498349761962890625e+02 1.407379882812500000e+03 3.227783813476562500e+02 2.927126159667968750e+02 3.659429321289062500e+02 5.044501037597656250e+02 1.026566467285156250e+02 2.239916381835937500e+02 3.232301940917968750e+02
6.053716278076171875e+01 4.173863525390625000e+02 3.002215194702148438e+01 5.719512939453125000e+01 1.470716857910156250e+02 2.406764648437500000e+03 1.301274108886718750e+02 1.291369018554687500e+02 1.268215576171875000e+03 2.891998291015625000e+02 2.547293701171875000e+02 3.533385009765625000e+02 4.620890502929687500e+02 9.013911437988281250e+01 2.066060943603515625e+02 2.944826049804687500e+02
4.630500793457031250e+01 3.631948852539062500e+02 1.335050201416015625e+01 2.928080749511718750e+01 1.367220764160156250e+02 2.087000732421875000e+03 1.131982727050781250e+02 1.073494338989257812e+02 1.116925048828125000e+03 2.639409790039062500e+02 2.188468780517578125e+02 3.321241455078125000e+02 4.045852966308593750e+02 8.102815246582031250e+01 1.831942291259765625e+02 2.667145996093750000e+02
4.717779541015625000e+01 3.646113891601562500e+02 1.149588012695312500e+01 3.311900329589843750e+01 1.356169128417968750e+02 2.092165039062500000e+03 1.118020629882812500e+02 1.065022277832031250e+02 1.106279052734375000e+03 2.726112060546875000e+02 2.218885498046875000e+02 3.226983642578125000e+02 3.847246093750000000e+02 8.401420593261718750e+01 1.871720581054687500e+02 2.761497192382812500e+02
7.773707580566406250e+01 4.697676391601562500e+02 3.964422607421875000e+01 9.353788757324218750e+01 1.499454040527343750e+02 2.669610839843750000e+03 1.403455505371093750e+02 1.466179809570312500e+02 1.285998535156250000e+03 3.289060974121093750e+02 2.966335449218750000e+02 3.485943603515625000e+02 4.721549377441406250e+02 1.071253890991210938e+02 2.200764617919921875e+02 3.415396423339843750e+02
9.363661956787109375e+01 5.294365234375000000e+02 5.919281005859375000e+01 1.306785736083984375e+02 1.618898620605468750e+02 2.946672363281250000e+03 1.600209655761718750e+02 1.708827819824218750e+02 1.417876464843750000e+03 3.701849975585937500e+02 3.391520996093750000e+02 3.692260131835937500e+02 5.333266601562500000e+02 1.202638549804687500e+02 2.441000671386718750e+02 3.840947875976562500e+02
9.203885650634765625e+01 5.203702392578125000e+02 5.957921600341796875e+01 1.284854736328125000e+02 1.618410339355468750e+02 2.920613281250000000e+03 1.560276489257812500e+02 1.644198913574218750e+02 1.344198242187500000e+03 3.735425720214843750e+02 3.326395568847656250e+02 3.652322387695312500e+02 5.251056518554687500e+02 1.202783355712890625e+02 2.413334197998046875e+02 3.842899169921875000e+02
8.907894897460937500e+01 4.976062622070312500e+02 5.538287734985351562e+01 1.187666473388671875e+02 1.604028472900390625e+02 2.912003417968750000e+03 1.511838531494140625e+02 1.587649230957031250e+02 1.297945800781250000e+03 3.707784423828125000e+02 3.183859863281250000e+02 3.629373168945312500e+02 5.049660034179687500e+02 1.168291778564453125e+02 2.298931427001953125e+02 3.763227539062500000e+02
8.587552642822265625e+01 4.824933166503906250e+02 5.182420349121093750e+01 1.159545593261718750e+02 1.566186218261718750e+02 2.927960937500000000e+03 1.491567382812500000e+02 1.533088073730468750e+02 1.299934570312500000e+03 3.707059020996093750e+02 3.019401855468750000e+02 3.572946777343750000e+02 4.886891784667968750e+02 1.144732284545898438e+02 2.205163421630859375e+02 3.763607177734375000e+02
8.576858520507812500e+01 4.811768493652343750e+02 5.183652496337890625e+01 1.190447082519531250e+02 1.561770935058593750e+02 2.998086425781250000e+03 1.482350463867187500e+02 1.539209594726562500e+02 1.308344604492187500e+03 3.736766967773437500e+02 2.995967407226562500e+02 3.533709106445312500e+02 4.935541381835937500e+02 1.172384719848632812e+02 2.246884613037109375e+02 3.870623168945312500e+02
8.594200134277343750e+01 4.763812255859375000e+02 5.171617126464843750e+01 1.252176971435546875e+02 1.565382690429687500e+02 3.088052001953125000e+03 1.468331298828125000e+02 1.572182769775390625e+02 1.324366210937500000e+03 3.797161254882812500e+02 3.035169982910156250e+02 3.508460083007812500e+02 4.974071655273437500e+02 1.207270278930664062e+02 2.278938751220703125e+02 3.978128967285156250e+02
9.077699279785156250e+01 4.687184143066406250e+02 4.973136138916015625e+01 1.294972381591796875e+02 1.541142578125000000e+02 3.143978759765625000e+03 1.474797515869140625e+02 1.563195495605468750e+02 1.310623657226562500e+03 3.780189208984375000e+02 3.005633544921875000e+02 3.421047973632812500e+02 4.915558471679687500e+02 1.217890853881835938e+02 2.291013946533203125e+02 4.032532653808593750e+02
9.357545471191406250e+01 4.680717163085937500e+02 5.131264495849609375e+01 1.357467041015625000e+02 1.510625610351562500e+02 3.195658691406250000e+03 1.478905639648437500e+02 1.560991058349609375e+02 1.350000610351562500e+03 3.611807250976562500e+02 3.005340576171875000e+02 3.372041625976562500e+02 4.777412109375000000e+02 1.193601837158203125e+02 2.220610656738281250e+02 3.993116149902343750e+02
1.035127716064453125e+02 4.566604003906250000e+02 6.516725158691406250e+01 1.604563751220703125e+02 1.497265319824218750e+02 3.141668457031250000e+03 1.498693542480468750e+02 1.546078796386718750e+02 1.485674316406250000e+03 3.739789123535156250e+02 3.039481506347656250e+02 3.263094787597656250e+02 5.547110595703125000e+02 1.107242889404296875e+02 2.365996093750000000e+02 3.967933349609375000e+02
8.977093505859375000e+01 3.899159240722656250e+02 5.287774658203125000e+01 1.289684753417968750e+02 1.365280151367187500e+02 2.644387695312500000e+03 1.324773406982421875e+02 1.304217071533203125e+02 1.472020751953125000e+03 3.807650451660156250e+02 2.548053436279296875e+02 2.935394592285156250e+02 5.627161865234375000e+02 9.417469787597656250e+01 2.227476959228515625e+02 3.509989318847656250e+02
7.871831512451171875e+01 3.571217956542968750e+02 4.269716644287109375e+01 1.072127838134765625e+02 1.290673065185546875e+02 2.384959716796875000e+03 1.199341888427734375e+02 1.183986892700195312e+02 1.475470214843750000e+03 3.976415405273437500e+02 2.260503082275390625e+02 2.895490417480468750e+02 5.767659912109375000e+02 8.706843566894531250e+01 2.166239318847656250e+02 3.251956787109375000e+02
7.281068420410156250e+01 3.431416625976562500e+02 3.556644439697265625e+01 9.634367370605468750e+01 1.237521667480468750e+02 2.194591552734375000e+03 1.184431381225585938e+02 1.111276702880859375e+02 1.462103759765625000e+03 4.137387084960937500e+02 2.131632843017578125e+02 2.921596679687500000e+02 5.888177490234375000e+02 8.568785095214843750e+01 2.093276824951171875e+02 3.111993713378906250e+02
6.875135803222656250e+01 3.538154296875000000e+02 3.462538909912109375e+01 9.788728332519531250e+01 1.254601974487304688e+02 2.191629150390625000e+03 1.229337768554687500e+02 1.116003494262695312e+02 1.480881347656250000e+03 4.133413085937500000e+02 2.125140838623046875e+02 3.010826416015625000e+02 5.957480468750000000e+02 8.724394989013671875e+01 2.070489959716796875e+02 3.143273925781250000e+02
7.384983825683593750e+01 3.963131103515625000e+02 4.056915283203125000e+01 1.159000549316406250e+02 1.333382568359375000e+02 2.359534667968750000e+03 1.298838500976562500e+02 1.188400344848632812e+02 1.536846679687500000e+03 4.341570129394531250e+02 2.382173461914062500e+02 3.267239990234375000e+02 6.174102172851562500e+02 9.190731811523437500e+01 2.145150299072265625e+02 3.377924194335937500e+02
7.587564086914062500e+01 4.369238891601562500e+02 4.881680297851562500e+01 1.312834014892578125e+02 1.385158081054687500e+02 2.599195800781250000e+03 1.356896362304687500e+02 1.308676910400390625e+02 1.605630249023437500e+03 4.614463195800781250e+02 2.590977172851562500e+02 3.453991088867187500e+02 6.354421386718750000e+02 9.954383850097656250e+01 2.206048889160156250e+02 3.634349060058593750e+02
7.808346557617187500e+01 4.562534179687500000e+02 4.970726013183593750e+01 1.311960754394531250e+02 1.375113830566406250e+02 2.801049316406250000e+03 1.395406799316406250e+02 1.341974182128906250e+02 1.611538818359375000e+03 4.489715881347656250e+02 2.651190795898437500e+02 3.458586730957031250e+02 6.222548828125000000e+02 1.048313598632812500e+02 2.135085144042968750e+02 3.752409667968750000e+02
7.679398345947265625e+01 4.715625610351562500e+02 4.912077331542968750e+01 1.318672637939453125e+02 1.382229614257812500e+02 2.968399658203125000e+03 1.393808288574218750e+02 1.423818969726562500e+02 1.589036621093750000e+03 4.344701843261718750e+02 2.691405029296875000e+02 3.499057922363281250e+02 6.062459716796875000e+02 1.037504196166992188e+02 1.960113677978515625e+02 3.757656860351562500e+02
7.462372589111328125e+01 4.668276977539062500e+02 4.952774429321289062e+01 1.301143188476562500e+02 1.365564880371093750e+02 3.001829589843750000e+03 1.333533935546875000e+02 1.441967468261718750e+02 1.509937622070312500e+03 4.169938964843750000e+02 2.656752929687500000e+02 3.485104370117187500e+02 5.943670654296875000e+02 1.033436889648437500e+02 1.901278839111328125e+02 3.718563842773437500e+02
7.303465270996093750e+01 4.605285034179687500e+02 4.986754608154296875e+01 1.334906616210937500e+02 1.316344299316406250e+02 3.126292724609375000e+03 1.271734771728515625e+02 1.403826904296875000e+02 1.468186401367187500e+03 4.094061584472656250e+02 2.619328613281250000e+02 3.462924804687500000e+02 5.864721679687500000e+02 1.045655593872070312e+02 1.916679077148437500e+02 3.687233276367187500e+02
7.866166687011718750e+01 4.525530395507812500e+02 5.014764785766601562e+01 1.337533874511718750e+02 1.253232040405273438e+02 3.175533203125000000e+03 1.278078079223632812e+02 1.380947723388671875e+02 1.416502807617187500e+03 3.886472778320312500e+02 2.577475585937500000e+02 3.432458496093750000e+02 5.761998291015625000e+02 1.036460037231445312e+02 1.984427642822265625e+02 3.688121948242187500e+02
8.105828857421875000e+01 4.627649841308593750e+02 5.200823593139648438e+01 1.348596191406250000e+02 1.252619781494140625e+02 3.449802734375000000e+03 1.369189300537109375e+02 1.410026855468750000e+02 1.443697753906250000e+03 3.764913940429687500e+02 2.630127563476562500e+02 3.380974731445312500e+02 5.729066772460937500e+02 1.024082641601562500e+02 2.101333312988281250e+02 3.665250854492187500e+02
8.830093383789062500e+01 4.906307983398437500e+02 6.824687194824218750e+01 1.454556274414062500e+02 1.296507568359375000e+02 3.892220703125000000e+03 1.473115539550781250e+02 1.499558563232421875e+02 1.310902587890625000e+03 3.457037963867187500e+02 2.774660644531250000e+02 3.446516723632812500e+02 5.697957763671875000e+02 1.014135589599609375e+02 2.240354309082031250e+02 3.938367919921875000e+02
9.617088317871093750e+01 4.962572631835937500e+02 7.312049102783203125e+01 1.412663879394531250e+02 1.286182556152343750e+02 4.001245605468750000e+03 1.512006378173828125e+02 1.516737976074218750e+02 1.328674316406250000e+03 3.444886474609375000e+02 2.737214965820312500e+02 3.421479492187500000e+02 5.726908569335937500e+02 1.005584716796875000e+02 2.264699554443359375e+02 4.046295471191406250e+02
9.901608276367187500e+01 4.915101623535156250e+02 7.196710968017578125e+01 1.339451904296875000e+02 1.277175674438476562e+02 3.849674316406250000e+03 1.504156799316406250e+02 1.499065551757812500e+02 1.372004150390625000e+03 3.553247070312500000e+02 2.715308837890625000e+02 3.404295043945312500e+02 5.868500976562500000e+02 9.873495483398437500e+01 2.190148925781250000e+02 3.991383666992187500e+02
9.126202392578125000e+01 4.881629638671875000e+02 7.367374420166015625e+01 1.285233459472656250e+02 1.285165405273437500e+02 3.812638427734375000e+03 1.486158905029296875e+02 1.458608856201171875e+02 1.450744140625000000e+03 3.589172363281250000e+02 2.689867553710937500e+02 3.343971557617187500e+02 5.952900390625000000e+02 1.035015106201171875e+02 2.161250762939453125e+02 3.890460510253906250e+02
9.071644592285156250e+01 4.865844726562500000e+02 7.927346038818359375e+01 1.271188201904296875e+02 1.288634185791015625e+02 3.793437500000000000e+03 1.467971191406250000e+02 1.456604919433593750e+02 1.493045532226562500e+03 3.473765258789062500e+02 2.641715087890625000e+02 3.364994506835937500e+02 6.023543701171875000e+02 1.135407180786132812e+02 2.276994476318359375e+02 3.790946655273437500e+02
9.481097412109375000e+01 5.007738647460937500e+02 8.367001342773437500e+01 1.328435363769531250e+02 1.304679870605468750e+02 3.935360839843750000e+03 1.451717987060546875e+02 1.508727111816406250e+02 1.503470092773437500e+03 3.281888122558593750e+02 2.726025390625000000e+02 3.430011596679687500e+02 6.011020507812500000e+02 1.224585800170898438e+02 2.469474945068359375e+02 3.789862976074218750e+02
9.442819213867187500e+01 5.021118164062500000e+02 8.344387817382812500e+01 1.346612548828125000e+02 1.328179473876953125e+02 3.970114746093750000e+03 1.484849548339843750e+02 1.480328674316406250e+02 1.496772827148437500e+03 3.212659301757812500e+02 2.789240112304687500e+02 3.418115234375000000e+02 5.944215087890625000e+02 1.252787322998046875e+02 2.670900268554687500e+02 3.820059509277343750e+02
9.857820892333984375e+01 5.094886474609375000e+02 8.310626220703125000e+01 1.401650390625000000e+02 1.351781311035156250e+02 4.005306152343750000e+03 1.534292907714843750e+02 1.469010925292968750e+02 1.490075195312500000e+03 3.302499694824218750e+02 2.865063476562500000e+02 3.448905029296875000e+02 5.904461669921875000e+02 1.313125915527343750e+02 2.813413696289062500e+02 3.914935607910156250e+02
1.021414947509765625e+02 5.190727539062500000e+02 8.109460449218750000e+01 1.522309265136718750e+02 1.364568176269531250e+02 4.004713623046875000e+03 1.566806030273437500e+02 1.466596832275390625e+02 1.611949584960937500e+03 3.344871520996093750e+02 2.985660705566406250e+02 3.462750549316406250e+02 5.929242553710937500e+02 1.328099365234375000e+02 2.908495788574218750e+02 4.043886413574218750e+02
1.024894409179687500e+02 5.163532104492187500e+02 7.878017425537109375e+01 1.560244598388671875e+02 1.362434997558593750e+02 3.905249511718750000e+03 1.550981140136718750e+02 1.437197113037109375e+02 1.697583129882812500e+03 3.307221374511718750e+02 2.986790161132812500e+02 3.410624084472656250e+02 5.945528564453125000e+02 1.287146301269531250e+02 2.855643310546875000e+02 4.123577575683593750e+02
1.072366180419921875e+02 5.168206787109375000e+02 7.999602508544921875e+01 1.582112731933593750e+02 1.381051025390625000e+02 3.842864990234375000e+03 1.565789489746093750e+02 1.447980651855468750e+02 1.714295288085937500e+03 3.239567260742187500e+02 2.992905883789062500e+02 3.420281677246093750e+02 5.933421630859375000e+02 1.349355163574218750e+02 2.878050537109375000e+02 4.111853942871093750e+02
1.107020263671875000e+02 5.280471801757812500e+02 8.089098358154296875e+01 1.632678222656250000e+02 1.462554626464843750e+02 3.917234375000000000e+03 1.621508178710937500e+02 1.430722351074218750e+02 1.760175537109375000e+03 3.316860656738281250e+02 3.078389282226562500e+02 3.457912902832031250e+02 5.958947753906250000e+02 1.425593109130859375e+02 2.795040588378906250e+02 4.216236267089843750e+02
1.072509765625000000e+02 5.362335205078125000e+02 7.793141937255859375e+01 1.644085998535156250e+02 1.503006286621093750e+02 3.842657714843750000e+03 1.623519897460937500e+02 1.388009948730468750e+02 1.790227050781250000e+03 3.397681274414062500e+02 3.041668090820312500e+02 3.453268432617187500e+02 5.940651855468750000e+02 1.395382232666015625e+02 2.805535888671875000e+02 4.274929199218750000e+02
1.011123657226562500e+02 5.279175415039062500e+02 7.169692993164062500e+01 1.682716217041015625e+02 1.501998291015625000e+02 3.845699218750000000e+03 1.587150878906250000e+02 1.402396087646484375e+02 1.750429321289062500e+03 3.438142395019531250e+02 2.990674133300781250e+02 3.356996154785156250e+02 5.913212890625000000e+02 1.392946624755859375e+02 2.798119506835937500e+02 4.217279052734375000e+02
9.459739685058593750e+01 5.188395996093750000e+02 6.718412017822265625e+01 1.690155944824218750e+02 1.487788848876953125e+02 3.772320800781250000e+03 1.566819152832031250e+02 1.373367614746093750e+02 1.742861938476562500e+03 3.476355895996093750e+02 2.953876037597656250e+02 3.272267150878906250e+02 5.931022338867187500e+02 1.422133636474609375e+02 2.695843200683593750e+02 4.191535034179687500e+02
9.015185546875000000e+01 5.336690673828125000e+02 7.095606231689453125e+01 1.793241729736328125e+02 1.563608093261718750e+02 3.810051269531250000e+03 1.562321472167968750e+02 1.424434509277343750e+02 1.704192260742187500e+03 3.590564575195312500e+02 3.013026733398437500e+02 3.438288574218750000e+02 6.013128662109375000e+02 1.412488555908203125e+02 2.701716308593750000e+02 4.242198181152343750e+02
9.322680664062500000e+01 5.412315673828125000e+02 7.540644073486328125e+01 1.807084503173828125e+02 1.634302368164062500e+02 3.787127685546875000e+03 1.569915466308593750e+02 1.454632263183593750e+02 1.644051269531250000e+03 3.892136535644531250e+02 3.112009887695312500e+02 3.602989807128906250e+02 6.005249023437500000e+02 1.371581726074218750e+02 2.716650390625000000e+02 4.352712707519531250e+02
9.265489196777343750e+01 5.553155517578125000e+02 7.488879394531250000e+01 1.742689666748046875e+02 1.644861450195312500e+02 3.722863525390625000e+03 1.535802764892578125e+02 1.437157287597656250e+02 1.593354370117187500e+03 3.989084472656250000e+02 3.180454406738281250e+02 3.649459533691406250e+02 5.915472412109375000e+02 1.279266815185546875e+02 2.722981872558593750e+02 4.450242309570312500e+02
9.683924865722656250e+01 5.631640625000000000e+02 7.570892333984375000e+01 1.699447021484375000e+02 1.670075683593750000e+02 3.672817871093750000e+03 1.525615539550781250e+02 1.432056121826171875e+02 1.569801391601562500e+03 4.032923889160156250e+02 3.294388732910156250e+02 3.708861694335937500e+02 5.931052246093750000e+02 1.175919418334960938e+02 2.747128295898437500e+02 4.512528076171875000e+02
