1.125780639648437500e+02 4.678357543945312500e+02 7.828725433349609375e+01 1.100289916992187500e+02 1.608073730468750000e+02 3.012208740234375000e+03 1.668197937011718750e+02 1.816747131347656250e+02 1.639579833984375000e+03 3.361113891601562500e+02 2.731304321289062500e+02 4.023116760253906250e+02 5.298062744140625000e+02 1.284114379882812500e+02 2.720727539062500000e+02 3.511058959960937500e+02
9.795551300048828125e+01 4.902003479003906250e+02 7.803849792480468750e+01 1.150464019775390625e+02 1.687576599121093750e+02 3.085531738281250000e+03 1.683013305664062500e+02 1.814396667480468750e+02 1.602413330078125000e+03 3.229770507812500000e+02 2.979694213867187500e+02 4.142825012207031250e+02 5.253051147460937500e+02 1.163670120239257812e+02 2.804393615722656250e+02 3.721121826171875000e+02
9.071975708007812500e+01 5.098424072265625000e+02 7.716508483886718750e+01 1.208750762939453125e+02 1.752935485839843750e+02 3.278675781250000000e+03 1.743034973144531250e+02 1.852301330566406250e+02 1.689260742187500000e+03 3.243115844726562500e+02 2.960860290527343750e+02 4.215825805664062500e+02 5.147701416015625000e+02 1.061181182861328125e+02 2.801799926757812500e+02 3.763588562011718750e+02
1.152143249511718750e+02 5.324843750000000000e+02 7.456588745117187500e+01 1.208051147460937500e+02 1.804434356689453125e+02 3.190471435546875000e+03 1.667001495361328125e+02 1.733498535156250000e+02 1.677256713867187500e+03 3.373839111328125000e+02 2.860325012207031250e+02 4.256011352539062500e+02 5.851090698242187500e+02 1.243085174560546875e+02 2.812091674804687500e+02 3.601380004882812500e+02
1.084667510986328125e+02 5.721174316406250000e+02 7.714286804199218750e+01 1.205122222900390625e+02 1.850428619384765625e+02 3.537373779296875000e+03 1.744310607910156250e+02 1.835116729736328125e+02 1.659678344726562500e+03 3.880849914550781250e+02 3.331401672363281250e+02 4.332316589355468750e+02 5.564099121093750000e+02 1.270817337036132812e+02 2.852884521484375000e+02 3.704080505371093750e+02
9.392745208740234375e+01 5.677593994140625000e+02 7.635671997070312500e+01 1.256162185668945312e+02 1.891807708740234375e+02 3.188446777343750000e+03 1.656506958007812500e+02 1.963534393310546875e+02 1.668673583984375000e+03 3.977800292968750000e+02 3.464501953125000000e+02 4.355123901367187500e+02 5.561408691406250000e+02 1.275581436157226562e+02 2.746349487304687500e+02 3.937861022949218750e+02
9.082346343994140625e+01 6.073836059570312500e+02 7.438273620605468750e+01 1.267236633300781250e+02 1.927452850341796875e+02 2.999197753906250000e+03 1.911583557128906250e+02 1.987831268310546875e+02 1.654012939453125000e+03 4.243545227050781250e+02 3.715595092773437500e+02 4.413881225585937500e+02 5.931895751953125000e+02 1.293055877685546875e+02 2.777104797363281250e+02 3.907222900390625000e+02
1.007145309448242188e+02 6.116588745117187500e+02 7.693884277343750000e+01 1.405664978027343750e+02 1.945519866943359375e+02 3.018927246093750000e+03 1.761101989746093750e+02 2.040245208740234375e+02 1.659367309570312500e+03 4.158662414550781250e+02 3.879974670410156250e+02 4.458517150878906250e+02 6.226995849609375000e+02 1.303388977050781250e+02 2.544924926757812500e+02 3.881425170898437500e+02
9.257010650634765625e+01 6.015434570312500000e+02 7.256183624267578125e+01 1.338294677734375000e+02 1.979690246582031250e+02 2.843595214843750000e+03 1.879319610595703125e+02 1.839898681640625000e+02 1.641907836914062500e+03 3.995107116699218750e+02 3.839559326171875000e+02 4.381228027343750000e+02 5.996885375976562500e+02 1.298867645263671875e+02 2.563082580566406250e+02 3.947935180664062500e+02
1.064482421875000000e+02 5.903855590820312500e+02 7.098441314697265625e+01 1.415948486328125000e+02 1.988037872314453125e+02 3.105407714843750000e+03 1.764243469238281250e+02 1.967642669677734375e+02 1.596491821289062500e+03 3.820388488769531250e+02 3.881505737304687500e+02 4.444817199707031250e+02 5.674233398437500000e+02 1.290425567626953125e+02 2.515970916748046875e+02 3.770505981445312500e+02
9.505735778808593750e+01 5.933104858398437500e+02 7.296557617187500000e+01 1.346692047119140625e+02 1.994012145996093750e+02 3.133833740234375000e+03 1.748586120605468750e+02 1.910932464599609375e+02 1.549661865234375000e+03 3.929382019042968750e+02 3.826957702636718750e+02 4.389626770019531250e+02 5.831812744140625000e+02 1.195368118286132812e+02 2.532427825927734375e+02 3.900460815429687500e+02
8.433851623535156250e+01 5.764098510742187500e+02 6.529641723632812500e+01 1.279474945068359375e+02 1.983043365478515625e+02 2.817364257812500000e+03 1.700840759277343750e+02 1.816127624511718750e+02 1.498212158203125000e+03 3.960285644531250000e+02 3.781382446289062500e+02 4.249006347656250000e+02 5.547458496093750000e+02 1.249510650634765625e+02 2.407765197753906250e+02 3.810136413574218750e+02
8.907466125488281250e+01 5.590248413085937500e+02 6.160435485839843750e+01 1.159021759033203125e+02 1.981234893798828125e+02 2.745047363281250000e+03 1.567070007324218750e+02 1.745767669677734375e+02 1.478636352539062500e+03 3.909072265625000000e+02 3.633366699218750000e+02 4.127279968261718750e+02 5.246846923828125000e+02 1.238386306762695312e+02 2.614248046875000000e+02 3.950664672851562500e+02
1.037003479003906250e+02 5.459417724609375000e+02 6.127913284301757812e+01 1.073494415283203125e+02 1.918853912353515625e+02 2.873460937500000000e+03 1.520745849609375000e+02 1.767655639648437500e+02 1.382889404296875000e+03 3.480748901367187500e+02 3.480413208007812500e+02 3.988160095214843750e+02 5.136182861328125000e+02 1.241220016479492188e+02 2.340667419433593750e+02 3.911165161132812500e+02
8.372147369384765625e+01 4.984776306152343750e+02 5.603798675537109375e+01 9.660092163085937500e+01 1.863943328857421875e+02 2.767134277343750000e+03 1.549973907470703125e+02 1.649676513671875000e+02 1.324910400390625000e+03 3.674353637695312500e+02 3.215212707519531250e+02 3.745560302734375000e+02 4.737885437011718750e+02 1.178544921875000000e+02 2.322522583007812500e+02 3.863901062011718750e+02
7.637039947509765625e+01 4.614314575195312500e+02 4.510012817382812500e+01 7.926037597656250000e+01 1.690617980957031250e+02 2.636532714843750000e+03 1.334492492675781250e+02 1.356795043945312500e+02 1.178099487304687500e+03 3.574860839843750000e+02 2.871705932617187500e+02 3.382187500000000000e+02 4.374680480957031250e+02 1.127176742553710938e+02 2.182187042236328125e+02 3.644967651367187500e+02
8.465339660644531250e+01 4.532861938476562500e+02 4.122569656372070312e+01 8.253895568847656250e+01 1.575628051757812500e+02 2.765452636718750000e+03 1.419710693359375000e+02 1.488525390625000000e+02 1.257068115234375000e+03 3.586747436523437500e+02 2.838747558593750000e+02 3.367248840332031250e+02 4.044082336425781250e+02 1.123965835571289062e+02 2.030347595214843750e+02 3.625693359375000000e+02
7.040114593505859375e+01 4.342043457031250000e+02 3.962924957275390625e+01 7.964016723632812500e+01 1.351263732910156250e+02 2.712814208984375000e+03 1.366478881835937500e+02 1.328016204833984375e+02 1.269183349609375000e+03 3.584169921875000000e+02 2.581400756835937500e+02 3.061640625000000000e+02 3.741289062500000000e+02 1.064233551025390625e+02 2.010011596679687500e+02 3.659199218750000000e+02
7.244029235839843750e+01 4.336041259765625000e+02 4.118167114257812500e+01 8.278735351562500000e+01 1.300766296386718750e+02 2.945846679687500000e+03 1.299871063232421875e+02 1.409216003417968750e+02 1.259841430664062500e+03 3.540524291992187500e+02 2.699922485351562500e+02 2.978547363281250000e+02 4.154006958007812500e+02 1.150084381103515625e+02 2.185805206298828125e+02 3.817523193359375000e+02
7.315961456298828125e+01 4.173302917480468750e+02 4.132926177978515625e+01 1.020757141113281250e+02 1.269889144897460938e+02 3.186537597656250000e+03 1.278362350463867188e+02 1.500158691406250000e+02 1.310416137695312500e+03 3.724960327148437500e+02 2.880436401367187500e+02 3.014405822753906250e+02 4.148065185546875000e+02 1.182470321655273438e+02 2.217872314453125000e+02 3.871889343261718750e+02
9.312363433837890625e+01 4.073357543945312500e+02 4.221090316772460938e+01 1.061564788818359375e+02 1.199815750122070312e+02 3.317967285156250000e+03 1.348624877929687500e+02 1.405092315673828125e+02 1.244009887695312500e+03 3.567124938964843750e+02 2.698304748535156250e+02 2.886179504394531250e+02 4.100218811035156250e+02 1.169664306640625000e+02 2.132130126953125000e+02 3.902274780273437500e+02
8.958253479003906250e+01 4.264093627929687500e+02 5.284239578247070312e+01 1.259896087646484375e+02 1.179193725585937500e+02 3.563920898437500000e+03 1.340300292968750000e+02 1.452338867187500000e+02 1.431835083007812500e+03 3.239730834960937500e+02 2.838812255859375000e+02 3.010759277343750000e+02 4.019033508300781250e+02 1.094583587646484375e+02 2.080600585937500000e+02 3.795847167968750000e+02
1.060954742431640625e+02 4.986486816406250000e+02 8.078074645996093750e+01 1.696963195800781250e+02 1.158780975341796875e+02 4.047510986328125000e+03 1.575943298339843750e+02 1.689127502441406250e+02 1.474527221679687500e+03 3.774598388671875000e+02 3.279969482421875000e+02 3.245180969238281250e+02 4.837531433105468750e+02 1.252748031616210938e+02 2.445934143066406250e+02 4.206806945800781250e+02
1.080226440429687500e+02 5.005782470703125000e+02 7.939158630371093750e+01 1.760820312500000000e+02 1.653401184082031250e+02 3.569322753906250000e+03 1.590428161621093750e+02 1.695044555664062500e+02 1.575777709960937500e+03 4.445373229980468750e+02 3.272139282226562500e+02 3.380884704589843750e+02 6.651845703125000000e+02 1.233892440795898438e+02 2.475987701416015625e+02 4.187016296386718750e+02
8.477383422851562500e+01 4.335497741699218750e+02 5.410894012451171875e+01 1.304808502197265625e+02 1.522557220458984375e+02 3.435407714843750000e+03 1.363181152343750000e+02 1.446383056640625000e+02 1.418442016601562500e+03 4.237598266601562500e+02 2.687781372070312500e+02 3.072450561523437500e+02 6.235041503906250000e+02 1.072371368408203125e+02 2.252380218505859375e+02 3.665055541992187500e+02
8.009002685546875000e+01 4.144445190429687500e+02 4.843125152587890625e+01 1.226664276123046875e+02 1.500319976806640625e+02 3.673624267578125000e+03 1.383454437255859375e+02 1.343090515136718750e+02 1.375053833007812500e+03 4.298684692382812500e+02 2.536830596923828125e+02 3.085258178710937500e+02 6.300617675781250000e+02 1.030114822387695312e+02 2.189234771728515625e+02 3.470885925292968750e+02
7.505413818359375000e+01 4.161026611328125000e+02 5.067079162597656250e+01 1.226377716064453125e+02 1.513422698974609375e+02 3.945730468750000000e+03 1.400414123535156250e+02 1.293942871093750000e+02 1.395006835937500000e+03 4.064310913085937500e+02 2.433150177001953125e+02 3.058643493652343750e+02 6.206934814453125000e+02 9.887644958496093750e+01 2.120564270019531250e+02 3.456625061035156250e+02
7.666772460937500000e+01 4.528265380859375000e+02 5.196593475341796875e+01 1.277099914550781250e+02 1.530280456542968750e+02 3.890865234375000000e+03 1.331054077148437500e+02 1.215804443359375000e+02 1.441777954101562500e+03 4.330299072265625000e+02 2.674038696289062500e+02 3.276909790039062500e+02 6.214869384765625000e+02 9.426669311523437500e+01 2.209145812988281250e+02 3.642338867187500000e+02
6.557936859130859375e+01 4.548354187011718750e+02 5.481192779541015625e+01 1.145708160400390625e+02 1.490038757324218750e+02 3.662653320312500000e+03 1.252016830444335938e+02 1.282675781250000000e+02 1.514995239257812500e+03 4.463923339843750000e+02 2.489940185546875000e+02 3.327364501953125000e+02 6.141438598632812500e+02 1.003086776733398438e+02 2.099234313964843750e+02 3.704683837890625000e+02
7.051107788085937500e+01 4.434922180175781250e+02 4.808710861206054688e+01 9.063632202148437500e+01 1.443472900390625000e+02 3.366708496093750000e+03 1.270669708251953125e+02 1.166468429565429688e+02 1.504377807617187500e+03 3.966313171386718750e+02 2.332584075927734375e+02 3.223637390136718750e+02 5.819201660156250000e+02 1.030699539184570312e+02 1.857474670410156250e+02 3.670159912109375000e+02
6.082986450195312500e+01 4.606276855468750000e+02 4.782255554199218750e+01 9.848469543457031250e+01 1.452722778320312500e+02 3.119414550781250000e+03 1.182287445068359375e+02 1.378422241210937500e+02 1.486849853515625000e+03 3.958633728027343750e+02 2.393584289550781250e+02 3.344785766601562500e+02 5.749108276367187500e+02 9.219017028808593750e+01 1.648246459960937500e+02 3.573953857421875000e+02
5.646824645996093750e+01 4.181792602539062500e+02 4.931169128417968750e+01 9.127578735351562500e+01 1.428801574707031250e+02 2.787626953125000000e+03 1.079463043212890625e+02 1.293798828125000000e+02 1.349287353515625000e+03 3.809819946289062500e+02 2.210115661621093750e+02 3.327961730957031250e+02 5.790607910156250000e+02 9.430075073242187500e+01 1.807679138183593750e+02 3.514880981445312500e+02
5.488948822021484375e+01 4.087326660156250000e+02 5.003091430664062500e+01 1.103088989257812500e+02 1.349187469482421875e+02 3.064015625000000000e+03 1.035012664794921875e+02 1.183273315429687500e+02 1.413235717773437500e+03 4.005905456542968750e+02 2.172724304199218750e+02 3.356444396972656250e+02 5.893547363281250000e+02 1.006027984619140625e+02 1.898401794433593750e+02 3.522119140625000000e+02
7.842520141601562500e+01 4.010060729980468750e+02 5.490737152099609375e+01 1.135800781250000000e+02 1.300922546386718750e+02 3.101977294921875000e+03 1.124186325073242188e+02 1.200616455078125000e+02 1.388326293945312500e+03 4.083245544433593750e+02 2.149347076416015625e+02 3.417762756347656250e+02 6.026822509765625000e+02 1.001399307250976562e+02 2.053161010742187500e+02 3.653028564453125000e+02
8.097394561767578125e+01 4.818924255371093750e+02 6.850316619873046875e+01 1.388457183837890625e+02 1.413959655761718750e+02 3.585388427734375000e+03 1.469401550292968750e+02 1.433909606933593750e+02 1.651192382812500000e+03 4.405482482910156250e+02 2.609187316894531250e+02 3.461279296875000000e+02 6.325805664062500000e+02 1.047216720581054688e+02 2.283611602783203125e+02 3.833815917968750000e+02
9.654762268066406250e+01 5.053456420898437500e+02 7.238377380371093750e+01 1.412922668457031250e+02 1.463208007812500000e+02 3.537747802734375000e+03 1.597173461914062500e+02 1.515784606933593750e+02 1.280804565429687500e+03 3.130842285156250000e+02 2.675974426269531250e+02 3.676262817382812500e+02 5.379990844726562500e+02 9.466298675537109375e+01 2.351934204101562500e+02 4.131934814453125000e+02
1.100591278076171875e+02 4.983112182617187500e+02 7.380156707763671875e+01 1.263155975341796875e+02 1.440521392822265625e+02 3.778613281250000000e+03 1.582460174560546875e+02 1.511783752441406250e+02 1.361938476562500000e+03 3.409948120117187500e+02 2.510825042724609375e+02 3.600486450195312500e+02 5.454694824218750000e+02 9.388123321533203125e+01 2.343202972412109375e+02 4.139396057128906250e+02
1.080903167724609375e+02 4.800251464843750000e+02 7.113686370849609375e+01 1.104268341064453125e+02 1.434374694824218750e+02 3.646078857421875000e+03 1.498420867919921875e+02 1.436853637695312500e+02 1.442745239257812500e+03 3.645196228027343750e+02 2.517768402099609375e+02 3.578322753906250000e+02 5.852251586914062500e+02 9.008340454101562500e+01 2.243421325683593750e+02 3.982521362304687500e+02
9.070046234130859375e+01 4.665704956054687500e+02 7.467378234863281250e+01 1.004412384033203125e+02 1.456816711425781250e+02 3.759456054687500000e+03 1.446069488525390625e+02 1.326862487792968750e+02 1.515617919921875000e+03 3.529785766601562500e+02 2.426571960449218750e+02 3.379895324707031250e+02 5.850114746093750000e+02 1.081271286010742188e+02 2.263783569335937500e+02 3.710426025390625000e+02
9.716403198242187500e+01 4.631921386718750000e+02 8.136190032958984375e+01 1.000162811279296875e+02 1.452018890380859375e+02 3.767157714843750000e+03 1.385747528076171875e+02 1.362363281250000000e+02 1.518691650390625000e+03 3.257998046875000000e+02 2.310350799560546875e+02 3.495985412597656250e+02 5.973583984375000000e+02 1.239758224487304688e+02 2.432959594726562500e+02 3.585963745117187500e+02
1.054118728637695312e+02 5.141563720703125000e+02 8.252717590332031250e+01 1.218602905273437500e+02 1.471701354980468750e+02 3.957458007812500000e+03 1.332196502685546875e+02 1.518640747070312500e+02 1.515276245117187500e+03 3.059488830566406250e+02 2.719064941406250000e+02 3.591857299804687500e+02 5.803178100585937500e+02 1.310437164306640625e+02 2.689371032714843750e+02 3.803723144531250000e+02
9.244393157958984375e+01 4.884587707519531250e+02 8.109546661376953125e+01 1.146125030517578125e+02 1.490700988769531250e+02 3.815803222656250000e+03 1.460013732910156250e+02 1.359640808105468750e+02 1.532258300781250000e+03 3.004329528808593750e+02 2.700675964355468750e+02 3.456832580566406250e+02 5.599761962890625000e+02 1.318991241455078125e+02 2.768813781738281250e+02 3.859803771972656250e+02
1.053872909545898438e+02 5.157922363281250000e+02 8.120793914794921875e+01 1.315632629394531250e+02 1.504312744140625000e+02 4.059173339843750000e+03 1.550474853515625000e+02 1.343708343505859375e+02 1.522623657226562500e+03 3.299679870605468750e+02 2.860487060546875000e+02 3.564871826171875000e+02 5.511552124023437500e+02 1.425912170410156250e+02 2.766170349121093750e+02 4.031222534179687500e+02
1.068682556152343750e+02 5.374641723632812500e+02 8.007532501220703125e+01 1.638099365234375000e+02 1.505396728515625000e+02 4.042593994140625000e+03 1.563709106445312500e+02 1.359915771484375000e+02 1.731168823242187500e+03 3.207433471679687500e+02 3.147348327636718750e+02 3.562595520019531250e+02 5.608710937500000000e+02 1.390276641845703125e+02 2.790999145507812500e+02 4.179352416992187500e+02
1.021626358032226562e+02 5.058695983886718750e+02 7.894575500488281250e+01 1.538147888183593750e+02 1.490563049316406250e+02 3.594819824218750000e+03 1.467784881591796875e+02 1.270094451904296875e+02 1.663931152343750000e+03 3.086058959960937500e+02 2.912769165039062500e+02 3.361384887695312500e+02 5.592224121093750000e+02 1.290929565429687500e+02 2.707760925292968750e+02 4.235942687988281250e+02
1.124034881591796875e+02 5.152024536132812500e+02 8.116500091552734375e+01 1.588785095214843750e+02 1.510351104736328125e+02 3.748937988281250000e+03 1.525366973876953125e+02 1.319866180419921875e+02 1.653907836914062500e+03 2.988104248046875000e+02 2.929116821289062500e+02 3.451676940917968750e+02 5.523497314453125000e+02 1.455650482177734375e+02 2.795685424804687500e+02 4.188224182128906250e+02
1.160754852294921875e+02 5.424030761718750000e+02 8.047477722167968750e+01 1.703619689941406250e+02 1.510374145507812500e+02 4.032963623046875000e+03 1.664545288085937500e+02 1.250014266967773438e+02 1.702399536132812500e+03 3.259644165039062500e+02 3.168029785156250000e+02 3.517519531250000000e+02 5.568646240234375000e+02 1.461108398437500000e+02 2.664949645996093750e+02 4.378327026367187500e+02
1.001072998046875000e+02 5.455376586914062500e+02 7.582178497314453125e+01 1.580237121582031250e+02 1.532019348144531250e+02 3.716247802734375000e+03 1.548633117675781250e+02 1.188485336303710938e+02 1.697131469726562500e+03 3.275345153808593750e+02 2.830854187011718750e+02 3.399082946777343750e+02 5.377303466796875000e+02 1.311536102294921875e+02 2.753695678710937500e+02 4.326645812988281250e+02
8.810269165039062500e+01 4.927095336914062500e+02 6.463503265380859375e+01 1.574372863769531250e+02 1.503549652099609375e+02 3.951771728515625000e+03 1.427561798095703125e+02 1.207368011474609375e+02 1.608355957031250000e+03 3.202317199707031250e+02 2.613212890625000000e+02 3.127069091796875000e+02 5.244459228515625000e+02 1.331772918701171875e+02 2.675535278320312500e+02 4.175771179199218750e+02
7.805975341796875000e+01 4.661032409667968750e+02 6.087232589721679688e+01 1.430832672119140625e+02 1.463991699218750000e+02 3.965858886718750000e+03 1.377081909179687500e+02 1.139255142211914062e+02 1.646902587890625000e+03 3.182111816406250000e+02 2.470870208740234375e+02 2.946815490722656250e+02 5.273171386718750000e+02 1.385204620361328125e+02 2.505774078369140625e+02 4.169037475585937500e+02
7.141569519042968750e+01 5.199223022460937500e+02 6.777405548095703125e+01 1.708233489990234375e+02 1.514023437500000000e+02 4.126478515625000000e+03 1.354598083496093750e+02 1.295247802734375000e+02 1.597549194335937500e+03 3.531537780761718750e+02 2.708805847167968750e+02 3.308824462890625000e+02 5.494604492187500000e+02 1.306716461181640625e+02 2.570949096679687500e+02 4.233037414550781250e+02
8.550152587890625000e+01 5.147450561523437500e+02 6.890344238281250000e+01 1.559518127441406250e+02 1.578485107421875000e+02 3.971964843750000000e+03 1.369842376708984375e+02 1.266140747070312500e+02 1.512333374023437500e+03 4.055310058593750000e+02 2.912555541992187500e+02 3.488233642578125000e+02 5.335036621093750000e+02 1.249631652832031250e+02 2.564223937988281250e+02 4.300711059570312500e+02
7.915045166015625000e+01 5.457622070312500000e+02 6.613859558105468750e+01 1.378519592285156250e+02 1.660498962402343750e+02 4.082522705078125000e+03 1.325710144042968750e+02 1.244010467529296875e+02 1.465745117187500000e+03 3.851910400390625000e+02 2.975810546875000000e+02 3.486821899414062500e+02 5.222745361328125000e+02 1.128892364501953125e+02 2.575084533691406250e+02 4.351721801757812500e+02
9.697892761230468750e+01 5.610003051757812500e+02 6.956261444091796875e+01 1.425973205566406250e+02 1.683540344238281250e+02 4.247363769531250000e+03 1.370370483398437500e+02 1.290060729980468750e+02 1.486600341796875000e+03 3.987487182617187500e+02 3.312460327148437500e+02 3.736972961425781250e+02 5.537661132812500000e+02 1.046478271484375000e+02 2.656033935546875000e+02 4.428105468750000000e+02
1.033630523681640625e+02 5.808038940429687500e+02 7.127983856201171875e+01 1.751044616699218750e+02 1.726310424804687500e+02 4.448333496093750000e+03 1.431467742919921875e+02 1.323682861328125000e+02 1.500729614257812500e+03 3.813827209472656250e+02 3.307669067382812500e+02 3.737799682617187500e+02 5.778177490234375000e+02 1.024333724975585938e+02 2.600398254394531250e+02 4.536954650878906250e+02
1.148934707641601562e+02 5.896445312500000000e+02 7.634854888916015625e+01 1.696182708740234375e+02 1.745696868896484375e+02 4.708732421875000000e+03 1.618784484863281250e+02 1.413187255859375000e+02 1.474082153320312500e+03 3.870559997558593750e+02 3.308629455566406250e+02 3.877209472656250000e+02 6.034729614257812500e+02 1.145494232177734375e+02 2.519449462890625000e+02 4.732982788085937500e+02
1.070105590820312500e+02 5.744112548828125000e+02 7.397119140625000000e+01 1.704752502441406250e+02 1.793290557861328125e+02 4.651207031250000000e+03 1.812736816406250000e+02 1.355078887939453125e+02 1.392084472656250000e+03 4.099140625000000000e+02 3.128586120605468750e+02 3.970910034179687500e+02 5.844369506835937500e+02 1.248244171142578125e+02 2.470275878906250000e+02 4.426940917968750000e+02
1.221837158203125000e+02 5.196517333984375000e+02 7.164170074462890625e+01 1.613494415283203125e+02 1.828827056884765625e+02 4.720815917968750000e+03 1.611915130615234375e+02 1.326989440917968750e+02 1.342835205078125000e+03 3.642790222167968750e+02 2.902711486816406250e+02 3.591566162109375000e+02 6.181633911132812500e+02 1.165405197143554688e+02 2.283090820312500000e+02 4.310006713867187500e+02
1.140167617797851562e+02 5.460374145507812500e+02 6.880446624755859375e+01 1.690016174316406250e+02 1.863901519775390625e+02 4.943869628906250000e+03 1.561528015136718750e+02 1.303990325927734375e+02 1.480080810546875000e+03 3.870847778320312500e+02 2.899104003906250000e+02 3.634970703125000000e+02 6.368425292968750000e+02 1.108818817138671875e+02 2.326330108642578125e+02 4.557441406250000000e+02
1.235332794189453125e+02 4.996959228515625000e+02 6.818862152099609375e+01 1.670949401855468750e+02 1.888734130859375000e+02 4.528125000000000000e+03 1.580693054199218750e+02 1.283356781005859375e+02 1.351460449218750000e+03 3.433532104492187500e+02 2.894916992187500000e+02 3.425936279296875000e+02 6.209456787109375000e+02 1.276494827270507812e+02 2.127694396972656250e+02 4.434592285156250000e+02
