9.898100280761718750e+01 3.938458557128906250e+02 6.700833892822265625e+01 6.042779541015625000e+01 1.576157226562500000e+02 2.744002441406250000e+03 1.456178894042968750e+02 1.525909881591796875e+02 1.574903320312500000e+03 2.930209960937500000e+02 2.196248016357421875e+02 3.893104858398437500e+02 5.856174926757812500e+02 1.114155044555664062e+02 2.709885864257812500e+02 3.051009521484375000e+02
9.068167114257812500e+01 3.933985595703125000e+02 6.403406524658203125e+01 5.862612915039062500e+01 1.583084869384765625e+02 2.677234375000000000e+03 1.408170471191406250e+02 1.476707153320312500e+02 1.538201904296875000e+03 2.851343383789062500e+02 2.226433715820312500e+02 3.903031921386718750e+02 5.685744628906250000e+02 1.029465026855468750e+02 2.804695129394531250e+02 3.143822937011718750e+02
7.996826171875000000e+01 3.967141723632812500e+02 5.897888946533203125e+01 5.749140930175781250e+01 1.582467803955078125e+02 2.685196777343750000e+03 1.408460235595703125e+02 1.473344116210937500e+02 1.630281860351562500e+03 2.778148193359375000e+02 2.242803802490234375e+02 3.933354492187500000e+02 5.487005615234375000e+02 9.652519226074218750e+01 2.768662414550781250e+02 3.164892272949218750e+02
9.258319091796875000e+01 4.028560180664062500e+02 5.205561065673828125e+01 5.675738525390625000e+01 1.582437438964843750e+02 2.683395507812500000e+03 1.359385070800781250e+02 1.380888214111328125e+02 1.581931884765625000e+03 2.799543762207031250e+02 2.168749542236328125e+02 3.948444213867187500e+02 5.903851318359375000e+02 1.032671356201171875e+02 2.719889831542968750e+02 3.072631225585937500e+02
8.858117675781250000e+01 4.346841430664062500e+02 5.096593093872070312e+01 5.634442138671875000e+01 1.580797424316406250e+02 2.821075683593750000e+03 1.342601776123046875e+02 1.355929870605468750e+02 1.517152221679687500e+03 3.143261108398437500e+02 2.366102905273437500e+02 3.937095336914062500e+02 5.727518920898437500e+02 1.092054443359375000e+02 2.713773193359375000e+02 3.049854431152343750e+02
7.948777770996093750e+01 4.395690002441406250e+02 4.978535079956054688e+01 5.632286071777343750e+01 1.581222839355468750e+02 2.841812500000000000e+03 1.303101501464843750e+02 1.462453155517578125e+02 1.493441772460937500e+03 3.363377685546875000e+02 2.560043945312500000e+02 3.958035888671875000e+02 5.601988525390625000e+02 1.087326049804687500e+02 2.590287170410156250e+02 3.183775634765625000e+02
7.137103271484375000e+01 4.743591918945312500e+02 4.885828399658203125e+01 5.604794311523437500e+01 1.581253204345703125e+02 2.826196777343750000e+03 1.503827514648437500e+02 1.561886901855468750e+02 1.481139770507812500e+03 3.629351196289062500e+02 2.822261352539062500e+02 3.947462768554687500e+02 5.752254028320312500e+02 1.066248779296875000e+02 2.612130126953125000e+02 3.203277587890625000e+02
7.093537902832031250e+01 5.017073059082031250e+02 5.417302703857421875e+01 6.222789001464843750e+01 1.577075805664062500e+02 2.931372070312500000e+03 1.486993255615234375e+02 1.646899719238281250e+02 1.488447143554687500e+03 3.616749267578125000e+02 3.113118286132812500e+02 3.936238403320312500e+02 6.149393920898437500e+02 1.061968536376953125e+02 2.409281616210937500e+02 3.180454406738281250e+02
6.832631683349609375e+01 5.062337646484375000e+02 5.240542221069335938e+01 6.329411315917968750e+01 1.585595245361328125e+02 2.966027343750000000e+03 1.542469482421875000e+02 1.550504608154296875e+02 1.485906860351562500e+03 3.456460571289062500e+02 3.197510986328125000e+02 3.930985717773437500e+02 6.012089233398437500e+02 1.056940917968750000e+02 2.341844787597656250e+02 3.174532470703125000e+02
7.546118164062500000e+01 4.964298095703125000e+02 5.076130676269531250e+01 6.765481567382812500e+01 1.593618316650390625e+02 3.170012451171875000e+03 1.506285247802734375e+02 1.582493743896484375e+02 1.450896240234375000e+03 3.300020751953125000e+02 3.244218750000000000e+02 3.926682128906250000e+02 5.681400756835937500e+02 1.059698791503906250e+02 2.305131988525390625e+02 3.133067626953125000e+02
7.378091430664062500e+01 5.018849792480468750e+02 5.548402404785156250e+01 6.814614868164062500e+01 1.594293518066406250e+02 3.336725830078125000e+03 1.449246978759765625e+02 1.611708068847656250e+02 1.415101684570312500e+03 3.359103088378906250e+02 3.264349060058593750e+02 3.949079589843750000e+02 5.742502441406250000e+02 1.022020950317382812e+02 2.346708526611328125e+02 3.220752258300781250e+02
6.809393310546875000e+01 5.043987426757812500e+02 5.210519409179687500e+01 6.744027709960937500e+01 1.597349243164062500e+02 3.167965820312500000e+03 1.405939178466796875e+02 1.539480895996093750e+02 1.369179565429687500e+03 3.500944519042968750e+02 3.288125915527343750e+02 3.913979492187500000e+02 5.598747558593750000e+02 1.055509338378906250e+02 2.286078186035156250e+02 3.227047424316406250e+02
6.667085266113281250e+01 4.867214965820312500e+02 4.879759216308593750e+01 6.280953979492187500e+01 1.588937988281250000e+02 2.970169433593750000e+03 1.339472656250000000e+02 1.456539154052734375e+02 1.356030029296875000e+03 3.589439086914062500e+02 3.247794799804687500e+02 3.841071166992187500e+02 5.334423217773437500e+02 1.098570861816406250e+02 2.537572326660156250e+02 3.393604736328125000e+02
8.139385986328125000e+01 4.674652709960937500e+02 4.915702819824218750e+01 5.806204223632812500e+01 1.574294433593750000e+02 2.766634521484375000e+03 1.281017150878906250e+02 1.475568847656250000e+02 1.284182373046875000e+03 3.360787963867187500e+02 3.057493286132812500e+02 3.739381103515625000e+02 5.196800537109375000e+02 1.126633682250976562e+02 2.323777770996093750e+02 3.526126098632812500e+02
7.543467712402343750e+01 4.344602355957031250e+02 4.676342773437500000e+01 5.155526733398437500e+01 1.570493774414062500e+02 2.531446533203125000e+03 1.265629119873046875e+02 1.403966369628906250e+02 1.219453735351562500e+03 3.385173339843750000e+02 2.805000000000000000e+02 3.603333740234375000e+02 4.930206298828125000e+02 1.075381011962890625e+02 2.236824645996093750e+02 3.564142761230468750e+02
6.609295654296875000e+01 4.039565429687500000e+02 3.778056335449218750e+01 4.261505126953125000e+01 1.508592224121093750e+02 2.348309082031250000e+03 1.191968383789062500e+02 1.242628097534179688e+02 1.138614257812500000e+03 3.384246520996093750e+02 2.529167175292968750e+02 3.296370849609375000e+02 4.702039184570312500e+02 1.013893127441406250e+02 2.145715026855468750e+02 3.412178039550781250e+02
7.054475402832031250e+01 3.864957580566406250e+02 3.634175109863281250e+01 3.794117736816406250e+01 1.457979431152343750e+02 2.269329101562500000e+03 1.184300460815429688e+02 1.293537292480468750e+02 1.172755737304687500e+03 3.457734680175781250e+02 2.392741394042968750e+02 3.377212524414062500e+02 4.543108825683593750e+02 1.029242553710937500e+02 2.027227630615234375e+02 3.410068969726562500e+02
6.223745727539062500e+01 3.605503540039062500e+02 3.292078018188476562e+01 3.098287963867187500e+01 1.288297576904296875e+02 2.199330322265625000e+03 1.134956665039062500e+02 1.172583694458007812e+02 1.204332275390625000e+03 3.387147521972656250e+02 2.127336425781250000e+02 3.091047973632812500e+02 4.133400268554687500e+02 9.598033905029296875e+01 1.910621643066406250e+02 3.431691589355468750e+02
5.450156402587890625e+01 3.366674194335937500e+02 2.555815124511718750e+01 2.459048461914062500e+01 1.234309616088867188e+02 2.049557861328125000e+03 1.067862472534179688e+02 1.083345336914062500e+02 1.138023803710937500e+03 3.088688659667968750e+02 1.955957336425781250e+02 2.813329772949218750e+02 4.104981994628906250e+02 9.702665710449218750e+01 1.901549987792968750e+02 3.455305175781250000e+02
4.776100921630859375e+01 3.102152404785156250e+02 1.237974548339843750e+01 1.902336120605468750e+01 1.195965118408203125e+02 1.889407226562500000e+03 1.008731842041015625e+02 1.029650802612304688e+02 1.085187622070312500e+03 2.966132202148437500e+02 1.847191162109375000e+02 2.743945922851562500e+02 3.672601013183593750e+02 9.448468017578125000e+01 1.835762023925781250e+02 3.329927673339843750e+02
5.189234924316406250e+01 2.880724792480468750e+02 1.461578369140625000e+00 1.298675537109375000e+01 1.004465332031250000e+02 1.805656494140625000e+03 9.697691345214843750e+01 9.146733093261718750e+01 1.012848144531250000e+03 2.625108642578125000e+02 1.612128295898437500e+02 2.241110076904296875e+02 3.109599609375000000e+02 8.642494201660156250e+01 1.596598358154296875e+02 3.065269775390625000e+02
4.665599822998046875e+01 2.735214843750000000e+02 -1.601516723632812500e+00 8.879379272460937500e+00 8.277328491210937500e+01 1.752274902343750000e+03 9.334953308105468750e+01 8.268431091308593750e+01 1.072755126953125000e+03 2.356009826660156250e+02 1.427338256835937500e+02 2.127251739501953125e+02 2.500334625244140625e+02 7.556333923339843750e+01 1.395166168212890625e+02 2.691209106445312500e+02
9.037208557128906250e+01 4.314073486328125000e+02 4.928997039794921875e+01 1.084847259521484375e+02 1.456489562988281250e+02 2.812213623046875000e+03 1.387885589599609375e+02 1.441276397705078125e+02 1.410543457031250000e+03 3.564009399414062500e+02 2.732446899414062500e+02 3.362364501953125000e+02 4.890897827148437500e+02 1.159340133666992188e+02 2.121977996826171875e+02 3.883150024414062500e+02
8.342222595214843750e+01 3.943843078613281250e+02 4.547757339477539062e+01 8.936926269531250000e+01 1.698395538330078125e+02 2.425163574218750000e+03 1.283373565673828125e+02 1.322734069824218750e+02 1.363164306640625000e+03 4.131778564453125000e+02 2.517634582519531250e+02 3.629813842773437500e+02 6.009550170898437500e+02 1.086220855712890625e+02 2.050631866455078125e+02 3.705328979492187500e+02
8.012260437011718750e+01 3.991690063476562500e+02 4.483024978637695312e+01 9.707215881347656250e+01 1.579001312255859375e+02 3.017931396484375000e+03 1.278740158081054688e+02 1.392844085693359375e+02 1.352306396484375000e+03 4.333196716308593750e+02 2.521688079833984375e+02 3.468821411132812500e+02 6.128524169921875000e+02 1.079097747802734375e+02 2.177431640625000000e+02 3.713219299316406250e+02
7.573966217041015625e+01 3.936365966796875000e+02 3.705888366699218750e+01 9.570976257324218750e+01 1.506733551025390625e+02 2.834993164062500000e+03 1.298976745605468750e+02 1.337829284667968750e+02 1.287294189453125000e+03 4.079715576171875000e+02 2.418453369140625000e+02 3.304769897460937500e+02 5.988137207031250000e+02 1.029017028808593750e+02 2.033394622802734375e+02 3.502598266601562500e+02
6.971183776855468750e+01 3.843403015136718750e+02 3.375926208496093750e+01 9.118499755859375000e+01 1.468844757080078125e+02 3.228899169921875000e+03 1.284418640136718750e+02 1.258467636108398438e+02 1.225635253906250000e+03 3.693438110351562500e+02 2.295019531250000000e+02 3.218676757812500000e+02 5.694371948242187500e+02 9.730409240722656250e+01 1.899940948486328125e+02 3.365025634765625000e+02
6.671130371093750000e+01 4.108843383789062500e+02 3.243815231323242188e+01 9.367652893066406250e+01 1.451708068847656250e+02 3.237346191406250000e+03 1.255658798217773438e+02 1.188715209960937500e+02 1.228956542968750000e+03 3.735879211425781250e+02 2.438105316162109375e+02 3.213304748535156250e+02 5.809898071289062500e+02 9.250042724609375000e+01 1.974084320068359375e+02 3.489573364257812500e+02
6.260283660888671875e+01 4.282531738281250000e+02 3.691770553588867188e+01 9.028092956542968750e+01 1.433182678222656250e+02 3.367216308593750000e+03 1.224946823120117188e+02 1.224488220214843750e+02 1.316137329101562500e+03 3.955605163574218750e+02 2.358285675048828125e+02 3.210238647460937500e+02 6.034154052734375000e+02 9.570394134521484375e+01 1.890083618164062500e+02 3.606722717285156250e+02
6.478157806396484375e+01 4.329064025878906250e+02 3.465956878662109375e+01 8.237040710449218750e+01 1.420858612060546875e+02 3.482614501953125000e+03 1.217485198974609375e+02 1.173086395263671875e+02 1.311564086914062500e+03 3.647456970214843750e+02 2.260257568359375000e+02 3.202934265136718750e+02 5.875865478515625000e+02 9.999956512451171875e+01 1.781744689941406250e+02 3.663802490234375000e+02
6.077896118164062500e+01 4.564479675292968750e+02 3.708200073242187500e+01 8.700668334960937500e+01 1.418177947998046875e+02 3.199807617187500000e+03 1.186387405395507812e+02 1.365061340332031250e+02 1.297081176757812500e+03 3.541495056152343750e+02 2.284064788818359375e+02 3.246302490234375000e+02 6.009246826171875000e+02 9.483702850341796875e+01 1.658831329345703125e+02 3.604656677246093750e+02
5.487630462646484375e+01 4.267947692871093750e+02 4.163308715820312500e+01 7.839967346191406250e+01 1.424554748535156250e+02 2.853030761718750000e+03 1.124831161499023438e+02 1.270501327514648438e+02 1.201905517578125000e+03 3.300436706542968750e+02 2.131214904785156250e+02 3.252430419921875000e+02 6.116658325195312500e+02 9.015110778808593750e+01 1.683115081787109375e+02 3.526938171386718750e+02
4.263632202148437500e+01 3.804765319824218750e+02 3.792389678955078125e+01 7.450001525878906250e+01 1.408047180175781250e+02 2.940416015625000000e+03 1.014918365478515625e+02 1.088775482177734375e+02 1.132243164062500000e+03 3.267624511718750000e+02 1.845254211425781250e+02 3.263503417968750000e+02 6.135261840820312500e+02 8.620291137695312500e+01 1.720245513916015625e+02 3.396835327148437500e+02
4.389126586914062500e+01 2.820781860351562500e+02 2.422226333618164062e+01 2.084667968750000000e+01 1.373108520507812500e+02 2.861729980468750000e+03 8.286959075927734375e+01 7.571675109863281250e+01 9.705749511718750000e+02 2.645088500976562500e+02 1.276676330566406250e+02 3.193238525390625000e+02 5.787449951171875000e+02 6.843865966796875000e+01 1.729289855957031250e+02 3.047330932617187500e+02
3.347445678710937500e+01 2.710402832031250000e+02 2.702181243896484375e+01 1.308898925781250000e+00 1.291331787109375000e+02 2.925454589843750000e+03 8.876643371582031250e+01 6.824681091308593750e+01 1.092833129882812500e+03 2.342166290283203125e+02 1.170665588378906250e+02 3.048934326171875000e+02 5.356331176757812500e+02 6.195549011230468750e+01 1.879143981933593750e+02 2.618632812500000000e+02
7.557695007324218750e+01 4.197165832519531250e+02 5.897810363769531250e+01 8.753778076171875000e+01 1.418047180175781250e+02 3.302551269531250000e+03 1.320997009277343750e+02 1.181695327758789062e+02 1.280321533203125000e+03 2.969062194824218750e+02 2.102608642578125000e+02 3.651570129394531250e+02 5.981646118164062500e+02 8.754042053222656250e+01 2.279058685302734375e+02 3.603120117187500000e+02
9.390520477294921875e+01 4.091264038085937500e+02 5.537495040893554688e+01 8.025724792480468750e+01 1.416095275878906250e+02 3.055941406250000000e+03 1.303259429931640625e+02 1.160605316162109375e+02 1.283030517578125000e+03 3.093132629394531250e+02 2.057792358398437500e+02 3.659973449707031250e+02 6.053378906250000000e+02 8.567785644531250000e+01 2.183495025634765625e+02 3.623890380859375000e+02
9.096428680419921875e+01 3.954391174316406250e+02 4.724608612060546875e+01 7.355767822265625000e+01 1.412737121582031250e+02 2.938354980468750000e+03 1.269781646728515625e+02 1.133115997314453125e+02 1.365727172851562500e+03 3.284394531250000000e+02 2.023750915527343750e+02 3.661414489746093750e+02 6.198198852539062500e+02 8.385014343261718750e+01 2.013001861572265625e+02 3.445295410156250000e+02
8.094039916992187500e+01 3.835404968261718750e+02 4.672775268554687500e+01 6.842304992675781250e+01 1.417517242431640625e+02 2.858077636718750000e+03 1.236637115478515625e+02 1.095615844726562500e+02 1.448500732421875000e+03 3.195433349609375000e+02 1.995935821533203125e+02 3.503130493164062500e+02 6.280806884765625000e+02 9.187515258789062500e+01 1.956168212890625000e+02 3.258906555175781250e+02
7.702561950683593750e+01 3.742531127929687500e+02 6.116639709472656250e+01 6.537733459472656250e+01 1.419519042968750000e+02 2.935262695312500000e+03 1.207905349731445312e+02 1.072701110839843750e+02 1.420173461914062500e+03 3.049347534179687500e+02 1.957098388671875000e+02 3.547926025390625000e+02 6.408203125000000000e+02 1.142705993652343750e+02 2.251934051513671875e+02 3.115484008789062500e+02
8.336674499511718750e+01 4.107354736328125000e+02 6.692323303222656250e+01 6.902899169921875000e+01 1.445169525146484375e+02 2.984215087890625000e+03 1.187088699340820312e+02 1.136970062255859375e+02 1.386448852539062500e+03 2.902274780273437500e+02 2.054710998535156250e+02 3.588911437988281250e+02 6.267923583984375000e+02 1.255864257812500000e+02 2.672293395996093750e+02 3.248654174804687500e+02
7.785314178466796875e+01 4.064733276367187500e+02 6.282010650634765625e+01 6.860331726074218750e+01 1.464891357421875000e+02 2.964389648437500000e+03 1.215070266723632812e+02 1.119383392333984375e+02 1.406299804687500000e+03 2.801400146484375000e+02 2.080296173095703125e+02 3.514685058593750000e+02 6.069505004882812500e+02 1.224472274780273438e+02 2.826954040527343750e+02 3.374788513183593750e+02
8.489889526367187500e+01 4.143395996093750000e+02 6.118373489379882812e+01 7.238279724121093750e+01 1.486022186279296875e+02 3.231940673828125000e+03 1.266961975097656250e+02 1.097413177490234375e+02 1.391776000976562500e+03 2.864268798828125000e+02 2.134640655517578125e+02 3.566986694335937500e+02 5.981502685546875000e+02 1.324228973388671875e+02 2.833283691406250000e+02 3.570832519531250000e+02
8.813705444335937500e+01 4.349019165039062500e+02 5.851404953002929688e+01 9.627407836914062500e+01 1.489900817871093750e+02 2.997350585937500000e+03 1.282931823730468750e+02 1.091425857543945312e+02 1.710361328125000000e+03 2.840354003906250000e+02 2.347045288085937500e+02 3.564896240234375000e+02 6.060688476562500000e+02 1.275524597167968750e+02 2.836510925292968750e+02 3.777686767578125000e+02
8.332618713378906250e+01 4.245827636718750000e+02 5.637526321411132812e+01 9.724266052246093750e+01 1.487128601074218750e+02 3.014031250000000000e+03 1.258381195068359375e+02 1.068529052734375000e+02 1.699437866210937500e+03 2.775364685058593750e+02 2.320169982910156250e+02 3.429256286621093750e+02 6.025088500976562500e+02 1.173891754150390625e+02 2.694898986816406250e+02 3.828766479492187500e+02
9.018423461914062500e+01 4.191038208007812500e+02 6.305514526367187500e+01 9.612850952148437500e+01 1.505946350097656250e+02 2.976971435546875000e+03 1.258316650390625000e+02 1.070867843627929688e+02 1.657934448242187500e+03 2.722366333007812500e+02 2.279228820800781250e+02 3.492109985351562500e+02 5.897811279296875000e+02 1.361751098632812500e+02 2.802094726562500000e+02 3.729586791992187500e+02
9.670874023437500000e+01 4.426408081054687500e+02 6.413140869140625000e+01 1.033688201904296875e+02 1.504648437500000000e+02 3.438449707031250000e+03 1.362700500488281250e+02 1.058170700073242188e+02 1.731614257812500000e+03 2.748127746582031250e+02 2.433654022216796875e+02 3.569754638671875000e+02 5.919885253906250000e+02 1.423787994384765625e+02 2.630705566406250000e+02 3.986870727539062500e+02
8.883291625976562500e+01 4.551813964843750000e+02 5.659305953979492188e+01 1.010372619628906250e+02 1.525202636718750000e+02 3.195225097656250000e+03 1.353365783691406250e+02 1.039028854370117188e+02 1.729330810546875000e+03 2.773134460449218750e+02 2.372502593994140625e+02 3.532940673828125000e+02 5.771793212890625000e+02 1.285201568603515625e+02 2.768503112792968750e+02 3.950207214355468750e+02
7.913880920410156250e+01 4.353395996093750000e+02 4.352809143066406250e+01 1.009575500488281250e+02 1.546151428222656250e+02 3.196779785156250000e+03 1.296478271484375000e+02 1.035042877197265625e+02 1.643850952148437500e+03 2.765531616210937500e+02 2.251254577636718750e+02 3.285825805664062500e+02 5.627307739257812500e+02 1.201355895996093750e+02 2.708702697753906250e+02 3.759828491210937500e+02
7.100202941894531250e+01 4.115248413085937500e+02 3.496913528442382812e+01 9.627206420898437500e+01 1.550985412597656250e+02 3.121990234375000000e+03 1.257914657592773438e+02 1.008069305419921875e+02 1.652131103515625000e+03 2.794714050292968750e+02 2.156592254638671875e+02 3.155362548828125000e+02 5.608866577148437500e+02 1.231678619384765625e+02 2.516133270263671875e+02 3.671791992187500000e+02
6.556435394287109375e+01 4.339435119628906250e+02 4.701088714599609375e+01 1.136835479736328125e+02 1.548567810058593750e+02 3.004868652343750000e+03 1.228050689697265625e+02 1.050373687744140625e+02 1.569324340820312500e+03 3.007701416015625000e+02 2.187824859619140625e+02 3.381075439453125000e+02 5.843488769531250000e+02 1.173833007812500000e+02 2.562677307128906250e+02 3.714605407714843750e+02
6.715572357177734375e+01 4.417664489746093750e+02 5.616618347167968750e+01 1.162107543945312500e+02 1.557197875976562500e+02 2.887659179687500000e+03 1.211827926635742188e+02 1.058510971069335938e+02 1.463120727539062500e+03 3.814061279296875000e+02 2.291340332031250000e+02 3.543612365722656250e+02 5.688392333984375000e+02 1.102925415039062500e+02 2.592293395996093750e+02 3.830758666992187500e+02
6.512210845947265625e+01 4.669254760742187500e+02 5.242347335815429688e+01 1.018487091064453125e+02 1.570383605957031250e+02 2.912952148437500000e+03 1.186939392089843750e+02 1.044263534545898438e+02 1.399778442382812500e+03 3.679865722656250000e+02 2.351825714111328125e+02 3.595379028320312500e+02 5.535616455078125000e+02 1.012021484375000000e+02 2.614747924804687500e+02 3.924514465332031250e+02
7.260895538330078125e+01 4.873009033203125000e+02 5.521333312988281250e+01 9.371081542968750000e+01 1.570376129150390625e+02 3.006197265625000000e+03 1.168761596679687500e+02 1.029190063476562500e+02 1.386549072265625000e+03 3.623505554199218750e+02 2.595055847167968750e+02 3.666471252441406250e+02 5.700703735351562500e+02 9.443177795410156250e+01 2.688067321777343750e+02 4.046912231445312500e+02
7.884423065185546875e+01 5.020076904296875000e+02 5.428446960449218750e+01 1.075734100341796875e+02 1.576660461425781250e+02 3.123283691406250000e+03 1.159894866943359375e+02 1.022598190307617188e+02 1.367257080078125000e+03 3.402772216796875000e+02 2.625502319335937500e+02 3.659822387695312500e+02 5.771672363281250000e+02 9.048661804199218750e+01 2.573941345214843750e+02 4.138782043457031250e+02
8.797492980957031250e+01 4.997096252441406250e+02 5.662070846557617188e+01 1.090218811035156250e+02 1.579398498535156250e+02 3.253884277343750000e+03 1.209826049804687500e+02 1.028831253051757812e+02 1.321043090820312500e+03 3.227672729492187500e+02 2.558979797363281250e+02 3.720123901367187500e+02 5.828748168945312500e+02 9.206343841552734375e+01 2.390359191894531250e+02 4.315101318359375000e+02
8.433810424804687500e+01 4.779387817382812500e+02 5.194699096679687500e+01 1.048966674804687500e+02 1.582153472900390625e+02 2.891440429687500000e+03 1.372686157226562500e+02 1.030306167602539062e+02 1.226353027343750000e+03 3.326286926269531250e+02 2.402613983154296875e+02 3.767274780273437500e+02 5.673132324218750000e+02 1.000480651855468750e+02 2.210951690673828125e+02 4.022894287109375000e+02
9.467420959472656250e+01 4.458890991210937500e+02 4.637632751464843750e+01 9.444833374023437500e+01 1.586060028076171875e+02 2.713382812500000000e+03 1.359697265625000000e+02 1.025316925048828125e+02 1.162365234375000000e+03 3.215291137695312500e+02 2.273788757324218750e+02 3.486459960937500000e+02 5.854116821289062500e+02 9.898496246337890625e+01 2.029476623535156250e+02 3.736489868164062500e+02
9.036739349365234375e+01 4.314310607910156250e+02 4.158276748657226562e+01 9.216326904296875000e+01 1.584944458007812500e+02 2.760020019531250000e+03 1.302951660156250000e+02 1.017926177978515625e+02 1.225009643554687500e+03 3.203577880859375000e+02 2.173194885253906250e+02 3.462147827148437500e+02 6.102221679687500000e+02 9.437353515625000000e+01 1.940275115966796875e+02 3.889044799804687500e+02
9.769104003906250000e+01 4.103865356445312500e+02 4.109059143066406250e+01 9.205067443847656250e+01 1.591866912841796875e+02 2.847207763671875000e+03 1.278196029663085938e+02 1.016430511474609375e+02 1.209541625976562500e+03 3.075388183593750000e+02 2.131041107177734375e+02 3.346729125976562500e+02 6.099013061523437500e+02 1.026005554199218750e+02 1.839833221435546875e+02 3.873201599121093750e+02
1.054085769653320312e+02 4.057393188476562500e+02 4.819260787963867188e+01 9.277731323242187500e+01 1.584643249511718750e+02 3.013681152343750000e+03 1.282491760253906250e+02 1.006385498046875000e+02 1.162546875000000000e+03 3.039629516601562500e+02 2.172743377685546875e+02 3.250219421386718750e+02 6.024481811523437500e+02 1.089752349853515625e+02 1.794651489257812500e+02 4.028258666992187500e+02
9.411273193359375000e+01 4.198992309570312500e+02 5.293920135498046875e+01 1.096167297363281250e+02 1.588785858154296875e+02 2.942968261718750000e+03 1.257191238403320312e+02 1.005800704956054688e+02 1.243465209960937500e+03 3.237146911621093750e+02 2.436791229248046875e+02 3.378822937011718750e+02 5.838017578125000000e+02 1.121534118652343750e+02 1.873081512451171875e+02 4.153960876464843750e+02
1.030523529052734375e+02 4.307192993164062500e+02 5.912970352172851562e+01 1.105749969482421875e+02 1.588992309570312500e+02 3.206117675781250000e+03 1.210102081298828125e+02 1.050900115966796875e+02 1.221557128906250000e+03 3.571871032714843750e+02 2.498085937500000000e+02 3.528535766601562500e+02 5.812881469726562500e+02 1.134647445678710938e+02 1.888552398681640625e+02 4.183453063964843750e+02
