1.044475860595703125e+02 4.674906005859375000e+02 6.738217163085937500e+01 1.124253082275390625e+02 1.714384460449218750e+02 3.420098632812500000e+03 1.588680267333984375e+02 1.637253112792968750e+02 1.581076416015625000e+03 3.338391418457031250e+02 2.734082641601562500e+02 4.181658935546875000e+02 5.437140502929687500e+02 1.221616897583007812e+02 2.522829895019531250e+02 3.431116638183593750e+02
9.671348571777343750e+01 4.948449707031250000e+02 7.110184478759765625e+01 1.244621124267578125e+02 1.778644256591796875e+02 3.460831054687500000e+03 1.654506835937500000e+02 1.695278930664062500e+02 1.564659545898437500e+03 3.304213256835937500e+02 2.972146606445312500e+02 4.322144165039062500e+02 5.445712280273437500e+02 1.139820632934570312e+02 2.625684509277343750e+02 3.618785400390625000e+02
9.267929077148437500e+01 5.089736633300781250e+02 6.944228363037109375e+01 1.316774902343750000e+02 1.804457397460937500e+02 3.405832031250000000e+03 1.698998870849609375e+02 1.737267761230468750e+02 1.660780517578125000e+03 3.389196166992187500e+02 3.001184692382812500e+02 4.222384643554687500e+02 5.268758544921875000e+02 1.052758483886718750e+02 2.645446166992187500e+02 3.662610473632812500e+02
1.079462127685546875e+02 5.140929565429687500e+02 6.461995697021484375e+01 1.297341308593750000e+02 1.819324035644531250e+02 3.219073730468750000e+03 1.651383209228515625e+02 1.665899963378906250e+02 1.628675048828125000e+03 3.454872741699218750e+02 2.919330444335937500e+02 4.155130004882812500e+02 5.607233886718750000e+02 1.193680725097656250e+02 2.664762573242187500e+02 3.552553405761718750e+02
1.020745773315429688e+02 5.291687011718750000e+02 6.565951538085937500e+01 1.277024459838867188e+02 1.848905487060546875e+02 3.375739746093750000e+03 1.672785644531250000e+02 1.711195678710937500e+02 1.580740722656250000e+03 3.679444885253906250e+02 3.115705566406250000e+02 4.223248901367187500e+02 5.380366210937500000e+02 1.199383010864257812e+02 2.730067138671875000e+02 3.602716369628906250e+02
9.017015075683593750e+01 5.253472900390625000e+02 6.319339752197265625e+01 1.308596191406250000e+02 1.836751098632812500e+02 3.323006835937500000e+03 1.625400695800781250e+02 1.795401763916015625e+02 1.575164306640625000e+03 3.700850830078125000e+02 3.168301696777343750e+02 4.161482849121093750e+02 5.337913818359375000e+02 1.193662872314453125e+02 2.649246826171875000e+02 3.714722595214843750e+02
9.053401184082031250e+01 5.505604858398437500e+02 5.982318878173828125e+01 1.318137817382812500e+02 1.852289581298828125e+02 3.115474121093750000e+03 1.782904663085937500e+02 1.801728210449218750e+02 1.549694213867187500e+03 3.872139892578125000e+02 3.317023315429687500e+02 4.175352783203125000e+02 5.499007568359375000e+02 1.189140548706054688e+02 2.716095581054687500e+02 3.707420043945312500e+02
9.456095886230468750e+01 5.518344726562500000e+02 6.247668075561523438e+01 1.365224609375000000e+02 1.949423065185546875e+02 3.159829589843750000e+03 1.692339477539062500e+02 1.830500640869140625e+02 1.545830932617187500e+03 3.771635131835937500e+02 3.427253417968750000e+02 4.212742919921875000e+02 5.673105468750000000e+02 1.186610565185546875e+02 2.506755218505859375e+02 3.687430419921875000e+02
9.029175567626953125e+01 5.422960205078125000e+02 5.797870254516601562e+01 1.312906494140625000e+02 1.886632232666015625e+02 3.010557617187500000e+03 1.733406829833984375e+02 1.718338623046875000e+02 1.528729492187500000e+03 3.650396423339843750e+02 3.370938720703125000e+02 4.134955444335937500e+02 5.554802856445312500e+02 1.175508270263671875e+02 2.508135833740234375e+02 3.708141174316406250e+02
9.568967437744140625e+01 5.335789794921875000e+02 5.571203231811523438e+01 1.320924682617187500e+02 1.895386505126953125e+02 3.032437988281250000e+03 1.664902954101562500e+02 1.776033782958984375e+02 1.470314086914062500e+03 3.589486389160156250e+02 3.384596862792968750e+02 4.222416076660156250e+02 5.353134765625000000e+02 1.163462371826171875e+02 2.446678619384765625e+02 3.619288330078125000e+02
8.902735900878906250e+01 5.329094848632812500e+02 5.676538085937500000e+01 1.245905380249023438e+02 1.936304779052734375e+02 2.964961181640625000e+03 1.634270935058593750e+02 1.728235778808593750e+02 1.407678466796875000e+03 3.606692504882812500e+02 3.338808898925781250e+02 4.173546752929687500e+02 5.487943725585937500e+02 1.112208862304687500e+02 2.425774230957031250e+02 3.638085937500000000e+02
8.084585571289062500e+01 5.130951538085937500e+02 4.960556411743164062e+01 1.088880767822265625e+02 1.893220062255859375e+02 2.701257324218750000e+03 1.563897094726562500e+02 1.630321807861328125e+02 1.344398559570312500e+03 3.549060363769531250e+02 3.244342651367187500e+02 4.090065917968750000e+02 5.312711181640625000e+02 1.103063430786132812e+02 2.276356048583984375e+02 3.512682189941406250e+02
7.205253601074218750e+01 4.686347656250000000e+02 3.903829956054687500e+01 7.582965087890625000e+01 1.897637481689453125e+02 2.501375488281250000e+03 1.390784606933593750e+02 1.455525512695312500e+02 1.265573486328125000e+03 3.266721191406250000e+02 2.912297973632812500e+02 3.988338317871093750e+02 5.035794067382812500e+02 1.023362426757812500e+02 2.274606323242187500e+02 3.379368896484375000e+02
6.329724884033203125e+01 4.008057250976562500e+02 2.335564041137695312e+01 3.504304504394531250e+01 1.747521057128906250e+02 2.377734375000000000e+03 1.192401123046875000e+02 1.231569519042968750e+02 1.097680053710937500e+03 2.728482055664062500e+02 2.397588806152343750e+02 3.755046386718750000e+02 4.421666259765625000e+02 9.080789184570312500e+01 1.876182098388671875e+02 3.016563110351562500e+02
4.280613708496093750e+01 3.304400634765625000e+02 8.651817321777343750e+00 5.060424804687500000e-01 1.580170440673828125e+02 2.105490234375000000e+03 1.050253067016601562e+02 9.920437622070312500e+01 9.728061523437500000e+02 2.559750061035156250e+02 1.920499877929687500e+02 3.333924560546875000e+02 3.676809692382812500e+02 7.912000274658203125e+01 1.681306457519531250e+02 2.711225585937500000e+02
3.905667114257812500e+01 3.117538452148437500e+02 2.684425354003906250e+00 -6.329162597656250000e+00 1.438374023437500000e+02 2.081092285156250000e+03 9.364534759521484375e+01 8.397889709472656250e+01 9.068143310546875000e+02 2.562693481445312500e+02 1.770924530029296875e+02 3.125106811523437500e+02 3.571992797851562500e+02 7.778601837158203125e+01 1.606991882324218750e+02 2.607026367187500000e+02
5.403777313232421875e+01 3.562187805175781250e+02 1.472265625000000000e+01 2.492158508300781250e+01 1.553080749511718750e+02 2.360656738281250000e+03 1.112457351684570312e+02 1.093800735473632812e+02 1.025138183593750000e+03 2.862538452148437500e+02 2.124871826171875000e+02 3.438566284179687500e+02 3.910578918457031250e+02 8.812469482421875000e+01 1.695967712402343750e+02 2.914978027343750000e+02
6.717082214355468750e+01 4.305739135742187500e+02 3.584212493896484375e+01 7.302842712402343750e+01 1.617380218505859375e+02 2.630402832031250000e+03 1.334817199707031250e+02 1.333979492187500000e+02 1.196428466796875000e+03 3.356894531250000000e+02 2.614529418945312500e+02 3.600012817382812500e+02 4.713105468750000000e+02 1.019978790283203125e+02 1.950780029296875000e+02 3.452533874511718750e+02
8.077752685546875000e+01 4.803005676269531250e+02 4.934402084350585938e+01 1.015569763183593750e+02 1.703915710449218750e+02 2.866329589843750000e+03 1.445593109130859375e+02 1.538407745361328125e+02 1.275811645507812500e+03 3.612416687011718750e+02 3.027889709472656250e+02 3.669401245117187500e+02 5.299971313476562500e+02 1.171381149291992188e+02 2.208259429931640625e+02 3.843343200683593750e+02
8.723735046386718750e+01 4.885323486328125000e+02 5.399409103393554688e+01 1.237557220458984375e+02 1.726784667968750000e+02 3.027918945312500000e+03 1.465489044189453125e+02 1.653773651123046875e+02 1.337194824218750000e+03 3.831625366210937500e+02 3.251251831054687500e+02 3.719095458984375000e+02 5.415950927734375000e+02 1.243686981201171875e+02 2.298015289306640625e+02 4.037674255371093750e+02
9.893447875976562500e+01 4.852143249511718750e+02 5.495053863525390625e+01 1.293031921386718750e+02 1.666371154785156250e+02 3.082392089843750000e+03 1.522499694824218750e+02 1.615924072265625000e+02 1.308671142578125000e+03 3.792217407226562500e+02 3.182169799804687500e+02 3.623516235351562500e+02 5.293283081054687500e+02 1.249007110595703125e+02 2.281174011230468750e+02 4.110386962890625000e+02
9.926216888427734375e+01 4.966392822265625000e+02 6.238545989990234375e+01 1.408678588867187500e+02 1.651066894531250000e+02 3.160945312500000000e+03 1.510397491455078125e+02 1.661979370117187500e+02 1.414668701171875000e+03 3.556824951171875000e+02 3.263618469238281250e+02 3.682146301269531250e+02 5.151344604492187500e+02 1.213697814941406250e+02 2.249415588378906250e+02 4.059944458007812500e+02
8.858628845214843750e+01 3.884858398437500000e+02 5.983719635009765625e+01 1.225391845703125000e+02 1.613793945312500000e+02 3.661205322265625000e+03 1.275051345825195312e+02 1.319226684570312500e+02 1.225233154296875000e+03 2.950556335449218750e+02 2.705758666992187500e+02 3.256940917968750000e+02 5.890124511718750000e+02 8.736374664306640625e+01 2.199489898681640625e+02 3.619652099609375000e+02
8.181291198730468750e+01 3.720914306640625000e+02 5.265668869018554688e+01 1.108602752685546875e+02 1.621480712890625000e+02 3.581239257812500000e+03 1.224797286987304688e+02 1.268946762084960938e+02 1.272667358398437500e+03 3.720909423828125000e+02 2.511148834228515625e+02 3.272205810546875000e+02 5.940818481445312500e+02 8.804019165039062500e+01 2.195307617187500000e+02 3.492465209960937500e+02
8.708563232421875000e+01 4.126053771972656250e+02 5.796590423583984375e+01 1.283939514160156250e+02 1.762496185302734375e+02 3.790195556640625000e+03 1.253239517211914062e+02 1.431729125976562500e+02 1.331255126953125000e+03 3.992466430664062500e+02 2.725489501953125000e+02 3.759219055175781250e+02 6.350308227539062500e+02 9.951500701904296875e+01 2.356199645996093750e+02 3.755469360351562500e+02
7.705133056640625000e+01 3.621208496093750000e+02 4.599005889892578125e+01 1.023526611328125000e+02 1.663472595214843750e+02 3.441607666015625000e+03 1.226953887939453125e+02 1.208224487304687500e+02 1.191303466796875000e+03 3.755928649902343750e+02 2.379304504394531250e+02 3.618406982421875000e+02 6.106903686523437500e+02 9.228814697265625000e+01 2.134450683593750000e+02 3.444515380859375000e+02
5.401906585693359375e+01 3.183450317382812500e+02 3.355247497558593750e+01 7.000892639160156250e+01 1.613569641113281250e+02 3.060524658203125000e+03 1.087253189086914062e+02 9.976757812500000000e+01 1.106738525390625000e+03 3.100266723632812500e+02 1.911701202392578125e+02 3.457926940917968750e+02 5.586903076171875000e+02 7.884062194824218750e+01 1.913233032226562500e+02 3.178871459960937500e+02
4.331680297851562500e+01 2.836246948242187500e+02 1.863326644897460938e+01 3.690577697753906250e+01 1.559693603515625000e+02 2.811070800781250000e+03 8.537586975097656250e+01 7.343550109863281250e+01 1.019801574707031250e+03 2.965175170898437500e+02 1.648965454101562500e+02 3.548919982910156250e+02 5.337302856445312500e+02 6.491815948486328125e+01 1.778645629882812500e+02 2.949531250000000000e+02
2.804502868652343750e+01 2.578999938964843750e+02 1.446319961547851562e+01 1.430938720703125000e+01 1.458746643066406250e+02 2.618295410156250000e+03 7.506637573242187500e+01 6.986022949218750000e+01 1.002194152832031250e+03 2.942901000976562500e+02 1.346131896972656250e+02 3.464209899902343750e+02 5.153682250976562500e+02 6.351235198974609375e+01 1.622703247070312500e+02 2.841939697265625000e+02
3.215190887451171875e+01 2.573917236328125000e+02 1.172315979003906250e+01 5.966629028320312500e+00 1.433777923583984375e+02 2.590961425781250000e+03 7.828115081787109375e+01 6.370709228515625000e+01 1.013383911132812500e+03 2.605090332031250000e+02 1.291166381835937500e+02 3.341283264160156250e+02 4.967302246093750000e+02 6.557453918457031250e+01 1.496536102294921875e+02 2.864794921875000000e+02
3.163912963867187500e+01 2.877261962890625000e+02 1.788333129882812500e+01 2.421983337402343750e+01 1.581194763183593750e+02 2.622510253906250000e+03 7.796118164062500000e+01 8.313635253906250000e+01 1.055730224609375000e+03 2.757797851562500000e+02 1.465309753417968750e+02 3.600845947265625000e+02 5.219941406250000000e+02 6.162208557128906250e+01 1.372146911621093750e+02 2.916222534179687500e+02
3.511383056640625000e+01 2.898113708496093750e+02 2.753409957885742188e+01 3.834262084960937500e+01 1.586272583007812500e+02 2.579126953125000000e+03 7.264149475097656250e+01 8.571990966796875000e+01 1.031377075195312500e+03 2.852346191406250000e+02 1.530720214843750000e+02 3.614041137695312500e+02 5.434554443359375000e+02 6.703580474853515625e+01 1.542095031738281250e+02 3.014193420410156250e+02
3.824015045166015625e+01 3.106817321777343750e+02 3.426152420043945312e+01 6.170159912109375000e+01 1.497244567871093750e+02 2.873428466796875000e+03 7.167608642578125000e+01 8.370942687988281250e+01 1.129192260742187500e+03 3.123868408203125000e+02 1.624299774169921875e+02 3.650900268554687500e+02 5.540902099609375000e+02 7.257474517822265625e+01 1.648712005615234375e+02 3.125659179687500000e+02
5.319229888916015625e+01 3.251314392089843750e+02 4.059648513793945312e+01 7.170454406738281250e+01 1.410331115722656250e+02 2.815992187500000000e+03 8.195641326904296875e+01 9.106937408447265625e+01 1.123067382812500000e+03 2.978416748046875000e+02 1.698746337890625000e+02 3.658218078613281250e+02 5.491752319335937500e+02 7.214326477050781250e+01 1.816550292968750000e+02 3.280815429687500000e+02
5.374214172363281250e+01 3.733146972656250000e+02 4.840077590942382812e+01 8.640316772460937500e+01 1.496236877441406250e+02 3.165067871093750000e+03 1.010543518066406250e+02 1.052692794799804688e+02 1.269621215820312500e+03 3.102844238281250000e+02 1.955250396728515625e+02 3.581886596679687500e+02 5.572738037109375000e+02 7.386656188964843750e+01 2.043432006835937500e+02 3.343934020996093750e+02
6.733333587646484375e+01 4.282182617187500000e+02 5.415992355346679688e+01 1.012059173583984375e+02 1.480023803710937500e+02 3.199028320312500000e+03 1.169306564331054688e+02 1.220366668701171875e+02 1.204253662109375000e+03 3.151013183593750000e+02 2.189542541503906250e+02 3.644221496582031250e+02 5.332849731445312500e+02 7.947060394287109375e+01 2.104467010498046875e+02 3.719622192382812500e+02
8.390130615234375000e+01 4.451165161132812500e+02 5.433136749267578125e+01 1.021557617187500000e+02 1.448506469726562500e+02 3.348135253906250000e+03 1.228628311157226562e+02 1.292603759765625000e+02 1.268910522460937500e+03 3.278415527343750000e+02 2.218135833740234375e+02 3.593073730468750000e+02 5.362809448242187500e+02 8.580444335937500000e+01 2.061506958007812500e+02 3.767323608398437500e+02
8.417518615722656250e+01 4.403248291015625000e+02 4.995151138305664062e+01 9.637590026855468750e+01 1.441325073242187500e+02 3.147482910156250000e+03 1.229477767944335938e+02 1.268899917602539062e+02 1.335334716796875000e+03 3.396944274902343750e+02 2.282755432128906250e+02 3.574198608398437500e+02 5.629616699218750000e+02 8.363420104980468750e+01 1.971999511718750000e+02 3.652440795898437500e+02
6.839254760742187500e+01 4.407693481445312500e+02 5.278656005859375000e+01 9.437605285644531250e+01 1.479961547851562500e+02 3.182810058593750000e+03 1.235342254638671875e+02 1.226053237915039062e+02 1.411420532226562500e+03 3.307210388183593750e+02 2.274005126953125000e+02 3.448445434570312500e+02 5.611027832031250000e+02 9.638276672363281250e+01 1.991174316406250000e+02 3.485355224609375000e+02
7.927510070800781250e+01 4.430382080078125000e+02 6.102325439453125000e+01 9.706239318847656250e+01 1.473605041503906250e+02 3.251426757812500000e+03 1.238544845581054688e+02 1.284403686523437500e+02 1.396750488281250000e+03 3.056579589843750000e+02 2.216121368408203125e+02 3.588497924804687500e+02 5.686820068359375000e+02 1.102987670898437500e+02 2.190827941894531250e+02 3.455438537597656250e+02
8.763302612304687500e+01 4.718228149414062500e+02 6.214592361450195312e+01 1.078642730712890625e+02 1.506195068359375000e+02 3.347017822265625000e+03 1.238814849853515625e+02 1.381427001953125000e+02 1.380842773437500000e+03 2.845670166015625000e+02 2.434829711914062500e+02 3.687645874023437500e+02 5.552572631835937500e+02 1.160996475219726562e+02 2.400457611083984375e+02 3.596235046386718750e+02
8.067866516113281250e+01 4.518621215820312500e+02 5.872324371337890625e+01 1.014952697753906250e+02 1.543452453613281250e+02 3.301614013671875000e+03 1.330376281738281250e+02 1.253607940673828125e+02 1.379260986328125000e+03 2.889290771484375000e+02 2.416777801513671875e+02 3.531573791503906250e+02 5.406637573242187500e+02 1.128507843017578125e+02 2.497733154296875000e+02 3.606755371093750000e+02
9.015419006347656250e+01 4.629510803222656250e+02 5.807631683349609375e+01 1.091956329345703125e+02 1.571969451904296875e+02 3.382929199218750000e+03 1.377241210937500000e+02 1.261020507812500000e+02 1.371888671875000000e+03 3.105440063476562500e+02 2.482756958007812500e+02 3.635620727539062500e+02 5.393969726562500000e+02 1.226346740722656250e+02 2.514574737548828125e+02 3.706972656250000000e+02
9.034018707275390625e+01 4.698827514648437500e+02 5.636040878295898438e+01 1.240436096191406250e+02 1.554800720214843750e+02 3.288864501953125000e+03 1.381945190429687500e+02 1.255481948852539062e+02 1.575890014648437500e+03 3.048993530273437500e+02 2.613348693847656250e+02 3.574248962402343750e+02 5.472758178710937500e+02 1.186255798339843750e+02 2.568108520507812500e+02 3.797843017578125000e+02
8.691484069824218750e+01 4.499385986328125000e+02 5.498827362060546875e+01 1.150613555908203125e+02 1.514864349365234375e+02 3.062937011718750000e+03 1.325470275878906250e+02 1.179639129638671875e+02 1.554341796875000000e+03 2.891870422363281250e+02 2.468035736083984375e+02 3.389152221679687500e+02 5.425686035156250000e+02 1.112744750976562500e+02 2.464145355224609375e+02 3.787037048339843750e+02
9.498635864257812500e+01 4.555403747558593750e+02 5.888678741455078125e+01 1.159149780273437500e+02 1.571256103515625000e+02 3.155945800781250000e+03 1.388068237304687500e+02 1.233432006835937500e+02 1.523232055664062500e+03 2.789382324218750000e+02 2.500931549072265625e+02 3.443670043945312500e+02 5.339381103515625000e+02 1.279095230102539062e+02 2.590052185058593750e+02 3.688186035156250000e+02
9.702056121826171875e+01 4.732117309570312500e+02 5.840438842773437500e+01 1.221869812011718750e+02 1.811441802978515625e+02 3.413610107421875000e+03 1.474897308349609375e+02 1.178165512084960938e+02 1.594833129882812500e+03 2.998421630859375000e+02 2.653801879882812500e+02 3.467192687988281250e+02 5.364455566406250000e+02 1.317687225341796875e+02 2.421280517578125000e+02 3.896956176757812500e+02
8.425183868408203125e+01 4.724293823242187500e+02 5.209366226196289062e+01 1.172846374511718750e+02 1.751751708984375000e+02 3.191120361328125000e+03 1.399936218261718750e+02 1.104215621948242188e+02 1.605557006835937500e+03 3.022111816406250000e+02 2.467815551757812500e+02 3.352920532226562500e+02 5.205405273437500000e+02 1.167341918945312500e+02 2.550859832763671875e+02 3.826319885253906250e+02
7.768083190917968750e+01 4.414535217285156250e+02 4.310488891601562500e+01 1.202916564941406250e+02 1.636132354736328125e+02 3.403648925781250000e+03 1.314233856201171875e+02 1.155657958984375000e+02 1.506723388671875000e+03 2.990260620117187500e+02 2.389174652099609375e+02 3.062957458496093750e+02 5.119895019531250000e+02 1.184101943969726562e+02 2.488191223144531250e+02 3.681850585937500000e+02
7.269631958007812500e+01 4.344171752929687500e+02 4.089963531494140625e+01 1.169679718017578125e+02 1.575290222167968750e+02 3.361068115234375000e+03 1.318220520019531250e+02 1.055243835449218750e+02 1.556780517578125000e+03 3.005910949707031250e+02 2.370810394287109375e+02 2.968455810546875000e+02 5.139465332031250000e+02 1.242218322753906250e+02 2.304733428955078125e+02 3.682956848144531250e+02
7.069694519042968750e+01 4.734545898437500000e+02 5.072107696533203125e+01 1.376768188476562500e+02 1.853682250976562500e+02 3.508290283203125000e+03 1.339136352539062500e+02 1.199229583740234375e+02 1.498063720703125000e+03 3.197673339843750000e+02 2.543373565673828125e+02 3.402632141113281250e+02 5.250775146484375000e+02 1.182217788696289062e+02 2.441195983886718750e+02 3.778195190429687500e+02
8.228588867187500000e+01 4.782067260742187500e+02 5.548753356933593750e+01 1.356866912841796875e+02 2.000210113525390625e+02 3.553034179687500000e+03 1.390427246093750000e+02 1.223736877441406250e+02 1.459453735351562500e+03 3.649644775390625000e+02 2.722468872070312500e+02 3.595863647460937500e+02 5.172056884765625000e+02 1.166749114990234375e+02 2.490608520507812500e+02 3.914611206054687500e+02
8.128840637207031250e+01 5.109174194335937500e+02 5.476903533935546875e+01 1.343991394042968750e+02 1.949233856201171875e+02 3.649923339843750000e+03 1.357709655761718750e+02 1.215109405517578125e+02 1.456295410156250000e+03 3.561754760742187500e+02 2.839963378906250000e+02 3.540662536621093750e+02 5.215621948242187500e+02 1.100336608886718750e+02 2.549956665039062500e+02 4.044876098632812500e+02
9.405169677734375000e+01 5.301360473632812500e+02 6.145832061767578125e+01 1.479676208496093750e+02 2.077975463867187500e+02 3.736382080078125000e+03 1.438411712646484375e+02 1.301627807617187500e+02 1.492852294921875000e+03 3.710813903808593750e+02 3.118486938476562500e+02 3.692214355468750000e+02 5.519017333984375000e+02 1.059415359497070312e+02 2.624658508300781250e+02 4.209106140136718750e+02
9.725796508789062500e+01 5.451981811523437500e+02 6.201870727539062500e+01 1.687353515625000000e+02 2.093919372558593750e+02 3.845375488281250000e+03 1.490226898193359375e+02 1.358415832519531250e+02 1.501787841796875000e+03 3.624812316894531250e+02 3.123672485351562500e+02 3.611241760253906250e+02 5.599860229492187500e+02 1.082124176025390625e+02 2.538608856201171875e+02 4.296513366699218750e+02
1.026024398803710938e+02 5.431693725585937500e+02 6.439863586425781250e+01 1.630515289306640625e+02 2.133673706054687500e+02 3.893840332031250000e+03 1.561150817871093750e+02 1.413077697753906250e+02 1.481771728515625000e+03 3.640913085937500000e+02 3.100669250488281250e+02 3.613256225585937500e+02 5.636406250000000000e+02 1.137936553955078125e+02 2.412257843017578125e+02 4.403252868652343750e+02
9.594126892089843750e+01 5.315550537109375000e+02 5.988108444213867188e+01 1.604057006835937500e+02 2.083775939941406250e+02 3.830049560546875000e+03 1.653516845703125000e+02 1.344892883300781250e+02 1.386358886718750000e+03 3.801445312500000000e+02 2.990830383300781250e+02 3.611287841796875000e+02 5.467073364257812500e+02 1.184611358642578125e+02 2.333288269042968750e+02 4.122313537597656250e+02
