1.134446334838867188e+02 5.005104064941406250e+02 7.054191589355468750e+01 1.386400146484375000e+02 1.528304138183593750e+02 3.456656250000000000e+03 1.704088439941406250e+02 1.768968811035156250e+02 1.642577392578125000e+03 3.598831176757812500e+02 2.976988830566406250e+02 3.943991699218750000e+02 5.489861450195312500e+02 1.268648834228515625e+02 2.567613220214843750e+02 3.633936157226562500e+02
1.018244781494140625e+02 5.088740844726562500e+02 6.945273590087890625e+01 1.379587860107421875e+02 1.558070831298828125e+02 3.483365722656250000e+03 1.709801483154296875e+02 1.753309783935546875e+02 1.600273925781250000e+03 3.453525695800781250e+02 3.079927978515625000e+02 4.005621337890625000e+02 5.369230957031250000e+02 1.158219757080078125e+02 2.596445007324218750e+02 3.712854003906250000e+02
9.393168640136718750e+01 5.104608154296875000e+02 6.545509338378906250e+01 1.358552703857421875e+02 1.582417602539062500e+02 3.412114013671875000e+03 1.718768310546875000e+02 1.741615600585937500e+02 1.671512695312500000e+03 3.451645202636718750e+02 3.014092712402343750e+02 3.918738403320312500e+02 5.105428771972656250e+02 1.057613372802734375e+02 2.556038513183593750e+02 3.676533203125000000e+02
1.077641067504882812e+02 5.088320922851562500e+02 5.996717834472656250e+01 1.297781372070312500e+02 1.606215667724609375e+02 3.234492675781250000e+03 1.652568359375000000e+02 1.638466033935546875e+02 1.627078735351562500e+03 3.477728576660156250e+02 2.880584716796875000e+02 3.861817626953125000e+02 5.397072143554687500e+02 1.195280075073242188e+02 2.528377685546875000e+02 3.522585754394531250e+02
1.011739501953125000e+02 5.187908935546875000e+02 6.060263442993164062e+01 1.241594696044921875e+02 1.633210144042968750e+02 3.381574218750000000e+03 1.651217041015625000e+02 1.663647918701171875e+02 1.558029174804687500e+03 3.682479858398437500e+02 3.041567993164062500e+02 3.914584350585937500e+02 5.119833679199218750e+02 1.196902542114257812e+02 2.564010314941406250e+02 3.536332092285156250e+02
8.647831726074218750e+01 5.088115539550781250e+02 5.849511718750000000e+01 1.240022735595703125e+02 1.617372436523437500e+02 3.193533203125000000e+03 1.582690734863281250e+02 1.733050537109375000e+02 1.537710693359375000e+03 3.677234191894531250e+02 3.054546508789062500e+02 3.840482177734375000e+02 5.010257263183593750e+02 1.180579528808593750e+02 2.494271697998046875e+02 3.614749145507812500e+02
8.475663757324218750e+01 5.280588989257812500e+02 5.564866638183593750e+01 1.214548187255859375e+02 1.628643493652343750e+02 2.936544433593750000e+03 1.725818481445312500e+02 1.721848449707031250e+02 1.491476440429687500e+03 3.798075866699218750e+02 3.160140686035156250e+02 3.845918884277343750e+02 5.140227661132812500e+02 1.156733474731445312e+02 2.557236022949218750e+02 3.570552978515625000e+02
8.788229370117187500e+01 5.242186889648437500e+02 5.782083892822265625e+01 1.234761199951171875e+02 1.708138885498046875e+02 3.029521240234375000e+03 1.620057220458984375e+02 1.735208740234375000e+02 1.469353271484375000e+03 3.645699768066406250e+02 3.231363830566406250e+02 3.850509643554687500e+02 5.263828125000000000e+02 1.141731414794921875e+02 2.303777313232421875e+02 3.515581970214843750e+02
8.225405883789062500e+01 5.071983032226562500e+02 5.192744445800781250e+01 1.145670471191406250e+02 1.596613159179687500e+02 2.851708984375000000e+03 1.636883392333984375e+02 1.597951202392578125e+02 1.434543945312500000e+03 3.486467895507812500e+02 3.127542419433593750e+02 3.679837951660156250e+02 5.044019775390625000e+02 1.116775360107421875e+02 2.280244140625000000e+02 3.510545349121093750e+02
7.856161499023437500e+01 4.595328369140625000e+02 4.026569366455078125e+01 8.837625122070312500e+01 1.492886047363281250e+02 2.643576171875000000e+03 1.456510467529296875e+02 1.517160491943359375e+02 1.295623046875000000e+03 3.166614990234375000e+02 2.859683227539062500e+02 3.574211425781250000e+02 4.421759338378906250e+02 1.021220474243164062e+02 2.103193054199218750e+02 3.200108032226562500e+02
4.013278198242187500e+01 3.300198059082031250e+02 1.040277862548828125e+01 1.540802001953125000e+00 1.233472747802734375e+02 2.194029785156250000e+03 1.042982025146484375e+02 9.953859710693359375e+01 1.002900451660156250e+03 2.419591064453125000e+02 1.886524963378906250e+02 3.075920715332031250e+02 3.418716430664062500e+02 7.063647460937500000e+01 1.702842712402343750e+02 2.486383361816406250e+02
2.196038818359375000e+01 2.709198913574218750e+02 -9.184448242187500000e+00 -3.525424194335937500e+01 1.048976593017578125e+02 1.884240234375000000e+03 8.513984680175781250e+01 7.402143859863281250e+01 8.842287597656250000e+02 2.130754089355468750e+02 1.510169067382812500e+02 2.817458496093750000e+02 2.768286437988281250e+02 6.219084930419921875e+01 1.433290100097656250e+02 2.135067443847656250e+02
6.272309875488281250e+01 4.277500915527343750e+02 2.674775695800781250e+01 5.876107788085937500e+01 1.338638153076171875e+02 2.440920898437500000e+03 1.280488586425781250e+02 1.297509155273437500e+02 1.176649414062500000e+03 3.109747924804687500e+02 2.640543212890625000e+02 3.239584655761718750e+02 4.137205810546875000e+02 9.667301940917968750e+01 2.014317321777343750e+02 3.169450683593750000e+02
9.400297546386718750e+01 5.150014038085937500e+02 5.103646087646484375e+01 1.151733398437500000e+02 1.488939514160156250e+02 2.769259033203125000e+03 1.536401062011718750e+02 1.652170410156250000e+02 1.339766601562500000e+03 3.505772094726562500e+02 3.227894897460937500e+02 3.557891845703125000e+02 5.284914550781250000e+02 1.159295043945312500e+02 2.226288909912109375e+02 3.702054443359375000e+02
9.124433898925781250e+01 5.113647460937500000e+02 5.216344833374023438e+01 1.278140335083007812e+02 1.512469482421875000e+02 2.801495117187500000e+03 1.607498931884765625e+02 1.664648742675781250e+02 1.380027465820312500e+03 3.777004089355468750e+02 3.221434326171875000e+02 3.521017150878906250e+02 5.338491821289062500e+02 1.176797027587890625e+02 2.270131530761718750e+02 3.801264648437500000e+02
8.972695922851562500e+01 5.049088745117187500e+02 4.845806121826171875e+01 1.281630096435546875e+02 1.454460449218750000e+02 2.816536621093750000e+03 1.533199768066406250e+02 1.555715484619140625e+02 1.331441162109375000e+03 3.865478515625000000e+02 3.147115783691406250e+02 3.424727172851562500e+02 5.309508056640625000e+02 1.177823944091796875e+02 2.226422882080078125e+02 3.764283447265625000e+02
9.587318420410156250e+01 5.106077880859375000e+02 5.038710021972656250e+01 1.353558044433593750e+02 1.478500976562500000e+02 2.978815917968750000e+03 1.597616882324218750e+02 1.664425048828125000e+02 1.382551757812500000e+03 3.952027893066406250e+02 3.201646423339843750e+02 3.554769897460937500e+02 5.248827514648437500e+02 1.205281143188476562e+02 2.177521972656250000e+02 3.832280578613281250e+02
9.032130432128906250e+01 5.066749877929687500e+02 5.168759918212890625e+01 1.369468994140625000e+02 1.428863525390625000e+02 3.034711914062500000e+03 1.592720031738281250e+02 1.614797363281250000e+02 1.401371948242187500e+03 3.960636901855468750e+02 3.112562866210937500e+02 3.491587219238281250e+02 5.096978759765625000e+02 1.185454635620117188e+02 2.169920501708984375e+02 3.921404418945312500e+02
9.144804382324218750e+01 5.061024169921875000e+02 5.298918533325195312e+01 1.380925598144531250e+02 1.465536193847656250e+02 3.144915039062500000e+03 1.551127166748046875e+02 1.645355987548828125e+02 1.386196411132812500e+03 3.906343994140625000e+02 3.162842407226562500e+02 3.451109924316406250e+02 5.247002563476562500e+02 1.240127029418945312e+02 2.273407287597656250e+02 4.049411621093750000e+02
9.157408142089843750e+01 4.942850341796875000e+02 5.163699340820312500e+01 1.458252563476562500e+02 1.473424987792968750e+02 3.229269042968750000e+03 1.525217895507812500e+02 1.684286956787109375e+02 1.404781494140625000e+03 3.981368408203125000e+02 3.244459228515625000e+02 3.458642578125000000e+02 5.136889038085937500e+02 1.265413665771484375e+02 2.305939788818359375e+02 4.101095886230468750e+02
1.017934875488281250e+02 4.849221801757812500e+02 4.976264190673828125e+01 1.464426574707031250e+02 1.413986816406250000e+02 3.242504394531250000e+03 1.562265319824218750e+02 1.620194702148437500e+02 1.359129150390625000e+03 3.857862854003906250e+02 3.122901000976562500e+02 3.333123168945312500e+02 4.815460510253906250e+02 1.244352340698242188e+02 2.219323883056640625e+02 4.084479980468750000e+02
1.004690856933593750e+02 4.943159790039062500e+02 5.504197692871093750e+01 1.544069671630859375e+02 1.391018218994140625e+02 3.377842529296875000e+03 1.554490814208984375e+02 1.635239257812500000e+02 1.463743408203125000e+03 3.550775451660156250e+02 3.166165161132812500e+02 3.364848937988281250e+02 4.484771728515625000e+02 1.186449279785156250e+02 2.135653381347656250e+02 3.956554260253906250e+02
9.459111785888671875e+01 4.276560058593750000e+02 4.981939697265625000e+01 1.423992462158203125e+02 1.184123992919921875e+02 3.099397949218750000e+03 1.430106964111328125e+02 1.424209899902343750e+02 1.489688964843750000e+03 3.648615112304687500e+02 2.814530639648437500e+02 2.964748535156250000e+02 4.818660278320312500e+02 9.762209320068359375e+01 2.137812500000000000e+02 3.627713623046875000e+02
8.078274536132812500e+01 3.741984558105468750e+02 4.046929931640625000e+01 1.145873413085937500e+02 1.111221466064453125e+02 2.484792480468750000e+03 1.264443664550781250e+02 1.241053085327148438e+02 1.391674316406250000e+03 3.783560485839843750e+02 2.409630584716796875e+02 2.607147216796875000e+02 4.929281616210937500e+02 8.638088989257812500e+01 2.030155181884765625e+02 3.276516723632812500e+02
7.013389587402343750e+01 3.597665405273437500e+02 2.897524642944335938e+01 9.103703308105468750e+01 1.044216461181640625e+02 2.623375488281250000e+03 1.143568572998046875e+02 1.182960128784179688e+02 1.390712402343750000e+03 3.812111206054687500e+02 2.222139282226562500e+02 2.738291931152343750e+02 4.866782836914062500e+02 8.750257873535156250e+01 1.971733398437500000e+02 3.166083374023437500e+02
6.783221435546875000e+01 3.440240478515625000e+02 2.386537551879882812e+01 8.326188659667968750e+01 1.005340042114257812e+02 2.519696044921875000e+03 1.194779052734375000e+02 1.093025665283203125e+02 1.364286987304687500e+03 3.843933715820312500e+02 2.125591278076171875e+02 2.710838012695312500e+02 4.982564086914062500e+02 8.766471099853515625e+01 1.901419677734375000e+02 3.069766235351562500e+02
6.854253387451171875e+01 3.811610412597656250e+02 3.271987915039062500e+01 1.040631408691406250e+02 1.141445770263671875e+02 2.700254394531250000e+03 1.296137390136718750e+02 1.198437652587890625e+02 1.403916015625000000e+03 3.688015747070312500e+02 2.285447845458984375e+02 2.855765075683593750e+02 5.172739257812500000e+02 9.153138732910156250e+01 1.946204681396484375e+02 3.294572753906250000e+02
7.997358703613281250e+01 4.405786743164062500e+02 4.124700927734375000e+01 1.303050994873046875e+02 1.268640518188476562e+02 2.984590332031250000e+03 1.352463684082031250e+02 1.303118286132812500e+02 1.439492675781250000e+03 4.014147338867187500e+02 2.703068237304687500e+02 3.233596801757812500e+02 5.439668579101562500e+02 9.743923950195312500e+01 2.084851684570312500e+02 3.615658264160156250e+02
7.431062316894531250e+01 4.531531372070312500e+02 4.447868728637695312e+01 1.297420654296875000e+02 1.250721435546875000e+02 3.223700683593750000e+03 1.356682128906250000e+02 1.392066497802734375e+02 1.464752075195312500e+03 4.110167846679687500e+02 2.681459960937500000e+02 3.298339233398437500e+02 5.466309814453125000e+02 1.033829345703125000e+02 2.032618103027343750e+02 3.701902770996093750e+02
7.621577453613281250e+01 4.438334960937500000e+02 3.924837493896484375e+01 1.154016418457031250e+02 1.210723648071289062e+02 3.232671142578125000e+03 1.365718688964843750e+02 1.314230957031250000e+02 1.428258911132812500e+03 3.688163757324218750e+02 2.567929992675781250e+02 3.170248413085937500e+02 5.179570922851562500e+02 1.036818466186523438e+02 1.865139923095703125e+02 3.647875671386718750e+02
7.167604064941406250e+01 4.533073730468750000e+02 3.915027236938476562e+01 1.193318481445312500e+02 1.285379333496093750e+02 3.323039794921875000e+03 1.326546936035156250e+02 1.421445617675781250e+02 1.400319824218750000e+03 3.645485839843750000e+02 2.591476745605468750e+02 3.314691772460937500e+02 5.192606201171875000e+02 9.677684020996093750e+01 1.694034118652343750e+02 3.571192626953125000e+02
6.956656646728515625e+01 4.320134887695312500e+02 4.068989562988281250e+01 1.156745300292968750e+02 1.264949722290039062e+02 3.282152343750000000e+03 1.228340911865234375e+02 1.362611694335937500e+02 1.308975341796875000e+03 3.524322509765625000e+02 2.492252349853515625e+02 3.273941040039062500e+02 5.225438232421875000e+02 9.789186096191406250e+01 1.790803070068359375e+02 3.517849426269531250e+02
6.875263977050781250e+01 4.303225097656250000e+02 4.094914627075195312e+01 1.230814208984375000e+02 1.188475952148437500e+02 3.421006835937500000e+03 1.188968582153320312e+02 1.286893005371093750e+02 1.338695800781250000e+03 3.618420410156250000e+02 2.464761810302734375e+02 3.282383422851562500e+02 5.237388916015625000e+02 1.001629180908203125e+02 1.842607421875000000e+02 3.506438903808593750e+02
7.957382202148437500e+01 4.258533630371093750e+02 4.259525299072265625e+01 1.203867797851562500e+02 1.119543151855468750e+02 3.360002197265625000e+03 1.260652465820312500e+02 1.295130615234375000e+02 1.296177978515625000e+03 3.371610107421875000e+02 2.426472015380859375e+02 3.279637451171875000e+02 5.138913574218750000e+02 9.733874511718750000e+01 1.922487182617187500e+02 3.548301391601562500e+02
7.725439453125000000e+01 4.533169860839843750e+02 4.810812377929687500e+01 1.245912857055664062e+02 1.198859786987304688e+02 3.671386230468750000e+03 1.399278106689453125e+02 1.372403564453125000e+02 1.402791259765625000e+03 3.372972106933593750e+02 2.567392578125000000e+02 3.226933288574218750e+02 5.205412597656250000e+02 9.642855072021484375e+01 2.059859313964843750e+02 3.523163757324218750e+02
8.654553222656250000e+01 4.794298706054687500e+02 5.711728286743164062e+01 1.333789062500000000e+02 1.230286331176757812e+02 3.783183349609375000e+03 1.482886047363281250e+02 1.458665161132812500e+02 1.319111083984375000e+03 3.474707641601562500e+02 2.683697509765625000e+02 3.326148071289062500e+02 5.154895019531250000e+02 9.643013000488281250e+01 2.160994873046875000e+02 3.807620849609375000e+02
9.580003356933593750e+01 4.782542724609375000e+02 5.750670623779296875e+01 1.279900131225585938e+02 1.194846572875976562e+02 3.904851074218750000e+03 1.474885253906250000e+02 1.465249633789062500e+02 1.356353515625000000e+03 3.567660522460937500e+02 2.605850830078125000e+02 3.262253723144531250e+02 5.195873413085937500e+02 9.855867004394531250e+01 2.118252410888671875e+02 3.837652587890625000e+02
9.286267089843750000e+01 4.682274169921875000e+02 5.277200317382812500e+01 1.204414062500000000e+02 1.191092453002929688e+02 3.503711181640625000e+03 1.430062866210937500e+02 1.423466949462890625e+02 1.403162231445312500e+03 3.648427734375000000e+02 2.620900878906250000e+02 3.259776916503906250e+02 5.469478759765625000e+02 9.608628845214843750e+01 2.009894104003906250e+02 3.713099975585937500e+02
7.732890319824218750e+01 4.649874877929687500e+02 5.586023712158203125e+01 1.173164215087890625e+02 1.223304443359375000e+02 3.558906005859375000e+03 1.416042175292968750e+02 1.363115234375000000e+02 1.468537841796875000e+03 3.558121032714843750e+02 2.579979248046875000e+02 3.152594909667968750e+02 5.475976562500000000e+02 1.058905029296875000e+02 2.016451263427734375e+02 3.564839477539062500e+02
8.551354217529296875e+01 4.667034301757812500e+02 6.426755523681640625e+01 1.194313201904296875e+02 1.222656707763671875e+02 3.674431884765625000e+03 1.403071594238281250e+02 1.405614929199218750e+02 1.458346313476562500e+03 3.306481933593750000e+02 2.511956329345703125e+02 3.273085937500000000e+02 5.557640380859375000e+02 1.170052337646484375e+02 2.209413299560546875e+02 3.542365112304687500e+02
9.297417449951171875e+01 4.937688293457031250e+02 6.620370483398437500e+01 1.298438720703125000e+02 1.259291076660156250e+02 3.788927978515625000e+03 1.391061096191406250e+02 1.490975646972656250e+02 1.432687377929687500e+03 3.130709838867187500e+02 2.717902526855468750e+02 3.388950195312500000e+02 5.468932495117187500e+02 1.213001480102539062e+02 2.409470214843750000e+02 3.674343872070312500e+02
8.684680175781250000e+01 4.779057006835937500e+02 6.266149902343750000e+01 1.249644927978515625e+02 1.299093933105468750e+02 3.682843261718750000e+03 1.469355163574218750e+02 1.383199462890625000e+02 1.410317138671875000e+03 3.189617004394531250e+02 2.708557739257812500e+02 3.280650939941406250e+02 5.358724975585937500e+02 1.180424957275390625e+02 2.510425720214843750e+02 3.698415222167968750e+02
9.578231811523437500e+01 4.896996459960937500e+02 6.240103912353515625e+01 1.326770935058593750e+02 1.332091979980468750e+02 3.818829589843750000e+03 1.516151428222656250e+02 1.395171508789062500e+02 1.399717285156250000e+03 3.405709838867187500e+02 2.774421386718750000e+02 3.377327880859375000e+02 5.362835083007812500e+02 1.263146362304687500e+02 2.537102508544921875e+02 3.804556274414062500e+02
9.681431579589843750e+01 4.992854309082031250e+02 6.083689498901367188e+01 1.484465332031250000e+02 1.337892456054687500e+02 3.720365966796875000e+03 1.517845458984375000e+02 1.408126373291015625e+02 1.592477172851562500e+03 3.370616455078125000e+02 2.909075317382812500e+02 3.373923339843750000e+02 5.473427734375000000e+02 1.227993698120117188e+02 2.619839782714843750e+02 3.906924438476562500e+02
9.439813232421875000e+01 4.830992431640625000e+02 5.959308242797851562e+01 1.417015991210937500e+02 1.322045898437500000e+02 3.635191650390625000e+03 1.459758911132812500e+02 1.347150268554687500e+02 1.593720458984375000e+03 3.244063110351562500e+02 2.780558471679687500e+02 3.247588806152343750e+02 5.472281494140625000e+02 1.160415649414062500e+02 2.522211303710937500e+02 3.915844421386718750e+02
1.031811904907226562e+02 4.909581298828125000e+02 6.400551605224609375e+01 1.436829376220703125e+02 1.379480895996093750e+02 3.717628173828125000e+03 1.520849914550781250e+02 1.405444335937500000e+02 1.566583251953125000e+03 3.183580017089843750e+02 2.817738647460937500e+02 3.341656799316406250e+02 5.421038208007812500e+02 1.318763122558593750e+02 2.645742187500000000e+02 3.841981506347656250e+02
1.063753051757812500e+02 5.122418823242187500e+02 6.450407409667968750e+01 1.513162841796875000e+02 1.586061706542968750e+02 3.934545166015625000e+03 1.615154724121093750e+02 1.365234069824218750e+02 1.652415405273437500e+03 3.389690551757812500e+02 2.980245056152343750e+02 3.412299499511718750e+02 5.472199707031250000e+02 1.365323333740234375e+02 2.479654541015625000e+02 4.060206298828125000e+02
9.557326507568359375e+01 5.170882568359375000e+02 5.892688369750976562e+01 1.486283569335937500e+02 1.556445770263671875e+02 3.738887939453125000e+03 1.556257629394531250e+02 1.309770202636718750e+02 1.673453002929687500e+03 3.410734558105468750e+02 2.827510986328125000e+02 3.342878723144531250e+02 5.341805419921875000e+02 1.228673171997070312e+02 2.603991394042968750e+02 4.031713562011718750e+02
9.050271606445312500e+01 4.922314453125000000e+02 5.128282928466796875e+01 1.543001556396484375e+02 1.472875671386718750e+02 3.875181396484375000e+03 1.484203338623046875e+02 1.380628051757812500e+02 1.592482421875000000e+03 3.414715576171875000e+02 2.775280151367187500e+02 3.116412963867187500e+02 5.276637573242187500e+02 1.252725982666015625e+02 2.560478820800781250e+02 3.931557312011718750e+02
8.667733764648437500e+01 4.893543701171875000e+02 5.111570358276367188e+01 1.535183868408203125e+02 1.434193420410156250e+02 3.866332275390625000e+03 1.498852691650390625e+02 1.302900695800781250e+02 1.655274658203125000e+03 3.473287963867187500e+02 2.785790405273437500e+02 3.037485351562500000e+02 5.358263549804687500e+02 1.326139221191406250e+02 2.399555358886718750e+02 3.970682067871093750e+02
8.493278503417968750e+01 5.307908935546875000e+02 6.244778442382812500e+01 1.746388549804687500e+02 1.688316040039062500e+02 4.006391845703125000e+03 1.522989501953125000e+02 1.450460815429687500e+02 1.600205688476562500e+03 3.655593261718750000e+02 2.967257080078125000e+02 3.494343261718750000e+02 5.548159790039062500e+02 1.282049865722656250e+02 2.551283874511718750e+02 4.083439636230468750e+02
9.537285614013671875e+01 5.284225463867187500e+02 6.628135681152343750e+01 1.670778350830078125e+02 1.799777984619140625e+02 3.896813232421875000e+03 1.547734069824218750e+02 1.446029052734375000e+02 1.531420654296875000e+03 4.055259399414062500e+02 3.084796752929687500e+02 3.660255432128906250e+02 5.425513305664062500e+02 1.258852767944335938e+02 2.595122680664062500e+02 4.177075195312500000e+02
9.116052246093750000e+01 5.471173706054687500e+02 6.207833480834960938e+01 1.556014404296875000e+02 1.712442016601562500e+02 3.837973876953125000e+03 1.473184661865234375e+02 1.382396545410156250e+02 1.503297851562500000e+03 3.865448913574218750e+02 3.100939941406250000e+02 3.557162475585937500e+02 5.301254272460937500e+02 1.169639511108398438e+02 2.610592651367187500e+02 4.225831604003906250e+02
