9.928143310546875000e+01 4.494935913085937500e+02 6.397899246215820312e+01 1.035770874023437500e+02 1.570449523925781250e+02 2.884245361328125000e+03 1.531612701416015625e+02 1.609058227539062500e+02 1.509665527343750000e+03 3.226682434082031250e+02 2.624979248046875000e+02 3.997198791503906250e+02 4.910366516113281250e+02 1.171154403686523438e+02 2.536396636962890625e+02 3.350653381347656250e+02
8.950959777832031250e+01 4.579162902832031250e+02 6.233135223388671875e+01 1.036731414794921875e+02 1.612495574951171875e+02 2.976155273437500000e+03 1.531202697753906250e+02 1.591864166259765625e+02 1.468106201171875000e+03 3.094803771972656250e+02 2.722988281250000000e+02 4.112090454101562500e+02 4.855406188964843750e+02 1.044848022460937500e+02 2.590610961914062500e+02 3.445998535156250000e+02
8.134291076660156250e+01 4.637197265625000000e+02 5.862389755249023438e+01 1.029426727294921875e+02 1.665411987304687500e+02 3.024734375000000000e+03 1.552610473632812500e+02 1.594517822265625000e+02 1.546673339843750000e+03 3.079562683105468750e+02 2.691271972656250000e+02 4.049462890625000000e+02 4.647207946777343750e+02 9.221650695800781250e+01 2.571627197265625000e+02 3.449114990234375000e+02
9.516728210449218750e+01 4.696656494140625000e+02 5.310591125488281250e+01 9.841734313964843750e+01 1.726637725830078125e+02 2.912448974609375000e+03 1.506680145263671875e+02 1.514239807128906250e+02 1.529871337890625000e+03 3.119302673339843750e+02 2.595312500000000000e+02 4.018935546875000000e+02 4.980606384277343750e+02 1.045127563476562500e+02 2.544955444335937500e+02 3.327616882324218750e+02
9.201840209960937500e+01 4.865831909179687500e+02 5.393672943115234375e+01 9.452882385253906250e+01 1.823537597656250000e+02 3.091787109375000000e+03 1.527296142578125000e+02 1.541653442382812500e+02 1.495002197265625000e+03 3.370405883789062500e+02 2.775985107421875000e+02 4.157836303710937500e+02 4.871087646484375000e+02 1.084197692871093750e+02 2.570624389648437500e+02 3.348527221679687500e+02
8.063708496093750000e+01 4.883853759765625000e+02 5.448760604858398438e+01 9.743719482421875000e+01 1.866744232177734375e+02 2.944858398437500000e+03 1.495938415527343750e+02 1.642150268554687500e+02 1.501559448242187500e+03 3.459727783203125000e+02 2.878643493652343750e+02 4.179025268554687500e+02 4.955495605468750000e+02 1.105169219970703125e+02 2.499879150390625000e+02 3.470865478515625000e+02
8.180292510986328125e+01 5.264460449218750000e+02 5.539250183105468750e+01 1.042484436035156250e+02 1.914226074218750000e+02 3.018297363281250000e+03 1.690156250000000000e+02 1.717076721191406250e+02 1.510088500976562500e+03 3.714996337890625000e+02 3.135021057128906250e+02 4.227640075683593750e+02 5.257662353515625000e+02 1.135069732666015625e+02 2.573828125000000000e+02 3.545863342285156250e+02
8.891288757324218750e+01 5.481136474609375000e+02 6.142074203491210938e+01 1.186390380859375000e+02 2.029865264892578125e+02 3.092543457031250000e+03 1.674959106445312500e+02 1.810047607421875000e+02 1.536131835937500000e+03 3.769167175292968750e+02 3.388896484375000000e+02 4.293343505859375000e+02 5.588258666992187500e+02 1.167738265991210938e+02 2.424501342773437500e+02 3.612285156250000000e+02
8.840145874023437500e+01 5.526298828125000000e+02 6.076344680786132812e+01 1.223594970703125000e+02 1.997695465087890625e+02 3.025704833984375000e+03 1.745663604736328125e+02 1.753582763671875000e+02 1.542592041015625000e+03 3.707089233398437500e+02 3.455715026855468750e+02 4.225472412109375000e+02 5.632426757812500000e+02 1.185010528564453125e+02 2.444490356445312500e+02 3.703298645019531250e+02
9.522814941406250000e+01 5.504343872070312500e+02 6.060551071166992188e+01 1.272460632324218750e+02 1.989622802734375000e+02 3.208900634765625000e+03 1.710593414306640625e+02 1.825261230468750000e+02 1.521942016601562500e+03 3.675122680664062500e+02 3.524361267089843750e+02 4.270753479003906250e+02 5.491854248046875000e+02 1.186873550415039062e+02 2.434463195800781250e+02 3.658294677734375000e+02
9.067855072021484375e+01 5.513938598632812500e+02 6.335549926757812500e+01 1.242156066894531250e+02 2.011032104492187500e+02 3.129276123046875000e+03 1.681349945068359375e+02 1.803851470947265625e+02 1.487014892578125000e+03 3.690450439453125000e+02 3.513399353027343750e+02 4.219817810058593750e+02 5.599538574218750000e+02 1.140698394775390625e+02 2.457376708984375000e+02 3.679561462402343750e+02
8.500383758544921875e+01 5.412215576171875000e+02 5.883618164062500000e+01 1.181400299072265625e+02 1.967187957763671875e+02 3.000409912109375000e+03 1.631541442871093750e+02 1.734447937011718750e+02 1.452575927734375000e+03 3.707697143554687500e+02 3.480765380859375000e+02 4.125137023925781250e+02 5.471290893554687500e+02 1.145143966674804688e+02 2.374051513671875000e+02 3.620559692382812500e+02
8.219400787353515625e+01 5.230983886718750000e+02 5.410049819946289062e+01 1.072880096435546875e+02 1.975050811767578125e+02 2.878070556640625000e+03 1.537968139648437500e+02 1.648760528564453125e+02 1.425099487304687500e+03 3.642799987792968750e+02 3.353367004394531250e+02 4.036861267089843750e+02 5.269111938476562500e+02 1.133429641723632812e+02 2.459460906982421875e+02 3.646304321289062500e+02
8.573925781250000000e+01 5.031177368164062500e+02 5.101723861694335938e+01 9.609835815429687500e+01 1.906015167236328125e+02 2.847789550781250000e+03 1.470142822265625000e+02 1.597652893066406250e+02 1.352681152343750000e+03 3.380403137207031250e+02 3.183553466796875000e+02 3.940180358886718750e+02 5.106022949218750000e+02 1.116696624755859375e+02 2.299090118408203125e+02 3.583607177734375000e+02
7.680834960937500000e+01 4.671483764648437500e+02 4.475577926635742188e+01 8.453295898437500000e+01 1.863373413085937500e+02 2.750061767578125000e+03 1.427848968505859375e+02 1.491514892578125000e+02 1.293712890625000000e+03 3.366743469238281250e+02 2.938474731445312500e+02 3.764226074218750000e+02 4.818312988281250000e+02 1.073433227539062500e+02 2.204880371093750000e+02 3.494518432617187500e+02
7.051284790039062500e+01 4.378517150878906250e+02 3.626900100708007812e+01 7.232017517089843750e+01 1.754272460937500000e+02 2.653175781250000000e+03 1.308178100585937500e+02 1.317548828125000000e+02 1.193674316406250000e+03 3.335119018554687500e+02 2.710399780273437500e+02 3.540071105957031250e+02 4.553969726562500000e+02 1.038787536621093750e+02 2.086553497314453125e+02 3.361934814453125000e+02
7.100066375732421875e+01 4.219080810546875000e+02 3.260801696777343750e+01 6.781451416015625000e+01 1.706851959228515625e+02 2.657350585937500000e+03 1.300060119628906250e+02 1.324535217285156250e+02 1.182584350585937500e+03 3.302097778320312500e+02 2.607457885742187500e+02 3.519756164550781250e+02 4.314206542968750000e+02 1.021315612792968750e+02 1.964370422363281250e+02 3.322840576171875000e+02
6.332091522216796875e+01 3.993613281250000000e+02 2.832106399536132812e+01 6.032917785644531250e+01 1.588277740478515625e+02 2.628319335937500000e+03 1.248970108032226562e+02 1.222626190185546875e+02 1.162126831054687500e+03 3.230698852539062500e+02 2.385014038085937500e+02 3.324986572265625000e+02 3.980754699707031250e+02 9.719074249267578125e+01 1.874128723144531250e+02 3.300484313964843750e+02
6.008964538574218750e+01 3.809477539062500000e+02 2.441852569580078125e+01 5.323336791992187500e+01 1.533274688720703125e+02 2.594105957031250000e+03 1.171221694946289062e+02 1.177613296508789062e+02 1.121105468750000000e+03 3.090089721679687500e+02 2.274092102050781250e+02 3.123318786621093750e+02 3.835558776855468750e+02 9.791567993164062500e+01 1.887580566406250000e+02 3.318535766601562500e+02
5.641532897949218750e+01 3.556206054687500000e+02 1.900276184082031250e+01 5.155950927734375000e+01 1.450548706054687500e+02 2.617199462890625000e+03 1.104624099731445312e+02 1.152797088623046875e+02 1.103991699218750000e+03 3.057907104492187500e+02 2.212763671875000000e+02 2.950263366699218750e+02 3.592958984375000000e+02 9.734696960449218750e+01 1.861097564697265625e+02 3.290252380371093750e+02
6.097003173828125000e+01 3.340124206542968750e+02 1.374077987670898438e+01 4.647457885742187500e+01 1.276211624145507812e+02 2.652709716796875000e+03 1.091096343994140625e+02 1.064986724853515625e+02 1.052135498046875000e+03 2.904051208496093750e+02 2.035727996826171875e+02 2.689180603027343750e+02 3.273800659179687500e+02 9.366772460937500000e+01 1.754213256835937500e+02 3.214904785156250000e+02
5.896427917480468750e+01 3.287261047363281250e+02 1.435874557495117188e+01 4.748408508300781250e+01 1.137716445922851562e+02 2.592080078125000000e+03 1.062932968139648438e+02 1.032038040161132812e+02 1.103492187500000000e+03 2.597010192871093750e+02 1.979571228027343750e+02 2.587452392578125000e+02 2.925931396484375000e+02 8.731962585449218750e+01 1.645974121093750000e+02 3.062686157226562500e+02
9.592189025878906250e+01 4.202100219726562500e+02 6.375642776489257812e+01 1.422033843994140625e+02 1.753819274902343750e+02 3.218531250000000000e+03 1.369912719726562500e+02 1.428054199218750000e+02 1.300544189453125000e+03 3.190380249023437500e+02 2.856041870117187500e+02 3.266348876953125000e+02 5.790079956054687500e+02 9.937555694580078125e+01 2.207314605712890625e+02 3.783013000488281250e+02
9.185586547851562500e+01 4.178045043945312500e+02 5.901214599609375000e+01 1.399671325683593750e+02 1.745874938964843750e+02 3.113575927734375000e+03 1.356361999511718750e+02 1.425294799804687500e+02 1.313440917968750000e+03 3.690108642578125000e+02 2.781146240234375000e+02 3.261422424316406250e+02 5.768796997070312500e+02 9.870184326171875000e+01 2.212701568603515625e+02 3.693721618652343750e+02
8.519754028320312500e+01 4.177579040527343750e+02 5.177736282348632812e+01 1.309100952148437500e+02 1.718024139404296875e+02 3.191736572265625000e+03 1.277954406738281250e+02 1.428595581054687500e+02 1.296626708984375000e+03 3.787907409667968750e+02 2.702088623046875000e+02 3.458758544921875000e+02 5.635366210937500000e+02 1.005957946777343750e+02 2.213341674804687500e+02 3.660933227539062500e+02
7.826071166992187500e+01 3.890545959472656250e+02 4.160842514038085938e+01 1.149546661376953125e+02 1.575876312255859375e+02 3.071325683593750000e+03 1.290417022705078125e+02 1.284564208984375000e+02 1.201164428710937500e+03 3.681373291015625000e+02 2.498897552490234375e+02 3.345194396972656250e+02 5.371550903320312500e+02 9.712847900390625000e+01 2.061596069335937500e+02 3.455295410156250000e+02
6.513343048095703125e+01 3.790188293457031250e+02 3.558410263061523438e+01 1.021657714843750000e+02 1.518230285644531250e+02 2.969692871093750000e+03 1.262125625610351562e+02 1.196756515502929688e+02 1.170991821289062500e+03 3.285306701660156250e+02 2.283293457031250000e+02 3.234216918945312500e+02 4.975585937500000000e+02 9.158676147460937500e+01 1.941950225830078125e+02 3.368315429687500000e+02
6.440750885009765625e+01 3.921266784667968750e+02 3.142183303833007812e+01 9.757121276855468750e+01 1.505943298339843750e+02 2.984205810546875000e+03 1.181893768310546875e+02 1.111642990112304688e+02 1.161350585937500000e+03 3.386866760253906250e+02 2.345833740234375000e+02 3.412741699218750000e+02 4.910924377441406250e+02 8.749479675292968750e+01 1.940158996582031250e+02 3.407504882812500000e+02
5.626910400390625000e+01 3.963907165527343750e+02 3.266474914550781250e+01 9.070726013183593750e+01 1.464843750000000000e+02 3.042148925781250000e+03 1.147707366943359375e+02 1.159345397949218750e+02 1.194812255859375000e+03 3.513071289062500000e+02 2.260736541748046875e+02 3.466965942382812500e+02 4.896805725097656250e+02 9.098893737792968750e+01 1.864590454101562500e+02 3.461494445800781250e+02
5.965673828125000000e+01 3.964902343750000000e+02 2.972835540771484375e+01 8.057229614257812500e+01 1.417273559570312500e+02 2.973979980468750000e+03 1.174891357421875000e+02 1.113245849609375000e+02 1.193010620117187500e+03 3.203209533691406250e+02 2.198784790039062500e+02 3.315384521484375000e+02 4.694027404785156250e+02 9.349752044677734375e+01 1.723062744140625000e+02 3.475516052246093750e+02
5.735537719726562500e+01 4.142100219726562500e+02 3.175489044189453125e+01 8.857014465332031250e+01 1.512849731445312500e+02 2.978262207031250000e+03 1.155541687011718750e+02 1.257012329101562500e+02 1.201811279296875000e+03 3.216138916015625000e+02 2.275748138427734375e+02 3.471267089843750000e+02 4.731809387207031250e+02 8.833261108398437500e+01 1.557677764892578125e+02 3.449579467773437500e+02
5.641176605224609375e+01 3.984787597656250000e+02 3.604299545288085938e+01 9.024707031250000000e+01 1.508549041748046875e+02 2.737038574218750000e+03 1.054600906372070312e+02 1.235018692016601562e+02 1.135053222656250000e+03 3.174287719726562500e+02 2.217967681884765625e+02 3.450217895507812500e+02 4.851965637207031250e+02 8.960762786865234375e+01 1.649828796386718750e+02 3.424750366210937500e+02
5.619918060302734375e+01 3.978331298828125000e+02 3.907341766357421875e+01 1.018722686767578125e+02 1.414692077636718750e+02 2.789662109375000000e+03 9.953250885009765625e+01 1.160959472656250000e+02 1.176817382812500000e+03 3.287181701660156250e+02 2.198310394287109375e+02 3.460473937988281250e+02 4.937318420410156250e+02 9.246508026123046875e+01 1.731890563964843750e+02 3.435336914062500000e+02
6.779452514648437500e+01 3.918375244140625000e+02 4.219240570068359375e+01 1.017121429443359375e+02 1.306058959960937500e+02 2.730344726562500000e+03 1.055031661987304688e+02 1.157501754760742188e+02 1.127119873046875000e+03 3.065220031738281250e+02 2.150561676025390625e+02 3.461521606445312500e+02 4.932078857421875000e+02 8.958419799804687500e+01 1.856264343261718750e+02 3.492489318847656250e+02
6.584876251220703125e+01 4.162421264648437500e+02 4.758734512329101562e+01 1.040332031250000000e+02 1.373509674072265625e+02 2.825949707031250000e+03 1.202109375000000000e+02 1.221550598144531250e+02 1.242222900390625000e+03 3.025446777343750000e+02 2.262568817138671875e+02 3.387755126953125000e+02 5.028237609863281250e+02 8.713880920410156250e+01 2.034080657958984375e+02 3.462119750976562500e+02
7.815311431884765625e+01 4.562001342773437500e+02 5.586587905883789062e+01 1.180846099853515625e+02 1.391263885498046875e+02 2.866448486328125000e+03 1.337828521728515625e+02 1.349582672119140625e+02 1.230771972656250000e+03 3.164556274414062500e+02 2.446986999511718750e+02 3.471911010742187500e+02 5.038591308593750000e+02 8.800506591796875000e+01 2.176660614013671875e+02 3.766492004394531250e+02
9.046214294433593750e+01 4.605187683105468750e+02 5.548534774780273438e+01 1.121156921386718750e+02 1.345185546875000000e+02 2.870094726562500000e+03 1.358376464843750000e+02 1.372298736572265625e+02 1.267097167968750000e+03 3.281134643554687500e+02 2.377230682373046875e+02 3.388737792968750000e+02 5.115992431640625000e+02 9.007524108886718750e+01 2.131817321777343750e+02 3.798215026855468750e+02
8.958285522460937500e+01 4.495432128906250000e+02 5.049984741210937500e+01 1.019841156005859375e+02 1.311406555175781250e+02 2.784916992187500000e+03 1.319312133789062500e+02 1.324677276611328125e+02 1.323460571289062500e+03 3.419180908203125000e+02 2.373598480224609375e+02 3.334088745117187500e+02 5.396555175781250000e+02 8.680757904052734375e+01 2.021050872802734375e+02 3.674182434082031250e+02
7.237655639648437500e+01 4.448970947265625000e+02 5.237077713012695312e+01 9.629632568359375000e+01 1.329256286621093750e+02 2.835511230468750000e+03 1.296013488769531250e+02 1.254335327148437500e+02 1.401602783203125000e+03 3.341248168945312500e+02 2.327089843750000000e+02 3.161634216308593750e+02 5.462750244140625000e+02 9.766616821289062500e+01 2.017041778564453125e+02 3.479747619628906250e+02
7.917270660400390625e+01 4.448951110839843750e+02 6.134267425537109375e+01 9.711892700195312500e+01 1.313233642578125000e+02 2.940198730468750000e+03 1.276262664794921875e+02 1.289537200927734375e+02 1.396595214843750000e+03 3.062295227050781250e+02 2.243713073730468750e+02 3.245497741699218750e+02 5.541641845703125000e+02 1.125326004028320312e+02 2.220495910644531250e+02 3.418997192382812500e+02
8.790107727050781250e+01 4.742514953613281250e+02 6.432846832275390625e+01 1.083329162597656250e+02 1.337802124023437500e+02 3.002041259765625000e+03 1.264495086669921875e+02 1.389638671875000000e+02 1.370115112304687500e+03 2.833728332519531250e+02 2.454387207031250000e+02 3.377870788574218750e+02 5.427212524414062500e+02 1.206878738403320312e+02 2.463539123535156250e+02 3.561772460937500000e+02
8.220509338378906250e+01 4.598155822753906250e+02 6.155876159667968750e+01 1.045881652832031250e+02 1.380190429687500000e+02 3.040208496093750000e+03 1.351769104003906250e+02 1.279476699829101562e+02 1.377366088867187500e+03 2.831990661621093750e+02 2.479433898925781250e+02 3.257609252929687500e+02 5.258507080078125000e+02 1.185865936279296875e+02 2.601893615722656250e+02 3.608233642578125000e+02
9.098069763183593750e+01 4.702847290039062500e+02 6.037838363647460938e+01 1.127180938720703125e+02 1.420389404296875000e+02 3.190690917968750000e+03 1.415557556152343750e+02 1.274602737426757812e+02 1.369521972656250000e+03 3.082721862792968750e+02 2.563715820312500000e+02 3.339655761718750000e+02 5.183776855468750000e+02 1.278535766601562500e+02 2.627570800781250000e+02 3.730790405273437500e+02
9.220153045654296875e+01 4.805491943359375000e+02 5.837056732177734375e+01 1.306062469482421875e+02 1.420746459960937500e+02 3.123996093750000000e+03 1.431858825683593750e+02 1.279037857055664062e+02 1.575491699218750000e+03 3.071515808105468750e+02 2.724339599609375000e+02 3.330227661132812500e+02 5.254580078125000000e+02 1.240970916748046875e+02 2.664774169921875000e+02 3.851124877929687500e+02
8.868934631347656250e+01 4.617927246093750000e+02 5.683113861083984375e+01 1.255778732299804688e+02 1.388978881835937500e+02 3.082956054687500000e+03 1.367704772949218750e+02 1.207271804809570312e+02 1.603752807617187500e+03 2.966428833007812500e+02 2.602044372558593750e+02 3.159698791503906250e+02 5.242848510742187500e+02 1.150953979492187500e+02 2.538282775878906250e+02 3.864045715332031250e+02
9.632023620605468750e+01 4.648934326171875000e+02 6.115202331542968750e+01 1.269506530761718750e+02 1.440818481445312500e+02 3.069118652343750000e+03 1.411997070312500000e+02 1.252376556396484375e+02 1.573510986328125000e+03 2.867265014648437500e+02 2.615732116699218750e+02 3.217616577148437500e+02 5.182299194335937500e+02 1.299880981445312500e+02 2.629597473144531250e+02 3.767717285156250000e+02
9.999806976318359375e+01 4.837790832519531250e+02 6.196636199951171875e+01 1.341214599609375000e+02 1.704045867919921875e+02 3.213868896484375000e+03 1.507206573486328125e+02 1.203510894775390625e+02 1.648377929687500000e+03 3.029634399414062500e+02 2.771207885742187500e+02 3.286657409667968750e+02 5.204941406250000000e+02 1.354381866455078125e+02 2.455125122070312500e+02 3.967828979492187500e+02
8.782179260253906250e+01 4.879160766601562500e+02 5.583374786376953125e+01 1.298511047363281250e+02 1.715460205078125000e+02 3.068142578125000000e+03 1.453121337890625000e+02 1.123094253540039062e+02 1.650709716796875000e+03 3.100574951171875000e+02 2.602951660156250000e+02 3.198698730468750000e+02 5.053719482421875000e+02 1.202373580932617188e+02 2.566510009765625000e+02 3.926755371093750000e+02
7.929454040527343750e+01 4.570354919433593750e+02 4.541929626464843750e+01 1.316240539550781250e+02 1.616208190917968750e+02 3.159102294921875000e+03 1.358269195556640625e+02 1.164433746337890625e+02 1.552003173828125000e+03 3.113247070312500000e+02 2.484527740478515625e+02 2.913611450195312500e+02 4.938329467773437500e+02 1.190190811157226562e+02 2.519590454101562500e+02 3.775785827636718750e+02
7.284912109375000000e+01 4.436603393554687500e+02 4.153553771972656250e+01 1.268973999023437500e+02 1.533494720458984375e+02 3.235909667968750000e+03 1.341759643554687500e+02 1.064031143188476562e+02 1.575579467773437500e+03 3.123521728515625000e+02 2.426238098144531250e+02 2.751010437011718750e+02 4.966148681640625000e+02 1.245462036132812500e+02 2.315386810302734375e+02 3.749899291992187500e+02
6.916722106933593750e+01 4.790035400390625000e+02 5.134216308593750000e+01 1.451357269287109375e+02 1.803464202880859375e+02 3.327830566406250000e+03 1.347732696533203125e+02 1.189812240600585938e+02 1.507029785156250000e+03 3.312345581054687500e+02 2.573261108398437500e+02 3.188406677246093750e+02 5.145048217773437500e+02 1.199502029418945312e+02 2.383378906250000000e+02 3.822931518554687500e+02
7.753193664550781250e+01 4.790733337402343750e+02 5.621025085449218750e+01 1.383297882080078125e+02 1.984877014160156250e+02 3.353351318359375000e+03 1.367159423828125000e+02 1.199528808593750000e+02 1.425673339843750000e+03 3.767807617187500000e+02 2.704571533203125000e+02 3.419633483886718750e+02 5.039256896972656250e+02 1.158647308349609375e+02 2.408278808593750000e+02 3.907122802734375000e+02
7.481696319580078125e+01 4.989736938476562500e+02 5.257804870605468750e+01 1.257450332641601562e+02 1.939010009765625000e+02 3.424976318359375000e+03 1.292250366210937500e+02 1.139145355224609375e+02 1.378950561523437500e+03 3.656293029785156250e+02 2.743732299804687500e+02 3.363753051757812500e+02 4.917360229492187500e+02 1.052215118408203125e+02 2.438110504150390625e+02 3.968772277832031250e+02
8.407417297363281250e+01 5.050446166992187500e+02 5.444908142089843750e+01 1.253608627319335938e+02 2.037440795898437500e+02 3.416353027343750000e+03 1.310541229248046875e+02 1.145276947021484375e+02 1.377989135742187500e+03 3.668527221679687500e+02 2.918549194335937500e+02 3.492409362792968750e+02 5.056177978515625000e+02 9.568920898437500000e+01 2.501324462890625000e+02 4.037579040527343750e+02
8.664028930664062500e+01 5.108590087890625000e+02 5.361526489257812500e+01 1.391763916015625000e+02 2.087739410400390625e+02 3.482890869140625000e+03 1.332112121582031250e+02 1.156385955810546875e+02 1.373814208984375000e+03 3.496028747558593750e+02 2.875309448242187500e+02 3.401083374023437500e+02 5.121785278320312500e+02 9.465693664550781250e+01 2.423917846679687500e+02 4.096140747070312500e+02
9.277987670898437500e+01 5.075891723632812500e+02 5.565913009643554688e+01 1.346614685058593750e+02 2.173523406982421875e+02 3.646252685546875000e+03 1.405303649902343750e+02 1.200014495849609375e+02 1.346996582031250000e+03 3.440106201171875000e+02 2.827989501953125000e+02 3.426653137207031250e+02 5.183540649414062500e+02 1.002342376708984375e+02 2.288444213867187500e+02 4.208805541992187500e+02
8.750816345214843750e+01 4.944012451171875000e+02 5.171099090576171875e+01 1.316774902343750000e+02 2.173802795410156250e+02 3.576064941406250000e+03 1.515419464111328125e+02 1.128840637207031250e+02 1.290102294921875000e+03 3.557046508789062500e+02 2.700357360839843750e+02 3.486171569824218750e+02 5.067656250000000000e+02 1.069430999755859375e+02 2.194502105712890625e+02 3.951525268554687500e+02
9.802020263671875000e+01 4.593193359375000000e+02 4.976016998291015625e+01 1.276960449218750000e+02 2.136956329345703125e+02 3.686484863281250000e+03 1.388991851806640625e+02 1.088227767944335938e+02 1.257171630859375000e+03 3.287348022460937500e+02 2.554331665039062500e+02 3.263750000000000000e+02 5.325715942382812500e+02 1.045843811035156250e+02 2.078371887207031250e+02 3.849857482910156250e+02
9.710787963867187500e+01 4.843475952148437500e+02 4.981967163085937500e+01 1.379709014892578125e+02 2.120989227294921875e+02 3.887425781250000000e+03 1.388410644531250000e+02 1.092456359863281250e+02 1.355597412109375000e+03 3.470360717773437500e+02 2.645754089355468750e+02 3.303172607421875000e+02 5.562248535156250000e+02 1.023574371337890625e+02 2.100136413574218750e+02 4.109004211425781250e+02
1.066479492187500000e+02 4.797206420898437500e+02 5.186801147460937500e+01 1.457337036132812500e+02 2.054232482910156250e+02 3.939845458984375000e+03 1.432411346435546875e+02 1.136969985961914062e+02 1.326728149414062500e+03 3.297990722656250000e+02 2.735226440429687500e+02 3.245867309570312500e+02 5.628783569335937500e+02 1.125654525756835938e+02 2.040033264160156250e+02 4.105863647460937500e+02
1.137552413940429688e+02 4.969416503906250000e+02 5.823860931396484375e+01 1.521235961914062500e+02 2.104134368896484375e+02 4.105037109375000000e+03 1.480558471679687500e+02 1.202518920898437500e+02 1.293190917968750000e+03 3.424853515625000000e+02 2.889618530273437500e+02 3.213661193847656250e+02 5.639731445312500000e+02 1.169306182861328125e+02 2.048398437500000000e+02 4.267783508300781250e+02
1.047453765869140625e+02 5.113911132812500000e+02 6.161966323852539062e+01 1.619729003906250000e+02 2.134248962402343750e+02 4.193724609375000000e+03 1.465494079589843750e+02 1.225921936035156250e+02 1.366983398437500000e+03 3.572723388671875000e+02 3.090491027832031250e+02 3.357207031250000000e+02 5.581512451171875000e+02 1.183417205810546875e+02 2.109607696533203125e+02 4.362595214843750000e+02
