1.267629165649414062e+02 4.654267272949218750e+02 5.464145278930664062e+01 1.207451477050781250e+02 1.701376037597656250e+02 3.785998779296875000e+03 1.602380676269531250e+02 1.736942901611328125e+02 1.516973754882812500e+03 3.444664611816406250e+02 2.719765014648437500e+02 4.155924682617187500e+02 5.555926513671875000e+02 1.164644165039062500e+02 2.614918823242187500e+02 3.520231933593750000e+02
1.070189971923828125e+02 4.957676391601562500e+02 5.475337219238281250e+01 1.214670562744140625e+02 1.728858642578125000e+02 3.531523193359375000e+03 1.652751159667968750e+02 1.723669281005859375e+02 1.453087036132812500e+03 3.314215087890625000e+02 3.066227416992187500e+02 4.177777709960937500e+02 5.762985839843750000e+02 1.107023010253906250e+02 2.621355285644531250e+02 3.867089233398437500e+02
9.934757232666015625e+01 5.213797607421875000e+02 5.191139984130859375e+01 1.199626770019531250e+02 1.738908691406250000e+02 3.778577148437500000e+03 1.729013519287109375e+02 1.757007141113281250e+02 1.610116455078125000e+03 3.298799438476562500e+02 3.020834350585937500e+02 4.104079589843750000e+02 5.652932739257812500e+02 1.096521606445312500e+02 2.514030303955078125e+02 3.847355957031250000e+02
1.191831054687500000e+02 5.177229003906250000e+02 4.739250946044921875e+01 1.128878631591796875e+02 1.760666809082031250e+02 3.916160156250000000e+03 1.607699279785156250e+02 1.586012878417968750e+02 1.539624755859375000e+03 3.314296569824218750e+02 2.700236816406250000e+02 4.130458984375000000e+02 5.636410522460937500e+02 1.309959411621093750e+02 2.504215393066406250e+02 3.464097900390625000e+02
1.112201538085937500e+02 5.567832031250000000e+02 4.886318206787109375e+01 1.065279998779296875e+02 1.752950439453125000e+02 4.018015136718750000e+03 1.607214813232421875e+02 1.625040130615234375e+02 1.493457397460937500e+03 4.059362487792968750e+02 3.190910034179687500e+02 4.184085693359375000e+02 5.590924072265625000e+02 1.315510711669921875e+02 2.671744689941406250e+02 3.460266113281250000e+02
9.932123565673828125e+01 5.337542724609375000e+02 4.454396438598632812e+01 1.027327423095703125e+02 1.714848175048828125e+02 3.543500488281250000e+03 1.494594726562500000e+02 1.824426879882812500e+02 1.477181640625000000e+03 4.090135498046875000e+02 3.357887573242187500e+02 4.066949157714843750e+02 5.419440917968750000e+02 1.253478012084960938e+02 2.654968261718750000e+02 3.680927734375000000e+02
9.132492065429687500e+01 5.598085937500000000e+02 4.080017089843750000e+01 9.287368774414062500e+01 1.698205871582031250e+02 3.347708496093750000e+03 1.730435943603515625e+02 1.733825683593750000e+02 1.459107666015625000e+03 4.153595886230468750e+02 3.476274414062500000e+02 4.107990722656250000e+02 5.489907226562500000e+02 1.162922973632812500e+02 2.512564392089843750e+02 3.431379699707031250e+02
8.347589874267578125e+01 5.229755249023437500e+02 4.466257095336914062e+01 7.990396118164062500e+01 1.715345306396484375e+02 3.380176757812500000e+03 1.597744750976562500e+02 1.676082153320312500e+02 1.404467895507812500e+03 3.476917724609375000e+02 3.301895141601562500e+02 4.091212158203125000e+02 5.584827270507812500e+02 1.093986663818359375e+02 2.454815826416015625e+02 3.155364990234375000e+02
7.090842437744140625e+01 4.598104553222656250e+02 4.232878875732421875e+01 6.817303466796875000e+01 1.643378753662109375e+02 3.210338867187500000e+03 1.471027832031250000e+02 1.466518402099609375e+02 1.368627685546875000e+03 3.054616699218750000e+02 2.854659729003906250e+02 3.918647460937500000e+02 5.407283935546875000e+02 1.040518188476562500e+02 2.369920806884765625e+02 3.092551574707031250e+02
7.506277465820312500e+01 4.216522827148437500e+02 3.998609924316406250e+01 6.899586486816406250e+01 1.664743804931640625e+02 3.124590820312500000e+03 1.384196319580078125e+02 1.461425476074218750e+02 1.327771972656250000e+03 2.951205444335937500e+02 2.646432189941406250e+02 3.890692138671875000e+02 5.105347290039062500e+02 9.849870300292968750e+01 2.309725646972656250e+02 2.995503845214843750e+02
6.658110046386718750e+01 4.173021850585937500e+02 4.066685867309570312e+01 6.969322204589843750e+01 1.630628814697265625e+02 2.899186767578125000e+03 1.341460113525390625e+02 1.375270233154296875e+02 1.230477783203125000e+03 3.013956604003906250e+02 2.563766479492187500e+02 3.748198242187500000e+02 5.130113525390625000e+02 9.203785705566406250e+01 2.281725921630859375e+02 3.020436096191406250e+02
6.365987396240234375e+01 4.141435546875000000e+02 2.799426269531250000e+01 6.835310363769531250e+01 1.502639770507812500e+02 2.621178222656250000e+03 1.312081604003906250e+02 1.294861450195312500e+02 1.144930419921875000e+03 3.026233520507812500e+02 2.526641235351562500e+02 3.225106506347656250e+02 4.440405883789062500e+02 9.295030975341796875e+01 2.138581390380859375e+02 3.008073120117187500e+02
6.117190551757812500e+01 3.845820617675781250e+02 1.669606399536132812e+01 5.941300964355468750e+01 1.223705673217773438e+02 2.385562011718750000e+03 1.207862701416015625e+02 1.176387634277343750e+02 1.153078613281250000e+03 2.941525268554687500e+02 2.280251312255859375e+02 3.030927734375000000e+02 3.401280517578125000e+02 8.987179565429687500e+01 1.897860412597656250e+02 2.976446533203125000e+02
6.547406005859375000e+01 3.900931091308593750e+02 1.413223266601562500e+01 6.093173217773437500e+01 1.085873413085937500e+02 2.336937500000000000e+03 1.225392456054687500e+02 1.196944580078125000e+02 1.141374877929687500e+03 2.875219116210937500e+02 2.287410888671875000e+02 2.940113525390625000e+02 3.356554565429687500e+02 9.144763183593750000e+01 1.772393341064453125e+02 3.030509643554687500e+02
6.440845489501953125e+01 3.902947692871093750e+02 1.720610427856445312e+01 6.324980163574218750e+01 1.025294342041015625e+02 2.368153320312500000e+03 1.265084991455078125e+02 1.208532485961914062e+02 1.189942871093750000e+03 2.973240966796875000e+02 2.258847045898437500e+02 2.913869628906250000e+02 3.336019287109375000e+02 9.181956481933593750e+01 1.798840789794921875e+02 3.060162963867187500e+02
6.918313598632812500e+01 4.123581542968750000e+02 2.539603805541992188e+01 6.987117004394531250e+01 1.029219970703125000e+02 2.410255859375000000e+03 1.277671508789062500e+02 1.221260070800781250e+02 1.264929687500000000e+03 3.211463317871093750e+02 2.361294555664062500e+02 2.949234924316406250e+02 3.656449279785156250e+02 1.006740264892578125e+02 1.910234069824218750e+02 3.114910278320312500e+02
7.550112915039062500e+01 4.604239501953125000e+02 3.574188232421875000e+01 8.480746459960937500e+01 1.133989410400390625e+02 2.565589111328125000e+03 1.414219970703125000e+02 1.454394226074218750e+02 1.325129882812500000e+03 3.615525512695312500e+02 2.844402465820312500e+02 3.209052734375000000e+02 4.353218383789062500e+02 1.072747039794921875e+02 1.948014526367187500e+02 3.354453125000000000e+02
7.303201293945312500e+01 4.753852844238281250e+02 3.938150405883789062e+01 9.593269348144531250e+01 1.148885269165039062e+02 2.543717285156250000e+03 1.443679046630859375e+02 1.533436126708984375e+02 1.355280883789062500e+03 3.664921264648437500e+02 2.907814941406250000e+02 3.188367309570312500e+02 4.190789184570312500e+02 1.099954681396484375e+02 1.968415374755859375e+02 3.621963500976562500e+02
8.123411560058593750e+01 4.875783691406250000e+02 4.070933532714843750e+01 1.055121459960937500e+02 1.182283706665039062e+02 2.759322753906250000e+03 1.523495330810546875e+02 1.568696441650390625e+02 1.346732055664062500e+03 3.671101074218750000e+02 3.000910949707031250e+02 3.190401000976562500e+02 4.501045532226562500e+02 1.158544311523437500e+02 2.096171264648437500e+02 3.755144653320312500e+02
8.843576049804687500e+01 4.824022216796875000e+02 3.989605712890625000e+01 1.278438949584960938e+02 1.163421707153320312e+02 3.077258789062500000e+03 1.503916168212890625e+02 1.616314086914062500e+02 1.355711059570312500e+03 3.723607177734375000e+02 3.096458129882812500e+02 3.252596130371093750e+02 4.424910278320312500e+02 1.183163604736328125e+02 2.125066528320312500e+02 3.792376098632812500e+02
9.587065124511718750e+01 4.780124206542968750e+02 3.901843261718750000e+01 1.364255065917968750e+02 1.154234390258789062e+02 3.178592773437500000e+03 1.554092407226562500e+02 1.577798461914062500e+02 1.331402099609375000e+03 3.664682922363281250e+02 3.028361816406250000e+02 3.143730468750000000e+02 4.290374145507812500e+02 1.169165420532226562e+02 2.053930511474609375e+02 3.779055786132812500e+02
9.553616333007812500e+01 4.884228515625000000e+02 4.294079208374023438e+01 1.504802551269531250e+02 1.147146682739257812e+02 3.347922363281250000e+03 1.563001556396484375e+02 1.589836730957031250e+02 1.404677978515625000e+03 3.530320434570312500e+02 3.057519531250000000e+02 3.202641601562500000e+02 4.180244140625000000e+02 1.137651214599609375e+02 1.996085052490234375e+02 3.710032958984375000e+02
9.377613830566406250e+01 4.815383300781250000e+02 4.443001556396484375e+01 1.545887756347656250e+02 1.087649230957031250e+02 2.926584960937500000e+03 1.554050903320312500e+02 1.547698974609375000e+02 1.476381347656250000e+03 3.596397705078125000e+02 2.970642700195312500e+02 2.838224182128906250e+02 5.374672241210937500e+02 1.101784362792968750e+02 1.998427124023437500e+02 3.616433715820312500e+02
1.019852447509765625e+02 4.878818664550781250e+02 5.623027801513671875e+01 1.813947753906250000e+02 1.577198791503906250e+02 4.358455566406250000e+03 1.580766601562500000e+02 1.619656219482421875e+02 1.528428955078125000e+03 4.283000183105468750e+02 3.111630249023437500e+02 3.019808044433593750e+02 7.196348876953125000e+02 1.084069671630859375e+02 2.128450164794921875e+02 3.721331787109375000e+02
7.798291015625000000e+01 4.101957397460937500e+02 4.552910614013671875e+01 1.269800720214843750e+02 1.337557220458984375e+02 4.179885253906250000e+03 1.306236877441406250e+02 1.316057739257812500e+02 1.560114257812500000e+03 4.635494995117187500e+02 2.452868041992187500e+02 3.367946166992187500e+02 6.690456542968750000e+02 9.622302246093750000e+01 2.189279479980468750e+02 3.277074584960937500e+02
6.883821105957031250e+01 3.711394042968750000e+02 3.547508621215820312e+01 9.490150451660156250e+01 1.114664611816406250e+02 3.221048583984375000e+03 1.265129318237304688e+02 1.127565841674804688e+02 1.368448120117187500e+03 4.049629821777343750e+02 2.151799316406250000e+02 2.998282775878906250e+02 5.687335205078125000e+02 8.872569274902343750e+01 1.793572692871093750e+02 2.995985107421875000e+02
6.261574554443359375e+01 3.676372375488281250e+02 3.209698867797851562e+01 8.517227172851562500e+01 8.321963500976562500e+01 2.420177001953125000e+03 1.250521011352539062e+02 1.087121047973632812e+02 1.272408203125000000e+03 3.749750976562500000e+02 2.042947082519531250e+02 2.660211181640625000e+02 5.194251098632812500e+02 8.624866485595703125e+01 1.677465820312500000e+02 2.948942871093750000e+02
6.445482635498046875e+01 3.847017211914062500e+02 3.048644638061523438e+01 8.852299499511718750e+01 1.118157730102539062e+02 2.012175048828125000e+03 1.239122848510742188e+02 1.090536041259765625e+02 1.237790405273437500e+03 3.631546325683593750e+02 2.141052398681640625e+02 2.294080657958984375e+02 5.299303588867187500e+02 8.674871063232421875e+01 1.714264221191406250e+02 3.034199218750000000e+02
6.386482238769531250e+01 4.012113037109375000e+02 3.248371124267578125e+01 9.461802673339843750e+01 1.288383483886718750e+02 2.945700683593750000e+03 1.247127685546875000e+02 1.166528701782226562e+02 1.268726806640625000e+03 3.624459838867187500e+02 2.231580047607421875e+02 2.922848205566406250e+02 6.118529663085937500e+02 9.134164428710937500e+01 1.737470855712890625e+02 3.148913879394531250e+02
6.873113250732421875e+01 4.102117004394531250e+02 3.415182495117187500e+01 9.752958679199218750e+01 1.265061264038085938e+02 3.573650146484375000e+03 1.292141418457031250e+02 1.200962677001953125e+02 1.309675048828125000e+03 3.579324340820312500e+02 2.288077697753906250e+02 3.134450378417968750e+02 6.085636596679687500e+02 9.540942382812500000e+01 1.692340850830078125e+02 3.242631835937500000e+02
6.927612304687500000e+01 4.218908996582031250e+02 3.801827621459960938e+01 1.052735900878906250e+02 1.309412384033203125e+02 3.908783935546875000e+03 1.305332489013671875e+02 1.295030517578125000e+02 1.337293334960937500e+03 3.542871704101562500e+02 2.358644104003906250e+02 3.230791015625000000e+02 6.008225708007812500e+02 9.413858032226562500e+01 1.652811889648437500e+02 3.272994689941406250e+02
6.952554321289062500e+01 4.152839355468750000e+02 4.645964813232421875e+01 1.073367614746093750e+02 1.287834014892578125e+02 3.304304931640625000e+03 1.273494720458984375e+02 1.295843200683593750e+02 1.307001708984375000e+03 3.490568847656250000e+02 2.350711212158203125e+02 3.405724792480468750e+02 6.503228759765625000e+02 9.484484863281250000e+01 1.713152618408203125e+02 3.252416992187500000e+02
7.163644409179687500e+01 4.130833129882812500e+02 5.621686553955078125e+01 1.139289703369140625e+02 1.151390686035156250e+02 2.812358398437500000e+03 1.260904159545898438e+02 1.248889160156250000e+02 1.326340087890625000e+03 3.520128173828125000e+02 2.345180053710937500e+02 3.373226928710937500e+02 6.768299560546875000e+02 9.661756134033203125e+01 1.802620544433593750e+02 3.257338562011718750e+02
8.000956726074218750e+01 4.122377319335937500e+02 6.290066909790039062e+01 1.163502807617187500e+02 9.530516052246093750e+01 3.012210937500000000e+03 1.310317993164062500e+02 1.259672393798828125e+02 1.329594482421875000e+03 3.322504577636718750e+02 2.377323150634765625e+02 3.391931152343750000e+02 6.433485107421875000e+02 9.590166473388671875e+01 1.987534027099609375e+02 3.305191650390625000e+02
8.551484680175781250e+01 4.545656738281250000e+02 6.950046539306640625e+01 1.375979614257812500e+02 1.001688079833984375e+02 3.878064453125000000e+03 1.484383392333984375e+02 1.416994628906250000e+02 1.330680175781250000e+03 3.275470886230468750e+02 2.694799499511718750e+02 3.340404663085937500e+02 5.249149169921875000e+02 9.983325195312500000e+01 2.237571563720703125e+02 3.429895019531250000e+02
8.428321838378906250e+01 4.604421386718750000e+02 6.673561859130859375e+01 1.231052246093750000e+02 1.121291351318359375e+02 3.812870605468750000e+03 1.501118469238281250e+02 1.422685394287109375e+02 1.239316894531250000e+03 3.215072631835937500e+02 2.640943603515625000e+02 2.981692810058593750e+02 4.757236328125000000e+02 9.819979858398437500e+01 2.299037475585937500e+02 3.566570434570312500e+02
9.412380981445312500e+01 4.592322387695312500e+02 7.185592651367187500e+01 1.198434448242187500e+02 1.291819458007812500e+02 4.136387695312500000e+03 1.481620025634765625e+02 1.435744934082031250e+02 1.280445068359375000e+03 3.359435119628906250e+02 2.590138549804687500e+02 3.392326660156250000e+02 5.229113159179687500e+02 1.001163635253906250e+02 2.353093719482421875e+02 3.604846801757812500e+02
9.065511322021484375e+01 4.488322143554687500e+02 6.259817886352539062e+01 1.144424285888671875e+02 1.254652099609375000e+02 3.298067626953125000e+03 1.442621612548828125e+02 1.391741485595703125e+02 1.339862060546875000e+03 3.473105468750000000e+02 2.594044189453125000e+02 3.321901855468750000e+02 4.910783081054687500e+02 9.854582214355468750e+01 2.223657684326171875e+02 3.500042724609375000e+02
7.948235321044921875e+01 4.454840698242187500e+02 6.013555526733398438e+01 1.130870513916015625e+02 1.286151123046875000e+02 3.872065673828125000e+03 1.426409301757812500e+02 1.344783935546875000e+02 1.412928710937500000e+03 3.385330505371093750e+02 2.563807983398437500e+02 3.185869750976562500e+02 4.874280700683593750e+02 1.064190673828125000e+02 2.228492431640625000e+02 3.362384948730468750e+02
8.633665466308593750e+01 4.526478576660156250e+02 7.160519409179687500e+01 1.172952423095703125e+02 1.270653839111328125e+02 3.374043212890625000e+03 1.412763671875000000e+02 1.381766967773437500e+02 1.419723632812500000e+03 3.233115844726562500e+02 2.554374084472656250e+02 3.135954284667968750e+02 5.744859619140625000e+02 1.206305084228515625e+02 2.304013214111328125e+02 3.370118408203125000e+02
9.399726867675781250e+01 4.836934204101562500e+02 8.217339324951171875e+01 1.283065338134765625e+02 1.298676605224609375e+02 3.100025878906250000e+03 1.401478576660156250e+02 1.480810546875000000e+02 1.395381103515625000e+03 3.193474121093750000e+02 2.735487976074218750e+02 3.364958190917968750e+02 5.723997802734375000e+02 1.278588638305664062e+02 2.475820159912109375e+02 3.562961730957031250e+02
8.681019592285156250e+01 4.682877502441406250e+02 7.544275665283203125e+01 1.230719451904296875e+02 1.319856414794921875e+02 3.659733886718750000e+03 1.478045959472656250e+02 1.379213104248046875e+02 1.405446533203125000e+03 3.168632507324218750e+02 2.715023193359375000e+02 3.287486877441406250e+02 4.852940979003906250e+02 1.234874725341796875e+02 2.544709472656250000e+02 3.645393676757812500e+02
9.707480621337890625e+01 4.835703735351562500e+02 6.749152374267578125e+01 1.302302246093750000e+02 1.304966125488281250e+02 3.958175048828125000e+03 1.522277526855468750e+02 1.407618408203125000e+02 1.413082763671875000e+03 3.358305969238281250e+02 2.766864624023437500e+02 3.261739807128906250e+02 5.340822753906250000e+02 1.370409851074218750e+02 2.519829101562500000e+02 3.815623168945312500e+02
9.690597534179687500e+01 4.878436889648437500e+02 5.480123138427734375e+01 1.473305816650390625e+02 1.306782531738281250e+02 3.279847167968750000e+03 1.507934570312500000e+02 1.393804168701171875e+02 1.630166381835937500e+03 3.287585449218750000e+02 2.897655029296875000e+02 3.331408691406250000e+02 5.448838500976562500e+02 1.250499572753906250e+02 2.544410705566406250e+02 3.955706481933593750e+02
9.100310516357421875e+01 4.642561645507812500e+02 4.909153747558593750e+01 1.378911437988281250e+02 1.301835632324218750e+02 2.941702880859375000e+03 1.432106628417968750e+02 1.337897644042968750e+02 1.522361572265625000e+03 3.203558044433593750e+02 2.722158813476562500e+02 3.113879699707031250e+02 5.480555419921875000e+02 1.196148986816406250e+02 2.383172607421875000e+02 3.847550659179687500e+02
1.039653930664062500e+02 4.706935424804687500e+02 5.395352554321289062e+01 1.351950988769531250e+02 1.359886169433593750e+02 3.777770996093750000e+03 1.491732177734375000e+02 1.388192138671875000e+02 1.436394287109375000e+03 3.150574645996093750e+02 2.733794555664062500e+02 3.179444580078125000e+02 5.402985839843750000e+02 1.396837005615234375e+02 2.575890197753906250e+02 3.746520080566406250e+02
1.057639007568359375e+02 5.092153015136718750e+02 4.792882537841796875e+01 1.457179107666015625e+02 1.423820495605468750e+02 4.073102050781250000e+03 1.661261291503906250e+02 1.357643737792968750e+02 1.556075805664062500e+03 3.352337951660156250e+02 2.985680541992187500e+02 3.319768981933593750e+02 5.387617187500000000e+02 1.394750366210937500e+02 2.323270416259765625e+02 4.019841003417968750e+02
9.370762634277343750e+01 5.104656372070312500e+02 4.219497680664062500e+01 1.372109375000000000e+02 1.432011108398437500e+02 3.373548828125000000e+03 1.525789031982421875e+02 1.327417907714843750e+02 1.569620971679687500e+03 3.286724548339843750e+02 2.710960083007812500e+02 3.236555175781250000e+02 5.223225097656250000e+02 1.270910034179687500e+02 2.554338378906250000e+02 3.838937988281250000e+02
8.936869812011718750e+01 4.642093811035156250e+02 3.918859100341796875e+01 1.392388916015625000e+02 1.418026733398437500e+02 4.019935791015625000e+03 1.441672973632812500e+02 1.360820617675781250e+02 1.428880493164062500e+03 3.243677368164062500e+02 2.622001953125000000e+02 3.173715209960937500e+02 5.065139465332031250e+02 1.249496002197265625e+02 2.356739349365234375e+02 3.754508972167968750e+02
8.418821716308593750e+01 4.580762329101562500e+02 4.000089645385742188e+01 1.317340087890625000e+02 1.431370086669921875e+02 4.001205810546875000e+03 1.443206787109375000e+02 1.313502044677734375e+02 1.479055664062500000e+03 3.302670898437500000e+02 2.606590576171875000e+02 3.071544799804687500e+02 4.950636901855468750e+02 1.284094085693359375e+02 2.287227172851562500e+02 3.836212768554687500e+02
8.111691284179687500e+01 5.515225830078125000e+02 6.108567810058593750e+01 1.821277465820312500e+02 1.630157928466796875e+02 3.342691894531250000e+03 1.446550445556640625e+02 1.438917236328125000e+02 1.403299316406250000e+03 3.724890747070312500e+02 2.858470764160156250e+02 3.419662170410156250e+02 5.048158569335937500e+02 1.221797561645507812e+02 2.349720306396484375e+02 4.039820861816406250e+02
9.934098052978515625e+01 5.420812988281250000e+02 6.301820373535156250e+01 1.627813110351562500e+02 1.696755371093750000e+02 3.818978515625000000e+03 1.465065765380859375e+02 1.393911590576171875e+02 1.382565307617187500e+03 4.363711853027343750e+02 3.152156677246093750e+02 3.802626342773437500e+02 5.107028808593750000e+02 1.181590652465820312e+02 2.459719085693359375e+02 4.120980224609375000e+02
9.087030029296875000e+01 5.835445556640625000e+02 5.191956329345703125e+01 1.404690246582031250e+02 1.717741394042968750e+02 4.370439941406250000e+03 1.408472290039062500e+02 1.360333251953125000e+02 1.374708251953125000e+03 4.030256958007812500e+02 3.151767272949218750e+02 3.796667480468750000e+02 5.317878417968750000e+02 1.115198516845703125e+02 2.457301635742187500e+02 4.074297485351562500e+02
1.121307754516601562e+02 5.842843627929687500e+02 5.490763854980468750e+01 1.436920166015625000e+02 1.752999572753906250e+02 4.128986328125000000e+03 1.446001586914062500e+02 1.356952667236328125e+02 1.418026733398437500e+03 4.122862548828125000e+02 3.561626281738281250e+02 3.995382080078125000e+02 5.469763183593750000e+02 1.077729568481445312e+02 2.616087646484375000e+02 4.134166564941406250e+02
1.140585021972656250e+02 5.787548828125000000e+02 5.458315658569335938e+01 1.920179901123046875e+02 1.741898803710937500e+02 3.804517089843750000e+03 1.469322204589843750e+02 1.349114227294921875e+02 1.438678710937500000e+03 3.803222961425781250e+02 3.378526916503906250e+02 3.864148559570312500e+02 5.510382080078125000e+02 1.072013015747070312e+02 2.511527557373046875e+02 4.190398864746093750e+02
1.206203918457031250e+02 5.597903442382812500e+02 5.745191955566406250e+01 1.781373596191406250e+02 1.758388366699218750e+02 4.298476562500000000e+03 1.640360107421875000e+02 1.394756774902343750e+02 1.403516113281250000e+03 3.668879394531250000e+02 3.174458007812500000e+02 3.984868164062500000e+02 5.465335083007812500e+02 1.172742538452148438e+02 2.496383361816406250e+02 4.448564758300781250e+02
