8.681378936767578125e+01 4.361763916015625000e+02 7.361655426025390625e+01 8.768507385253906250e+01 1.324258422851562500e+02 3.017343261718750000e+03 1.565660858154296875e+02 1.504890289306640625e+02 1.526484863281250000e+03 3.174411621093750000e+02 2.440035552978515625e+02 3.558734741210937500e+02 6.110085449218750000e+02 1.312368469238281250e+02 2.399027709960937500e+02 3.175635375976562500e+02
8.997494506835937500e+01 4.391506958007812500e+02 7.306520843505859375e+01 8.852861022949218750e+01 1.333883972167968750e+02 3.031366210937500000e+03 1.578511047363281250e+02 1.543610076904296875e+02 1.525975708007812500e+03 3.062484741210937500e+02 2.496316528320312500e+02 3.579815673828125000e+02 6.119434814453125000e+02 1.253871002197265625e+02 2.544882354736328125e+02 3.201155395507812500e+02
8.900570678710937500e+01 4.431645202636718750e+02 6.895500946044921875e+01 8.793945312500000000e+01 1.343531188964843750e+02 2.973095703125000000e+03 1.582864837646484375e+02 1.521206207275390625e+02 1.539479003906250000e+03 2.988551635742187500e+02 2.529890136718750000e+02 3.578466796875000000e+02 6.102979125976562500e+02 1.196356887817382812e+02 2.727334594726562500e+02 3.227369995117187500e+02
8.926487731933593750e+01 4.418150024414062500e+02 6.348213577270507812e+01 8.738999938964843750e+01 1.352613830566406250e+02 2.833926757812500000e+03 1.549094696044921875e+02 1.444310455322265625e+02 1.488312255859375000e+03 2.941333923339843750e+02 2.516725158691406250e+02 3.574975891113281250e+02 6.164841918945312500e+02 1.150713806152343750e+02 2.845323791503906250e+02 3.213678283691406250e+02
8.935414123535156250e+01 4.466726379394531250e+02 6.090896987915039062e+01 9.103752136230468750e+01 1.363044891357421875e+02 2.781237792968750000e+03 1.487783203125000000e+02 1.448612670898437500e+02 1.446115600585937500e+03 2.969555664062500000e+02 2.564679260253906250e+02 3.586136474609375000e+02 6.145419311523437500e+02 1.109611434936523438e+02 2.944396667480468750e+02 3.228231506347656250e+02
8.221127319335937500e+01 4.471933593750000000e+02 5.495252227783203125e+01 9.433541870117187500e+01 1.363382568359375000e+02 2.682179199218750000e+03 1.453214111328125000e+02 1.466969909667968750e+02 1.434496093750000000e+03 2.989188842773437500e+02 2.569984741210937500e+02 3.577079467773437500e+02 6.094382324218750000e+02 1.106583786010742188e+02 2.945340270996093750e+02 3.241663208007812500e+02
7.437875366210937500e+01 4.355666503906250000e+02 4.630152130126953125e+01 8.636434936523437500e+01 1.359969177246093750e+02 2.639324218750000000e+03 1.422083282470703125e+02 1.413839569091796875e+02 1.367461914062500000e+03 2.957407226562500000e+02 2.487287597656250000e+02 3.564254760742187500e+02 6.039517822265625000e+02 1.016650390625000000e+02 2.937868652343750000e+02 3.151230468750000000e+02
6.768565368652343750e+01 4.165959472656250000e+02 4.082225799560546875e+01 7.737985229492187500e+01 1.369965972900390625e+02 2.651664794921875000e+03 1.348663330078125000e+02 1.348323669433593750e+02 1.308519165039062500e+03 2.888722839355468750e+02 2.373062744140625000e+02 3.561812438964843750e+02 5.972443847656250000e+02 9.605642700195312500e+01 2.671360168457031250e+02 3.022302856445312500e+02
6.283084106445312500e+01 4.029338989257812500e+02 3.394375610351562500e+01 7.209384155273437500e+01 1.356453247070312500e+02 2.629846435546875000e+03 1.308221435546875000e+02 1.282993164062500000e+02 1.313668945312500000e+03 2.836870727539062500e+02 2.314778137207031250e+02 3.523354187011718750e+02 5.860377197265625000e+02 9.238949584960937500e+01 2.524221801757812500e+02 2.983224487304687500e+02
6.315412139892578125e+01 3.950481567382812500e+02 2.726877593994140625e+01 7.093051147460937500e+01 1.349988403320312500e+02 2.667830078125000000e+03 1.285605468750000000e+02 1.264399108886718750e+02 1.260306884765625000e+03 2.837946777343750000e+02 2.297478790283203125e+02 3.513953552246093750e+02 5.782136840820312500e+02 9.022227478027343750e+01 2.387258758544921875e+02 2.930990600585937500e+02
6.252946472167968750e+01 3.972195434570312500e+02 2.933603286743164062e+01 7.221731567382812500e+01 1.365991516113281250e+02 2.682256347656250000e+03 1.278026733398437500e+02 1.263546218872070312e+02 1.221707763671875000e+03 2.875162353515625000e+02 2.334566802978515625e+02 3.524953613281250000e+02 5.854441528320312500e+02 8.943737792968750000e+01 2.331415710449218750e+02 2.944313964843750000e+02
6.593846893310546875e+01 4.185687866210937500e+02 3.251659393310546875e+01 8.054464721679687500e+01 1.374788818359375000e+02 2.673198730468750000e+03 1.316982116699218750e+02 1.320107421875000000e+02 1.253635864257812500e+03 2.993681640625000000e+02 2.493952178955078125e+02 3.538106689453125000e+02 5.972091064453125000e+02 9.332130432128906250e+01 2.295963134765625000e+02 3.036453247070312500e+02
7.100891113281250000e+01 4.406638793945312500e+02 3.548131561279296875e+01 9.277267456054687500e+01 1.388657073974609375e+02 2.722744873046875000e+03 1.363489074707031250e+02 1.376345520019531250e+02 1.327039062500000000e+03 3.128001708984375000e+02 2.673627929687500000e+02 3.549848327636718750e+02 6.093670654296875000e+02 9.807131958007812500e+01 2.353366088867187500e+02 3.182636108398437500e+02
7.590861511230468750e+01 4.599577026367187500e+02 3.889242172241210938e+01 1.021327972412109375e+02 1.393095550537109375e+02 2.773599121093750000e+03 1.407821960449218750e+02 1.434995727539062500e+02 1.326605590820312500e+03 3.196826782226562500e+02 2.823653564453125000e+02 3.560588989257812500e+02 6.149088134765625000e+02 1.019994964599609375e+02 2.289559326171875000e+02 3.292625427246093750e+02
7.809520721435546875e+01 4.677981567382812500e+02 4.093449401855468750e+01 1.084886169433593750e+02 1.398682250976562500e+02 2.811098632812500000e+03 1.445149230957031250e+02 1.470082397460937500e+02 1.371787231445312500e+03 3.310668945312500000e+02 2.890688781738281250e+02 3.561439208984375000e+02 6.180092773437500000e+02 1.051373901367187500e+02 2.236532592773437500e+02 3.374439697265625000e+02
8.021839904785156250e+01 4.742995605468750000e+02 4.260034942626953125e+01 1.129136352539062500e+02 1.397173461914062500e+02 2.872224121093750000e+03 1.452279968261718750e+02 1.468910522460937500e+02 1.324778930664062500e+03 3.416322937011718750e+02 2.957887573242187500e+02 3.555510559082031250e+02 6.214142456054687500e+02 1.088736343383789062e+02 2.217444763183593750e+02 3.435681152343750000e+02
8.237463378906250000e+01 4.829383544921875000e+02 4.607192230224609375e+01 1.179055786132812500e+02 1.401439361572265625e+02 2.957429931640625000e+03 1.487338409423828125e+02 1.531575927734375000e+02 1.318530029296875000e+03 3.527382812500000000e+02 3.083763427734375000e+02 3.573887939453125000e+02 6.196458740234375000e+02 1.101616058349609375e+02 2.186589355468750000e+02 3.522744445800781250e+02
8.296960449218750000e+01 4.849428100585937500e+02 4.756275177001953125e+01 1.213584747314453125e+02 1.400304260253906250e+02 2.994000000000000000e+03 1.504508972167968750e+02 1.545077972412109375e+02 1.327801147460937500e+03 3.563710632324218750e+02 3.077166748046875000e+02 3.576188659667968750e+02 6.180607910156250000e+02 1.109890594482421875e+02 2.145812683105468750e+02 3.600901794433593750e+02
8.485099792480468750e+01 4.894341430664062500e+02 4.927123260498046875e+01 1.241909179687500000e+02 1.406421508789062500e+02 3.024744628906250000e+03 1.516013183593750000e+02 1.549117736816406250e+02 1.323504638671875000e+03 3.592042236328125000e+02 3.099725952148437500e+02 3.580252075195312500e+02 6.218140869140625000e+02 1.133650054931640625e+02 2.206238861083984375e+02 3.677220458984375000e+02
8.621159362792968750e+01 4.842584533691406250e+02 5.035223770141601562e+01 1.286202392578125000e+02 1.411857910156250000e+02 3.065312744140625000e+03 1.499353179931640625e+02 1.565324554443359375e+02 1.324308105468750000e+03 3.609830322265625000e+02 3.094841308593750000e+02 3.587090454101562500e+02 6.201007690429687500e+02 1.155025024414062500e+02 2.215759887695312500e+02 3.765059204101562500e+02
8.949002075195312500e+01 4.804132995605468750e+02 4.934950256347656250e+01 1.318254241943359375e+02 1.410557861328125000e+02 3.090958740234375000e+03 1.515713653564453125e+02 1.554243316650390625e+02 1.308160888671875000e+03 3.614147949218750000e+02 3.040974121093750000e+02 3.579107971191406250e+02 6.092848510742187500e+02 1.164906158447265625e+02 2.264247283935546875e+02 3.847154235839843750e+02
9.129651641845703125e+01 4.822397766113281250e+02 5.165282440185546875e+01 1.368849487304687500e+02 1.410877990722656250e+02 3.109027343750000000e+03 1.516829833984375000e+02 1.572005920410156250e+02 1.329195800781250000e+03 3.569385986328125000e+02 3.047495727539062500e+02 3.586702270507812500e+02 5.898371582031250000e+02 1.160041580200195312e+02 2.238025054931640625e+02 3.868910522460937500e+02
7.037524414062500000e+01 3.955185241699218750e+02 3.036014938354492188e+01 8.817488098144531250e+01 1.145270309448242188e+02 2.855761718750000000e+03 1.276253662109375000e+02 1.239712371826171875e+02 1.156073608398437500e+03 3.036613159179687500e+02 2.395321502685546875e+02 3.105592651367187500e+02 4.997007141113281250e+02 9.616361999511718750e+01 1.934357452392578125e+02 3.358500671386718750e+02
6.872904968261718750e+01 3.859962158203125000e+02 2.701389312744140625e+01 8.656428527832031250e+01 1.177508773803710938e+02 2.815364990234375000e+03 1.257778320312500000e+02 1.208079757690429688e+02 1.148474121093750000e+03 3.138345336914062500e+02 2.314815979003906250e+02 3.078197631835937500e+02 5.102503051757812500e+02 9.417243957519531250e+01 1.884284515380859375e+02 3.279279174804687500e+02
6.951631927490234375e+01 3.906767883300781250e+02 2.748153305053710938e+01 9.055195617675781250e+01 1.242893447875976562e+02 2.907752441406250000e+03 1.261833648681640625e+02 1.230048446655273438e+02 1.160098022460937500e+03 3.273905639648437500e+02 2.326217651367187500e+02 3.205168762207031250e+02 5.378336181640625000e+02 9.460771942138671875e+01 1.924050750732421875e+02 3.313682861328125000e+02
7.011132812500000000e+01 3.918233947753906250e+02 2.702194213867187500e+01 9.347799682617187500e+01 1.277538604736328125e+02 2.938633300781250000e+03 1.287687530517578125e+02 1.227500000000000000e+02 1.153181884765625000e+03 3.332290344238281250e+02 2.330724792480468750e+02 3.269039916992187500e+02 5.616770019531250000e+02 9.467831420898437500e+01 1.863644104003906250e+02 3.283440246582031250e+02
6.809790039062500000e+01 3.934049987792968750e+02 2.597644424438476562e+01 9.453526306152343750e+01 1.308394775390625000e+02 2.989573486328125000e+03 1.297648315429687500e+02 1.220370178222656250e+02 1.154612304687500000e+03 3.292850646972656250e+02 2.312560272216796875e+02 3.306922607421875000e+02 5.686788330078125000e+02 9.376436614990234375e+01 1.852929077148437500e+02 3.277248535156250000e+02
6.767912292480468750e+01 3.960388793945312500e+02 2.465797424316406250e+01 9.369082641601562500e+01 1.333489685058593750e+02 3.037610839843750000e+03 1.280467224121093750e+02 1.198075103759765625e+02 1.153216918945312500e+03 3.306740722656250000e+02 2.320810699462890625e+02 3.391897888183593750e+02 5.803043212890625000e+02 9.257325744628906250e+01 1.841633911132812500e+02 3.290825195312500000e+02
6.310879516601562500e+01 3.857402343750000000e+02 2.318071365356445312e+01 8.489675903320312500e+01 1.329043884277343750e+02 3.083236328125000000e+03 1.236931076049804688e+02 1.163964920043945312e+02 1.151682128906250000e+03 3.303204956054687500e+02 2.221490783691406250e+02 3.419081115722656250e+02 5.820406494140625000e+02 9.085765075683593750e+01 1.789623260498046875e+02 3.267230224609375000e+02
5.878714752197265625e+01 3.686519775390625000e+02 1.843764877319335938e+01 7.201107788085937500e+01 1.294813232421875000e+02 3.095260742187500000e+03 1.185384979248046875e+02 1.085868530273437500e+02 1.121601806640625000e+03 3.105368041992187500e+02 2.082433013916015625e+02 3.353782653808593750e+02 5.650813598632812500e+02 8.795770263671875000e+01 1.702008666992187500e+02 3.187383117675781250e+02
5.513331604003906250e+01 3.627406921386718750e+02 1.659957504272460938e+01 6.679055786132812500e+01 1.287701416015625000e+02 3.113450439453125000e+03 1.137857131958007812e+02 1.081978454589843750e+02 1.095866943359375000e+03 3.005114135742187500e+02 2.022781372070312500e+02 3.345824584960937500e+02 5.568834228515625000e+02 8.468313598632812500e+01 1.600755310058593750e+02 3.103132019042968750e+02
5.270312500000000000e+01 3.539694824218750000e+02 1.757451629638671875e+01 6.366714477539062500e+01 1.268082046508789062e+02 3.060797851562500000e+03 1.085895690917968750e+02 1.055674057006835938e+02 1.060812011718750000e+03 2.948702392578125000e+02 1.960779418945312500e+02 3.309547729492187500e+02 5.456235351562500000e+02 8.267805480957031250e+01 1.538940734863281250e+02 3.023887023925781250e+02
5.074018859863281250e+01 3.496063842773437500e+02 1.964091110229492188e+01 6.316445922851562500e+01 1.230565795898437500e+02 3.092602539062500000e+03 1.037832946777343750e+02 1.020099639892578125e+02 1.050926147460937500e+03 2.947472534179687500e+02 1.913775329589843750e+02 3.274782409667968750e+02 5.387788696289062500e+02 8.179222106933593750e+01 1.521583251953125000e+02 2.990881042480468750e+02
5.106047821044921875e+01 3.450717468261718750e+02 2.197153854370117188e+01 6.113296508789062500e+01 1.193319473266601562e+02 3.130230468750000000e+03 1.025258636474609375e+02 1.004247436523437500e+02 1.049241210937500000e+03 2.945175170898437500e+02 1.876220703125000000e+02 3.273351745605468750e+02 5.370307617187500000e+02 8.038233947753906250e+01 1.570155029296875000e+02 3.019498901367187500e+02
5.166071319580078125e+01 3.485063781738281250e+02 2.479850387573242188e+01 6.036492919921875000e+01 1.194606475830078125e+02 3.257510742187500000e+03 1.075303649902343750e+02 1.008821258544921875e+02 1.060574707031250000e+03 3.001160583496093750e+02 1.876262054443359375e+02 3.249302062988281250e+02 5.430321655273437500e+02 7.988017272949218750e+01 1.684070739746093750e+02 3.074560546875000000e+02
5.385828399658203125e+01 3.578587341308593750e+02 3.033629608154296875e+01 6.343495178222656250e+01 1.208336181640625000e+02 3.403574218750000000e+03 1.113219680786132812e+02 1.025217285156250000e+02 1.070920654296875000e+03 3.071052246093750000e+02 1.892625579833984375e+02 3.308103942871093750e+02 5.430502929687500000e+02 7.943382263183593750e+01 1.799967651367187500e+02 3.198619079589843750e+02
5.889984893798828125e+01 3.770165100097656250e+02 3.459065246582031250e+01 7.013958740234375000e+01 1.209408874511718750e+02 3.507084228515625000e+03 1.134512710571289062e+02 1.072123947143554688e+02 1.088481201171875000e+03 2.954937133789062500e+02 1.961479644775390625e+02 3.317900390625000000e+02 5.455294189453125000e+02 8.183425140380859375e+01 1.846300659179687500e+02 3.310462646484375000e+02
6.157644653320312500e+01 3.813209838867187500e+02 3.555198669433593750e+01 7.024243164062500000e+01 1.208239746093750000e+02 3.445028320312500000e+03 1.153227844238281250e+02 1.074156723022460938e+02 1.111897216796875000e+03 2.933995361328125000e+02 1.988300628662109375e+02 3.313125610351562500e+02 5.516592407226562500e+02 8.195234680175781250e+01 1.808671112060546875e+02 3.319805297851562500e+02
6.037428283691406250e+01 3.907776794433593750e+02 3.963496398925781250e+01 7.134335327148437500e+01 1.218257522583007812e+02 3.463808837890625000e+03 1.161928253173828125e+02 1.090397872924804688e+02 1.162112670898437500e+03 2.945167236328125000e+02 2.015498199462890625e+02 3.294040527343750000e+02 5.564783935546875000e+02 8.467358398437500000e+01 1.821453857421875000e+02 3.333036499023437500e+02
6.466832733154296875e+01 3.999927978515625000e+02 4.509053802490234375e+01 7.306382751464843750e+01 1.223355178833007812e+02 3.483842529296875000e+03 1.170105972290039062e+02 1.115562133789062500e+02 1.194795532226562500e+03 3.023776855468750000e+02 2.038971405029296875e+02 3.319288940429687500e+02 5.632315673828125000e+02 8.955094909667968750e+01 1.920783386230468750e+02 3.332905883789062500e+02
6.859983825683593750e+01 4.104740600585937500e+02 4.911522674560546875e+01 7.606250000000000000e+01 1.232680206298828125e+02 3.551288085937500000e+03 1.182206344604492188e+02 1.173048477172851562e+02 1.210992919921875000e+03 2.925954589843750000e+02 2.071033325195312500e+02 3.351679687500000000e+02 5.649598999023437500e+02 9.534388732910156250e+01 2.062538146972656250e+02 3.321527099609375000e+02
7.238947296142578125e+01 4.148749389648437500e+02 4.948602676391601562e+01 7.883096313476562500e+01 1.244277420043945312e+02 3.561322265625000000e+03 1.212187576293945312e+02 1.163820419311523438e+02 1.211265136718750000e+03 2.828933105468750000e+02 2.113753967285156250e+02 3.346062622070312500e+02 5.645159301757812500e+02 9.705456542968750000e+01 2.245687255859375000e+02 3.304575805664062500e+02
7.504151916503906250e+01 4.225520324707031250e+02 5.033488464355468750e+01 8.635356140136718750e+01 1.254746932983398438e+02 3.570493896484375000e+03 1.234482727050781250e+02 1.194845809936523438e+02 1.213684448242187500e+03 2.938705444335937500e+02 2.174130096435546875e+02 3.370921936035156250e+02 5.680590820312500000e+02 1.012127914428710938e+02 2.421035766601562500e+02 3.324420166015625000e+02
7.781428527832031250e+01 4.248701782226562500e+02 4.990390777587890625e+01 9.245817565917968750e+01 1.258947525024414062e+02 3.542926757812500000e+03 1.257259826660156250e+02 1.170459823608398438e+02 1.269427734375000000e+03 2.924364013671875000e+02 2.238106842041015625e+02 3.372277221679687500e+02 5.746160278320312500e+02 1.039249877929687500e+02 2.580871582031250000e+02 3.366039428710937500e+02
7.909771728515625000e+01 4.306094970703125000e+02 4.894010925292968750e+01 9.621540832519531250e+01 1.260910186767578125e+02 3.559901855468750000e+03 1.285990905761718750e+02 1.169045562744140625e+02 1.318760620117187500e+03 2.905884704589843750e+02 2.275908355712890625e+02 3.349364013671875000e+02 5.806770019531250000e+02 1.034779663085937500e+02 2.618988952636718750e+02 3.391261901855468750e+02
8.174945068359375000e+01 4.354359741210937500e+02 5.006819152832031250e+01 9.659881591796875000e+01 1.274680023193359375e+02 3.495399658203125000e+03 1.336048278808593750e+02 1.201704711914062500e+02 1.336522338867187500e+03 2.802098999023437500e+02 2.316223297119140625e+02 3.359707641601562500e+02 5.846343994140625000e+02 1.078322601318359375e+02 2.709403381347656250e+02 3.390759887695312500e+02
8.243804931640625000e+01 4.436887817382812500e+02 5.068447113037109375e+01 9.990791320800781250e+01 1.313892211914062500e+02 3.531447509765625000e+03 1.370995178222656250e+02 1.202666091918945312e+02 1.430074951171875000e+03 2.859379882812500000e+02 2.388283691406250000e+02 3.375845947265625000e+02 5.898829956054687500e+02 1.137163619995117188e+02 2.683479614257812500e+02 3.438344116210937500e+02
8.170281982421875000e+01 4.439407958984375000e+02 4.832292938232421875e+01 9.947567749023437500e+01 1.321894683837890625e+02 3.462526855468750000e+03 1.347050018310546875e+02 1.165294113159179688e+02 1.456878417968750000e+03 2.876570129394531250e+02 2.352318725585937500e+02 3.370574951171875000e+02 5.918597412109375000e+02 1.133201217651367188e+02 2.706838989257812500e+02 3.456981811523437500e+02
8.017736816406250000e+01 4.375955810546875000e+02 4.428433990478515625e+01 1.004471740722656250e+02 1.311520690917968750e+02 3.455086669921875000e+03 1.314319458007812500e+02 1.157400436401367188e+02 1.513218750000000000e+03 2.884629516601562500e+02 2.330480194091796875e+02 3.320985717773437500e+02 5.948562011718750000e+02 1.152220916748046875e+02 2.742766723632812500e+02 3.428549194335937500e+02
7.701086425781250000e+01 4.323213500976562500e+02 4.231908035278320312e+01 1.009787750244140625e+02 1.303430328369140625e+02 3.400087646484375000e+03 1.304343261718750000e+02 1.123133239746093750e+02 1.558583984375000000e+03 2.863865356445312500e+02 2.333227386474609375e+02 3.292583312988281250e+02 6.006223144531250000e+02 1.198034820556640625e+02 2.741594848632812500e+02 3.432273559570312500e+02
7.401796722412109375e+01 4.415552062988281250e+02 4.788401031494140625e+01 1.076792449951171875e+02 1.341421051025390625e+02 3.433901855468750000e+03 1.312052459716796875e+02 1.142826766967773438e+02 1.538016357421875000e+03 2.897477416992187500e+02 2.363860778808593750e+02 3.362304077148437500e+02 6.068876953125000000e+02 1.239765548706054688e+02 2.815718994140625000e+02 3.497505187988281250e+02
7.754772949218750000e+01 4.476201477050781250e+02 5.175284194946289062e+01 1.104046325683593750e+02 1.373143005371093750e+02 3.396482177734375000e+03 1.319255676269531250e+02 1.156164321899414062e+02 1.480040283203125000e+03 3.002136840820312500e+02 2.411955566406250000e+02 3.420583190917968750e+02 6.083801269531250000e+02 1.239230575561523438e+02 2.855885314941406250e+02 3.626698913574218750e+02
