9.646719360351562500e+01 4.341623229980468750e+02 5.735167694091796875e+01 9.884777832031250000e+01 1.364716491699218750e+02 2.874936523437500000e+03 1.470218048095703125e+02 1.510825347900390625e+02 1.541491577148437500e+03 3.202165527343750000e+02 2.514435577392578125e+02 3.691225585937500000e+02 5.201447753906250000e+02 1.110481491088867188e+02 2.479108276367187500e+02 3.267052307128906250e+02
8.455960083007812500e+01 4.469397888183593750e+02 5.547480773925781250e+01 1.011524505615234375e+02 1.399506225585937500e+02 2.918147949218750000e+03 1.493109130859375000e+02 1.508958129882812500e+02 1.494345947265625000e+03 3.084251403808593750e+02 2.644185180664062500e+02 3.756438293457031250e+02 5.153512573242187500e+02 1.009587478637695312e+02 2.569459228515625000e+02 3.375435180664062500e+02
7.900588226318359375e+01 4.584487304687500000e+02 5.168999099731445312e+01 1.052818756103515625e+02 1.456638488769531250e+02 3.001316894531250000e+03 1.536810302734375000e+02 1.541599578857421875e+02 1.585687866210937500e+03 3.134992065429687500e+02 2.650688476562500000e+02 3.725810546875000000e+02 5.021276855468750000e+02 9.343540191650390625e+01 2.579438171386718750e+02 3.400343627929687500e+02
9.973767852783203125e+01 4.819810180664062500e+02 5.036061096191406250e+01 1.138304595947265625e+02 1.517816925048828125e+02 3.002509277343750000e+03 1.542720794677734375e+02 1.529407501220703125e+02 1.589549072265625000e+03 3.290389404296875000e+02 2.694478759765625000e+02 3.738124389648437500e+02 5.574726562500000000e+02 1.118784484863281250e+02 2.608123779296875000e+02 3.384290161132812500e+02
9.581838989257812500e+01 5.044741821289062500e+02 5.334878921508789062e+01 1.149948730468750000e+02 1.555624084472656250e+02 3.262875000000000000e+03 1.584717559814453125e+02 1.591430053710937500e+02 1.546065063476562500e+03 3.574972534179687500e+02 2.941245117187500000e+02 3.812275085449218750e+02 5.426230468750000000e+02 1.151673736572265625e+02 2.663087463378906250e+02 3.459259643554687500e+02
8.308674621582031250e+01 5.007755737304687500e+02 5.264516448974609375e+01 1.191275939941406250e+02 1.552342529296875000e+02 3.189658691406250000e+03 1.541100158691406250e+02 1.688965606689453125e+02 1.544592773437500000e+03 3.620724182128906250e+02 3.013090209960937500e+02 3.763294067382812500e+02 5.441721801757812500e+02 1.150335693359375000e+02 2.580940551757812500e+02 3.582138977050781250e+02
8.323460388183593750e+01 5.291521606445312500e+02 5.113385391235351562e+01 1.208893127441406250e+02 1.573636322021484375e+02 3.172175781250000000e+03 1.723263854980468750e+02 1.706584625244140625e+02 1.528253906250000000e+03 3.819034729003906250e+02 3.184503784179687500e+02 3.790873718261718750e+02 5.703322143554687500e+02 1.147775421142578125e+02 2.650738525390625000e+02 3.575818786621093750e+02
8.871551513671875000e+01 5.349136962890625000e+02 5.578957366943359375e+01 1.286366577148437500e+02 1.652794189453125000e+02 3.312089599609375000e+03 1.639397277832031250e+02 1.751539154052734375e+02 1.541163574218750000e+03 3.740696411132812500e+02 3.335280761718750000e+02 3.823901672363281250e+02 5.949005126953125000e+02 1.152236862182617188e+02 2.372577056884765625e+02 3.565631408691406250e+02
8.617767333984375000e+01 5.282999267578125000e+02 5.276643753051757812e+01 1.267825546264648438e+02 1.590953063964843750e+02 3.132670410156250000e+03 1.694454345703125000e+02 1.642250671386718750e+02 1.536189453125000000e+03 3.632735290527343750e+02 3.300639343261718750e+02 3.739589843750000000e+02 5.847436523437500000e+02 1.152907485961914062e+02 2.360038299560546875e+02 3.608479309082031250e+02
9.311315917968750000e+01 5.225963745117187500e+02 5.204949188232421875e+01 1.285343933105468750e+02 1.585383911132812500e+02 3.252707031250000000e+03 1.634318084716796875e+02 1.723952026367187500e+02 1.495956298828125000e+03 3.544314270019531250e+02 3.342046508789062500e+02 3.798458251953125000e+02 5.605798339843750000e+02 1.149760894775390625e+02 2.308123779296875000e+02 3.543276977539062500e+02
8.720801544189453125e+01 5.259120483398437500e+02 5.556134033203125000e+01 1.241913757324218750e+02 1.604522399902343750e+02 3.294025634765625000e+03 1.608229675292968750e+02 1.698682556152343750e+02 1.448553222656250000e+03 3.579927368164062500e+02 3.321816406250000000e+02 3.760662536621093750e+02 5.722692871093750000e+02 1.101922836303710938e+02 2.335586547851562500e+02 3.584995117187500000e+02
8.201828002929687500e+01 5.170541992187500000e+02 5.031594848632812500e+01 1.224070587158203125e+02 1.563038024902343750e+02 3.142004882812500000e+03 1.577503204345703125e+02 1.634505615234375000e+02 1.410694824218750000e+03 3.642729492187500000e+02 3.313160095214843750e+02 3.684135131835937500e+02 5.565557250976562500e+02 1.130100326538085938e+02 2.241601867675781250e+02 3.545500183105468750e+02
8.419084167480468750e+01 5.094912719726562500e+02 4.738980102539062500e+01 1.196067962646484375e+02 1.585029907226562500e+02 3.023806640625000000e+03 1.524201965332031250e+02 1.595517272949218750e+02 1.410437988281250000e+03 3.645532531738281250e+02 3.246338806152343750e+02 3.640946655273437500e+02 5.415815429687500000e+02 1.142183303833007812e+02 2.376267395019531250e+02 3.662044982910156250e+02
9.504603576660156250e+01 5.094091491699218750e+02 4.957582092285156250e+01 1.198509826660156250e+02 1.535347595214843750e+02 3.052022705078125000e+03 1.521118164062500000e+02 1.633504943847656250e+02 1.371671508789062500e+03 3.462803955078125000e+02 3.202613525390625000e+02 3.606651000976562500e+02 5.326298217773437500e+02 1.163433303833007812e+02 2.231707000732421875e+02 3.702661437988281250e+02
8.849435424804687500e+01 4.973106689453125000e+02 4.975804138183593750e+01 1.211329650878906250e+02 1.520522766113281250e+02 3.058236083984375000e+03 1.561082153320312500e+02 1.615791320800781250e+02 1.361778320312500000e+03 3.626883544921875000e+02 3.134563903808593750e+02 3.489119873046875000e+02 5.050538940429687500e+02 1.152436218261718750e+02 2.237529296875000000e+02 3.743418579101562500e+02
8.462341308593750000e+01 4.863162841796875000e+02 4.575926971435546875e+01 1.145634002685546875e+02 1.437897033691406250e+02 3.041575683593750000e+03 1.469882812500000000e+02 1.488561859130859375e+02 1.295492919921875000e+03 3.683613586425781250e+02 3.028403930664062500e+02 3.319472961425781250e+02 4.857323913574218750e+02 1.140574645996093750e+02 2.185450134277343750e+02 3.667513427734375000e+02
8.147557067871093750e+01 4.586840820312500000e+02 4.092366027832031250e+01 9.599085998535156250e+01 1.410613250732421875e+02 2.857289550781250000e+03 1.422714233398437500e+02 1.473384094238281250e+02 1.271130371093750000e+03 3.541721496582031250e+02 2.856049804687500000e+02 3.337666320800781250e+02 4.603668212890625000e+02 1.099995727539062500e+02 2.047794799804687500e+02 3.541062011718750000e+02
6.739396667480468750e+01 4.182791442871093750e+02 3.322649383544921875e+01 7.390673828125000000e+01 1.223666458129882812e+02 2.656782226562500000e+03 1.310799255371093750e+02 1.291792449951171875e+02 1.217591430664062500e+03 3.356738281250000000e+02 2.500932617187500000e+02 3.044311828613281250e+02 4.043996582031250000e+02 1.008656616210937500e+02 1.930337219238281250e+02 3.436618652343750000e+02
6.254243469238281250e+01 3.924017944335937500e+02 2.776680374145507812e+01 6.306416320800781250e+01 1.169284973144531250e+02 2.618621093750000000e+03 1.205209579467773438e+02 1.224853363037109375e+02 1.152465454101562500e+03 3.150313720703125000e+02 2.357097320556640625e+02 2.844436645507812500e+02 3.991356201171875000e+02 1.010860748291015625e+02 1.959839782714843750e+02 3.425308227539062500e+02
6.268160247802734375e+01 3.801972656250000000e+02 2.620199966430664062e+01 7.083592224121093750e+01 1.132618713378906250e+02 2.749263671875000000e+03 1.178685379028320312e+02 1.261318969726562500e+02 1.167102539062500000e+03 3.223205871582031250e+02 2.430714263916015625e+02 2.839298400878906250e+02 4.026496582031250000e+02 1.038853912353515625e+02 2.000756225585937500e+02 3.488432312011718750e+02
7.596049499511718750e+01 3.846247253417968750e+02 2.794805526733398438e+01 7.997117614746093750e+01 1.072882843017578125e+02 2.889130371093750000e+03 1.252997055053710938e+02 1.250429153442382812e+02 1.141004028320312500e+03 3.187753295898437500e+02 2.414646606445312500e+02 2.761975708007812500e+02 4.024106140136718750e+02 1.048688049316406250e+02 1.963056488037109375e+02 3.565371704101562500e+02
7.825285339355468750e+01 4.045142822265625000e+02 3.682932281494140625e+01 9.585171508789062500e+01 1.046304016113281250e+02 2.994349121093750000e+03 1.281548461914062500e+02 1.309491271972656250e+02 1.261803710937500000e+03 2.951961059570312500e+02 2.535042114257812500e+02 2.805781555175781250e+02 3.914212341308593750e+02 1.017912979125976562e+02 1.908112182617187500e+02 3.518906860351562500e+02
1.057291641235351562e+02 4.949388122558593750e+02 6.670237731933593750e+01 1.662663726806640625e+02 1.347546997070312500e+02 3.649383056640625000e+03 1.581082916259765625e+02 1.652032623291015625e+02 1.461938720703125000e+03 3.609252624511718750e+02 3.242483520507812500e+02 3.208038024902343750e+02 5.419989624023437500e+02 1.174794769287109375e+02 2.322610168457031250e+02 4.084088439941406250e+02
1.023668823242187500e+02 4.788574218750000000e+02 6.599002838134765625e+01 1.659783630371093750e+02 1.395816802978515625e+02 3.413629150390625000e+03 1.537493286132812500e+02 1.621800537109375000e+02 1.455869995117187500e+03 4.104555053710937500e+02 3.138018188476562500e+02 3.178491210937500000e+02 5.710935668945312500e+02 1.132005920410156250e+02 2.350901641845703125e+02 3.975268554687500000e+02
8.947749328613281250e+01 4.459040527343750000e+02 5.337670135498046875e+01 1.400208435058593750e+02 1.396714172363281250e+02 3.477568359375000000e+03 1.371492614746093750e+02 1.506906433105468750e+02 1.391414184570312500e+03 3.996981811523437500e+02 2.843102111816406250e+02 3.338701171875000000e+02 5.627797851562500000e+02 1.082712326049804688e+02 2.257664642333984375e+02 3.762772216796875000e+02
7.829711914062500000e+01 3.950238342285156250e+02 3.870909881591796875e+01 1.133219146728515625e+02 1.287483825683593750e+02 3.294953857421875000e+03 1.328835449218750000e+02 1.278835601806640625e+02 1.258008544921875000e+03 3.724315185546875000e+02 2.486645202636718750e+02 3.148300170898437500e+02 5.252194213867187500e+02 9.917017364501953125e+01 2.050811462402343750e+02 3.407469482421875000e+02
6.618811035156250000e+01 3.837255859375000000e+02 3.304674530029296875e+01 1.012203063964843750e+02 1.286832275390625000e+02 3.150585937500000000e+03 1.285528869628906250e+02 1.195077819824218750e+02 1.239253295898437500e+03 3.309922180175781250e+02 2.270036163330078125e+02 3.029356079101562500e+02 4.815737304687500000e+02 9.246166992187500000e+01 1.922997283935546875e+02 3.293450927734375000e+02
6.814172363281250000e+01 4.008752441406250000e+02 3.070148849487304688e+01 1.016746368408203125e+02 1.349528961181640625e+02 3.354059082031250000e+03 1.228374938964843750e+02 1.145901031494140625e+02 1.253582885742187500e+03 3.538200073242187500e+02 2.383922271728515625e+02 3.236943664550781250e+02 4.795451660156250000e+02 8.983853149414062500e+01 1.949574279785156250e+02 3.348617553710937500e+02
6.178325653076171875e+01 4.047668151855468750e+02 3.200742340087890625e+01 9.749719238281250000e+01 1.355535278320312500e+02 3.310285644531250000e+03 1.216571655273437500e+02 1.206410446166992188e+02 1.290768310546875000e+03 3.692964782714843750e+02 2.311999206542968750e+02 3.277083435058593750e+02 4.848205261230468750e+02 9.390442657470703125e+01 1.884818572998046875e+02 3.381239624023437500e+02
6.535755920410156250e+01 3.972998046875000000e+02 2.756501388549804688e+01 8.629612731933593750e+01 1.351858062744140625e+02 3.149330566406250000e+03 1.236849365234375000e+02 1.144936599731445312e+02 1.275791381835937500e+03 3.344963684082031250e+02 2.231823577880859375e+02 3.167879333496093750e+02 4.609402770996093750e+02 9.415000152587890625e+01 1.744079284667968750e+02 3.339071350097656250e+02
5.654405212402343750e+01 3.841667785644531250e+02 2.333307647705078125e+01 7.850190734863281250e+01 1.426540222167968750e+02 3.041939453125000000e+03 1.137281570434570312e+02 1.174680404663085938e+02 1.226897338867187500e+03 3.217113952636718750e+02 2.110752105712890625e+02 3.288439941406250000e+02 4.627244567871093750e+02 8.284580993652343750e+01 1.558605346679687500e+02 3.145437011718750000e+02
4.866558837890625000e+01 3.423892211914062500e+02 1.766867446899414062e+01 5.885833740234375000e+01 1.351518554687500000e+02 2.767746582031250000e+03 9.797945404052734375e+01 1.034722595214843750e+02 1.097549316406250000e+03 3.012685546875000000e+02 1.851319122314453125e+02 3.150767211914062500e+02 4.544191894531250000e+02 8.074557495117187500e+01 1.576305541992187500e+02 2.954646606445312500e+02
4.580006408691406250e+01 3.318669433593750000e+02 1.472772598266601562e+01 5.940393066406250000e+01 1.246271133422851562e+02 2.850732910156250000e+03 9.235350799560546875e+01 9.273349761962890625e+01 1.124177978515625000e+03 3.075537414550781250e+02 1.760109405517578125e+02 3.115954589843750000e+02 4.626053161621093750e+02 8.161383056640625000e+01 1.587721252441406250e+02 2.891502685546875000e+02
5.531601715087890625e+01 3.234645690917968750e+02 1.529564666748046875e+01 5.366546630859375000e+01 1.170548629760742188e+02 2.831823730468750000e+03 9.864512634277343750e+01 9.220610046386718750e+01 1.077567871093750000e+03 2.808717041015625000e+02 1.695119781494140625e+02 3.118195495605468750e+02 4.702074279785156250e+02 7.810662841796875000e+01 1.654404602050781250e+02 2.918276367187500000e+02
5.266953277587890625e+01 3.522200317382812500e+02 2.266617965698242188e+01 6.000947570800781250e+01 1.267723388671875000e+02 3.117371582031250000e+03 1.114465484619140625e+02 1.001063003540039062e+02 1.219065673828125000e+03 2.964354858398437500e+02 1.840185089111328125e+02 3.114909057617187500e+02 5.073295288085937500e+02 7.749839782714843750e+01 1.825316619873046875e+02 2.922897949218750000e+02
6.612113189697265625e+01 3.943728027343750000e+02 3.791131973266601562e+01 7.840628051757812500e+01 1.280451660156250000e+02 3.096736328125000000e+03 1.245315093994140625e+02 1.148883895874023438e+02 1.124498779296875000e+03 2.846868896484375000e+02 2.077159729003906250e+02 3.381431884765625000e+02 5.144872436523437500e+02 8.029214477539062500e+01 1.941151123046875000e+02 3.320047912597656250e+02
7.560099792480468750e+01 3.917503356933593750e+02 3.827709960937500000e+01 7.284414672851562500e+01 1.241423721313476562e+02 3.041997070312500000e+03 1.230820770263671875e+02 1.151562500000000000e+02 1.157952148437500000e+03 2.966856689453125000e+02 1.993426666259765625e+02 3.322362670898437500e+02 5.176540527343750000e+02 8.211422729492187500e+01 1.902848205566406250e+02 3.370714721679687500e+02
7.252432250976562500e+01 3.820641174316406250e+02 3.372272491455078125e+01 6.594201660156250000e+01 1.227057647705078125e+02 2.886796875000000000e+03 1.183038177490234375e+02 1.111001281738281250e+02 1.214795410156250000e+03 3.058672485351562500e+02 2.011831970214843750e+02 3.296568603515625000e+02 5.401719970703125000e+02 7.980394744873046875e+01 1.786391296386718750e+02 3.253592224121093750e+02
5.668663024902343750e+01 3.793758544921875000e+02 3.690895080566406250e+01 6.312767028808593750e+01 1.247731094360351562e+02 3.054797851562500000e+03 1.169277648925781250e+02 1.051526489257812500e+02 1.280977905273437500e+03 2.968906555175781250e+02 1.971720581054687500e+02 3.167764587402343750e+02 5.387585449218750000e+02 8.936277008056640625e+01 1.801836242675781250e+02 3.100438842773437500e+02
6.488282775878906250e+01 3.819584045410156250e+02 4.747935104370117188e+01 6.520387268066406250e+01 1.231571655273437500e+02 3.169088378906250000e+03 1.153831863403320312e+02 1.094484024047851562e+02 1.265430175781250000e+03 2.719159545898437500e+02 1.907475738525390625e+02 3.263275146484375000e+02 5.455067138671875000e+02 1.011635513305664062e+02 2.031788635253906250e+02 3.081098632812500000e+02
7.279420471191406250e+01 4.107253417968750000e+02 5.140612030029296875e+01 7.541786193847656250e+01 1.247617568969726562e+02 3.253304199218750000e+03 1.142063980102539062e+02 1.181464157104492188e+02 1.243973632812500000e+03 2.588639221191406250e+02 2.111332702636718750e+02 3.339142150878906250e+02 5.349235839843750000e+02 1.064452743530273438e+02 2.287392425537109375e+02 3.228515014648437500e+02
6.652984619140625000e+01 3.956736755371093750e+02 4.958094024658203125e+01 7.085562133789062500e+01 1.266767807006835938e+02 3.293264160156250000e+03 1.218954620361328125e+02 1.077547760009765625e+02 1.263584594726562500e+03 2.617319946289062500e+02 2.103444976806640625e+02 3.198791198730468750e+02 5.224653320312500000e+02 1.033428421020507812e+02 2.456763000488281250e+02 3.258212280273437500e+02
7.639524841308593750e+01 4.104011840820312500e+02 5.021719360351562500e+01 8.008680725097656250e+01 1.282335052490234375e+02 3.475492675781250000e+03 1.267046966552734375e+02 1.097899246215820312e+02 1.280537841796875000e+03 2.849248657226562500e+02 2.183119506835937500e+02 3.279570617675781250e+02 5.210961914062500000e+02 1.138706665039062500e+02 2.541062774658203125e+02 3.381311645507812500e+02
7.810798645019531250e+01 4.245786743164062500e+02 4.994170379638671875e+01 9.872108459472656250e+01 1.276853408813476562e+02 3.476076660156250000e+03 1.277370223999023438e+02 1.119671630859375000e+02 1.518419799804687500e+03 2.810877685546875000e+02 2.350860900878906250e+02 3.261496887207031250e+02 5.311230468750000000e+02 1.104542694091796875e+02 2.638948364257812500e+02 3.514978027343750000e+02
7.673416900634765625e+01 4.148003845214843750e+02 4.959495544433593750e+01 9.691935729980468750e+01 1.254281539916992188e+02 3.482598632812500000e+03 1.240514907836914062e+02 1.084260559082031250e+02 1.542079833984375000e+03 2.751184692382812500e+02 2.274709167480468750e+02 3.120487670898437500e+02 5.319138793945312500e+02 1.036213607788085938e+02 2.548847656250000000e+02 3.553856201171875000e+02
8.619462585449218750e+01 4.263824462890625000e+02 5.427800750732421875e+01 1.017282257080078125e+02 1.299734802246093750e+02 3.303887451171875000e+03 1.316099700927734375e+02 1.157885742187500000e+02 1.529110839843750000e+03 2.697062988281250000e+02 2.345328216552734375e+02 3.195680236816406250e+02 5.269688720703125000e+02 1.213922348022460938e+02 2.672768859863281250e+02 3.479587402343750000e+02
8.986623382568359375e+01 4.492125854492187500e+02 5.364106750488281250e+01 1.115216979980468750e+02 1.479818420410156250e+02 3.538774902343750000e+03 1.418123626708984375e+02 1.129660491943359375e+02 1.621952148437500000e+03 2.885206909179687500e+02 2.530145721435546875e+02 3.249559326171875000e+02 5.310522460937500000e+02 1.267255554199218750e+02 2.494874114990234375e+02 3.714295043945312500e+02
7.859373474121093750e+01 4.537786254882812500e+02 4.491018295288085938e+01 1.090065002441406250e+02 1.438377075195312500e+02 3.483333251953125000e+03 1.363583984375000000e+02 1.079713058471679688e+02 1.641925659179687500e+03 2.965107421875000000e+02 2.381687774658203125e+02 3.161682434082031250e+02 5.171536254882812500e+02 1.106742706298828125e+02 2.630273742675781250e+02 3.665930786132812500e+02
7.324142456054687500e+01 4.268184814453125000e+02 3.423986053466796875e+01 1.132554016113281250e+02 1.347870483398437500e+02 3.489914794921875000e+03 1.292984619140625000e+02 1.141168212890625000e+02 1.518898559570312500e+03 3.043884887695312500e+02 2.321020202636718750e+02 2.905995178222656250e+02 5.089053344726562500e+02 1.113356628417968750e+02 2.571635131835937500e+02 3.531291198730468750e+02
6.921321105957031250e+01 4.214108581542968750e+02 3.208270263671875000e+01 1.106412811279296875e+02 1.295811157226562500e+02 3.464630859375000000e+03 1.301726074218750000e+02 1.061688156127929688e+02 1.562660400390625000e+03 3.096478576660156250e+02 2.316017303466796875e+02 2.807754516601562500e+02 5.176022949218750000e+02 1.177331085205078125e+02 2.355960998535156250e+02 3.539709777832031250e+02
6.750262451171875000e+01 4.605558166503906250e+02 4.297026824951171875e+01 1.307459106445312500e+02 1.518372650146484375e+02 3.718114501953125000e+03 1.321441497802734375e+02 1.198764266967773438e+02 1.491239868164062500e+03 3.266253051757812500e+02 2.482686920166015625e+02 3.260982971191406250e+02 5.339223632812500000e+02 1.122194824218750000e+02 2.469799346923828125e+02 3.634772949218750000e+02
7.700424957275390625e+01 4.582707214355468750e+02 4.718003845214843750e+01 1.234516754150390625e+02 1.604806823730468750e+02 3.623872558593750000e+03 1.346642456054687500e+02 1.200540008544921875e+02 1.409988525390625000e+03 3.746893920898437500e+02 2.605245971679687500e+02 3.424132995605468750e+02 5.196712646484375000e+02 1.094390106201171875e+02 2.489012298583984375e+02 3.722060546875000000e+02
7.373364257812500000e+01 4.797220458984375000e+02 4.334570693969726562e+01 1.137162475585937500e+02 1.523327026367187500e+02 3.600410888671875000e+03 1.284794921875000000e+02 1.151602783203125000e+02 1.370535034179687500e+03 3.559881286621093750e+02 2.638541564941406250e+02 3.337241210937500000e+02 5.100333862304687500e+02 1.012617416381835938e+02 2.508622894287109375e+02 3.780366821289062500e+02
8.324797058105468750e+01 4.848010253906250000e+02 4.650249099731445312e+01 1.172643737792968750e+02 1.605315246582031250e+02 3.646903320312500000e+03 1.321374511718750000e+02 1.182431793212890625e+02 1.375039184570312500e+03 3.555374145507812500e+02 2.819919128417968750e+02 3.466308593750000000e+02 5.315115966796875000e+02 9.501077270507812500e+01 2.550061187744140625e+02 3.861864624023437500e+02
8.620144653320312500e+01 4.962424621582031250e+02 4.705323791503906250e+01 1.362815246582031250e+02 1.655422058105468750e+02 3.815322753906250000e+03 1.362768249511718750e+02 1.217773818969726562e+02 1.379482666015625000e+03 3.441029663085937500e+02 2.793846435546875000e+02 3.397280578613281250e+02 5.457358398437500000e+02 9.704447174072265625e+01 2.411299743652343750e+02 3.952286682128906250e+02
9.644483184814453125e+01 5.108057861328125000e+02 5.426391220092773438e+01 1.418220367431640625e+02 1.714240570068359375e+02 4.030093505859375000e+03 1.490127868652343750e+02 1.334243164062500000e+02 1.389405273437500000e+03 3.550788879394531250e+02 2.883157958984375000e+02 3.500777282714843750e+02 5.690152587890625000e+02 1.065800323486328125e+02 2.273220825195312500e+02 4.186712341308593750e+02
9.103581237792968750e+01 5.029556884765625000e+02 5.108539199829101562e+01 1.425993041992187500e+02 1.686115112304687500e+02 4.169199218750000000e+03 1.614327087402343750e+02 1.290288696289062500e+02 1.336875488281250000e+03 3.735016174316406250e+02 2.806322021484375000e+02 3.539833374023437500e+02 5.568419189453125000e+02 1.136293411254882812e+02 2.181397552490234375e+02 3.919947204589843750e+02
1.024833831787109375e+02 4.661243286132812500e+02 4.819271087646484375e+01 1.377062377929687500e+02 1.645039825439453125e+02 4.193453125000000000e+03 1.455895996093750000e+02 1.265282821655273438e+02 1.310838867187500000e+03 3.426135559082031250e+02 2.672111816406250000e+02 3.258147583007812500e+02 5.805107421875000000e+02 1.089322509765625000e+02 2.041599121093750000e+02 3.812877197265625000e+02
9.709237670898437500e+01 4.869042968750000000e+02 4.605682373046875000e+01 1.420836639404296875e+02 1.636184082031250000e+02 4.630665527343750000e+03 1.446929016113281250e+02 1.264477539062500000e+02 1.404529418945312500e+03 3.571670532226562500e+02 2.725100708007812500e+02 3.321791076660156250e+02 5.956199951171875000e+02 1.044428100585937500e+02 2.059032592773437500e+02 4.056011352539062500e+02
1.053010864257812500e+02 4.700864868164062500e+02 4.635660934448242188e+01 1.425939178466796875e+02 1.584272918701171875e+02 4.667756835937500000e+03 1.480431823730468750e+02 1.275942230224609375e+02 1.344362792968750000e+03 3.308871459960937500e+02 2.755783691406250000e+02 3.253140563964843750e+02 5.911298217773437500e+02 1.143815841674804688e+02 1.967560119628906250e+02 3.977517700195312500e+02
1.098232040405273438e+02 4.846080322265625000e+02 5.186209869384765625e+01 1.449363250732421875e+02 1.649049072265625000e+02 4.636475585937500000e+03 1.508063964843750000e+02 1.305268859863281250e+02 1.292133544921875000e+03 3.440481872558593750e+02 2.867003173828125000e+02 3.202698974609375000e+02 5.843187255859375000e+02 1.157508163452148438e+02 1.982909393310546875e+02 4.119425659179687500e+02
