1.248891906738281250e+02 6.007399291992187500e+02 9.698181915283203125e+01 1.856383972167968750e+02 1.519497222900390625e+02 3.935743652343750000e+03 2.045552825927734375e+02 2.077494354248046875e+02 1.778403564453125000e+03 4.126999511718750000e+02 3.645823059082031250e+02 3.824152221679687500e+02 6.093115844726562500e+02 1.549417114257812500e+02 2.677130737304687500e+02 4.098454895019531250e+02
1.253464889526367188e+02 5.943865356445312500e+02 9.502490997314453125e+01 1.840859680175781250e+02 1.524815368652343750e+02 3.907199462890625000e+03 2.003361968994140625e+02 2.067014312744140625e+02 1.762449462890625000e+03 4.032051086425781250e+02 3.630602111816406250e+02 3.863623046875000000e+02 6.008386230468750000e+02 1.489042205810546875e+02 2.731692199707031250e+02 4.084422302246093750e+02
1.211133804321289062e+02 5.854860229492187500e+02 9.119700622558593750e+01 1.797498168945312500e+02 1.529255523681640625e+02 3.829687500000000000e+03 1.958117065429687500e+02 2.029223175048828125e+02 1.751185058593750000e+03 3.929255371093750000e+02 3.565131530761718750e+02 3.866941528320312500e+02 5.884479370117187500e+02 1.408079376220703125e+02 2.786357116699218750e+02 4.043954772949218750e+02
1.181734924316406250e+02 5.719385986328125000e+02 8.609172821044921875e+01 1.722956237792968750e+02 1.527603149414062500e+02 3.718791992187500000e+03 1.902949066162109375e+02 1.967478942871093750e+02 1.721574829101562500e+03 3.822749938964843750e+02 3.443365783691406250e+02 3.852479248046875000e+02 5.816264648437500000e+02 1.343096923828125000e+02 2.800440063476562500e+02 3.960511779785156250e+02
1.153393249511718750e+02 5.621167602539062500e+02 8.133638000488281250e+01 1.632444458007812500e+02 1.531446380615234375e+02 3.647443603515625000e+03 1.835734863281250000e+02 1.919101104736328125e+02 1.683756225585937500e+03 3.770232238769531250e+02 3.362232360839843750e+02 3.845934143066406250e+02 5.710424804687500000e+02 1.290952148437500000e+02 2.803458557128906250e+02 3.885870361328125000e+02
1.082190628051757812e+02 5.508471679687500000e+02 7.504387664794921875e+01 1.525027923583984375e+02 1.528621826171875000e+02 3.551751708984375000e+03 1.767606353759765625e+02 1.877284851074218750e+02 1.648795288085937500e+03 3.731684265136718750e+02 3.278780212402343750e+02 3.824613037109375000e+02 5.543817138671875000e+02 1.256554641723632812e+02 2.782783508300781250e+02 3.816197204589843750e+02
1.002984008789062500e+02 5.380844726562500000e+02 6.793165588378906250e+01 1.401132812500000000e+02 1.518698120117187500e+02 3.464957519531250000e+03 1.722325897216796875e+02 1.819230041503906250e+02 1.601955932617187500e+03 3.686056823730468750e+02 3.202063598632812500e+02 3.789448242187500000e+02 5.401534423828125000e+02 1.198594665527343750e+02 2.734397277832031250e+02 3.729551696777343750e+02
9.377793884277343750e+01 5.253461914062500000e+02 6.269136047363281250e+01 1.289838104248046875e+02 1.518438415527343750e+02 3.386881103515625000e+03 1.670852813720703125e+02 1.769644317626953125e+02 1.554534790039062500e+03 3.607322998046875000e+02 3.133626403808593750e+02 3.762140502929687500e+02 5.312406616210937500e+02 1.157332763671875000e+02 2.607745056152343750e+02 3.631272888183593750e+02
8.734975433349609375e+01 5.106008911132812500e+02 5.624161148071289062e+01 1.187452545166015625e+02 1.514011535644531250e+02 3.321140625000000000e+03 1.619242401123046875e+02 1.700559082031250000e+02 1.516780029296875000e+03 3.506522827148437500e+02 3.073728332519531250e+02 3.721452636718750000e+02 5.175694580078125000e+02 1.117096557617187500e+02 2.501441955566406250e+02 3.567486877441406250e+02
8.474301147460937500e+01 4.983092651367187500e+02 5.005358123779296875e+01 1.111955261230468750e+02 1.503274841308593750e+02 3.289603027343750000e+03 1.583987274169921875e+02 1.645237121582031250e+02 1.464977172851562500e+03 3.454169006347656250e+02 3.025169677734375000e+02 3.688710632324218750e+02 5.037623901367187500e+02 1.084554901123046875e+02 2.395957489013671875e+02 3.474872436523437500e+02
8.152213287353515625e+01 4.906189575195312500e+02 4.746894073486328125e+01 1.057526397705078125e+02 1.503226013183593750e+02 3.268198486328125000e+03 1.548373870849609375e+02 1.596854400634765625e+02 1.418411132812500000e+03 3.400246276855468750e+02 2.998065795898437500e+02 3.641329650878906250e+02 4.946487121582031250e+02 1.055157775878906250e+02 2.317506256103515625e+02 3.414654235839843750e+02
8.104673767089843750e+01 4.911179199218750000e+02 4.543740844726562500e+01 1.042660217285156250e+02 1.499012603759765625e+02 3.244227050781250000e+03 1.528191680908203125e+02 1.573783874511718750e+02 1.397470581054687500e+03 3.407373046875000000e+02 3.011237182617187500e+02 3.606053161621093750e+02 4.905624389648437500e+02 1.049522094726562500e+02 2.249849853515625000e+02 3.400864868164062500e+02
8.063093566894531250e+01 4.958333740234375000e+02 4.496669006347656250e+01 1.059122619628906250e+02 1.507239990234375000e+02 3.252256347656250000e+03 1.521975097656250000e+02 1.571738281250000000e+02 1.400178466796875000e+03 3.449816284179687500e+02 3.067165527343750000e+02 3.571599121093750000e+02 4.933018188476562500e+02 1.066543960571289062e+02 2.243284149169921875e+02 3.443411560058593750e+02
8.203841400146484375e+01 5.064421386718750000e+02 4.683264160156250000e+01 1.106349487304687500e+02 1.506140136718750000e+02 3.271233398437500000e+03 1.542885131835937500e+02 1.601227111816406250e+02 1.393250732421875000e+03 3.503304443359375000e+02 3.156841430664062500e+02 3.539853515625000000e+02 4.919982299804687500e+02 1.094852066040039062e+02 2.219706420898437500e+02 3.518889770507812500e+02
8.580615997314453125e+01 5.158492431640625000e+02 4.943962097167968750e+01 1.172917175292968750e+02 1.502911224365234375e+02 3.300749755859375000e+03 1.571596374511718750e+02 1.640487823486328125e+02 1.405326293945312500e+03 3.612183227539062500e+02 3.234491882324218750e+02 3.494364013671875000e+02 4.941742858886718750e+02 1.137656173706054688e+02 2.219613189697265625e+02 3.605131225585937500e+02
8.969013977050781250e+01 5.259332275390625000e+02 5.236625671386718750e+01 1.248874740600585938e+02 1.489046630859375000e+02 3.332361328125000000e+03 1.591801147460937500e+02 1.666191711425781250e+02 1.397974365234375000e+03 3.733665466308593750e+02 3.325804748535156250e+02 3.453144226074218750e+02 4.996615600585937500e+02 1.188002395629882812e+02 2.242584228515625000e+02 3.701763916015625000e+02
9.235833740234375000e+01 5.378242187500000000e+02 5.636894989013671875e+01 1.346385498046875000e+02 1.477638244628906250e+02 3.402368164062500000e+03 1.634464416503906250e+02 1.726119232177734375e+02 1.414202148437500000e+03 3.866238403320312500e+02 3.443910522460937500e+02 3.440519409179687500e+02 4.964257507324218750e+02 1.212443847656250000e+02 2.267337493896484375e+02 3.829579467773437500e+02
9.596909332275390625e+01 5.478449707031250000e+02 6.010161590576171875e+01 1.450054931640625000e+02 1.459347229003906250e+02 3.444260253906250000e+03 1.671694946289062500e+02 1.768700866699218750e+02 1.441526000976562500e+03 3.968274230957031250e+02 3.509701538085937500e+02 3.410755004882812500e+02 5.013529052734375000e+02 1.241017379760742188e+02 2.292388000488281250e+02 3.957493286132812500e+02
1.010045013427734375e+02 5.599909667968750000e+02 6.413685607910156250e+01 1.548918762207031250e+02 1.451575164794921875e+02 3.510626464843750000e+03 1.709175872802734375e+02 1.805964355468750000e+02 1.466155029296875000e+03 4.072980041503906250e+02 3.589809570312500000e+02 3.394974975585937500e+02 5.077741699218750000e+02 1.281940917968750000e+02 2.359554748535156250e+02 4.090306701660156250e+02
1.049238357543945312e+02 5.656646728515625000e+02 6.785729980468750000e+01 1.658253936767578125e+02 1.445325775146484375e+02 3.579679199218750000e+03 1.713806457519531250e+02 1.855214385986328125e+02 1.494494873046875000e+03 4.159868774414062500e+02 3.666184082031250000e+02 3.376813964843750000e+02 5.093529663085937500e+02 1.325615692138671875e+02 2.411766967773437500e+02 4.237456970214843750e+02
1.095782852172851562e+02 5.712336425781250000e+02 7.032759857177734375e+01 1.757219543457031250e+02 1.422944946289062500e+02 3.636812255859375000e+03 1.748968505859375000e+02 1.890153656005859375e+02 1.512327026367187500e+03 4.254964294433593750e+02 3.716030273437500000e+02 3.340059509277343750e+02 5.075441284179687500e+02 1.363604736328125000e+02 2.480776519775390625e+02 4.375256347656250000e+02
1.146655273437500000e+02 5.800960083007812500e+02 7.433149719238281250e+01 1.872620544433593750e+02 1.410252685546875000e+02 3.699000488281250000e+03 1.772238311767578125e+02 1.944556579589843750e+02 1.548080566406250000e+03 4.302641906738281250e+02 3.791026916503906250e+02 3.330223388671875000e+02 5.078134765625000000e+02 1.389676818847656250e+02 2.508059082031250000e+02 4.475961914062500000e+02
1.039090118408203125e+02 5.211885375976562500e+02 6.564352416992187500e+01 1.626722106933593750e+02 1.280945434570312500e+02 3.608902587890625000e+03 1.621166076660156250e+02 1.726984863281250000e+02 1.494239257812500000e+03 4.022940673828125000e+02 3.376782836914062500e+02 2.999774475097656250e+02 4.937728271484375000e+02 1.256865692138671875e+02 2.366587524414062500e+02 4.169862976074218750e+02
9.125717163085937500e+01 4.553555297851562500e+02 5.345807647705078125e+01 1.313701629638671875e+02 1.153475570678710938e+02 3.456935546875000000e+03 1.443979644775390625e+02 1.496723632812500000e+02 1.424825927734375000e+03 3.764670104980468750e+02 2.915552978515625000e+02 2.693467102050781250e+02 4.730732421875000000e+02 1.120011749267578125e+02 2.198309936523437500e+02 3.804564208984375000e+02
8.470487976074218750e+01 4.204966735839843750e+02 4.741017150878906250e+01 1.158683624267578125e+02 1.084768981933593750e+02 3.435759765625000000e+03 1.339003143310546875e+02 1.381728820800781250e+02 1.395586791992187500e+03 3.667377624511718750e+02 2.657410278320312500e+02 2.560982666015625000e+02 4.710562438964843750e+02 1.040473403930664062e+02 2.123480377197265625e+02 3.615313415527343750e+02
8.228337860107421875e+01 4.064342651367187500e+02 4.530958557128906250e+01 1.131346740722656250e+02 1.044611053466796875e+02 3.424742187500000000e+03 1.314386444091796875e+02 1.335079650878906250e+02 1.382312255859375000e+03 3.679846496582031250e+02 2.561508483886718750e+02 2.520637817382812500e+02 4.797581787109375000e+02 1.008709793090820312e+02 2.072439727783203125e+02 3.523272705078125000e+02
8.023693847656250000e+01 4.067600708007812500e+02 4.554512786865234375e+01 1.177321319580078125e+02 1.045906372070312500e+02 3.466477539062500000e+03 1.328228759765625000e+02 1.327590942382812500e+02 1.389863037109375000e+03 3.716640014648437500e+02 2.551312713623046875e+02 2.539645690917968750e+02 4.887125549316406250e+02 9.995616149902343750e+01 2.076771392822265625e+02 3.520345153808593750e+02
8.227963256835937500e+01 4.199360961914062500e+02 4.732706451416015625e+01 1.266223297119140625e+02 1.069667587280273438e+02 3.538912597656250000e+03 1.347905578613281250e+02 1.345299224853515625e+02 1.405142578125000000e+03 3.775836791992187500e+02 2.626492309570312500e+02 2.645701293945312500e+02 5.010908813476562500e+02 1.005898284912109375e+02 2.095676574707031250e+02 3.578509521484375000e+02
8.341275024414062500e+01 4.362775878906250000e+02 5.026833343505859375e+01 1.359458007812500000e+02 1.106287155151367188e+02 3.641458496093750000e+03 1.380765991210937500e+02 1.395980377197265625e+02 1.432684082031250000e+03 3.868825683593750000e+02 2.710969238281250000e+02 2.775924072265625000e+02 5.120791625976562500e+02 1.026062927246093750e+02 2.114654083251953125e+02 3.669080200195312500e+02
8.422770690917968750e+01 4.504282531738281250e+02 5.173264312744140625e+01 1.417226562500000000e+02 1.133092498779296875e+02 3.695173583984375000e+03 1.405780334472656250e+02 1.415701599121093750e+02 1.445069946289062500e+03 3.883436279296875000e+02 2.769260253906250000e+02 2.848304443359375000e+02 5.167109985351562500e+02 1.046173858642578125e+02 2.106345367431640625e+02 3.741624755859375000e+02
8.548887634277343750e+01 4.661672973632812500e+02 5.296414947509765625e+01 1.478383941650390625e+02 1.180647583007812500e+02 3.776484130859375000e+03 1.426643676757812500e+02 1.468784942626953125e+02 1.453827270507812500e+03 3.889805297851562500e+02 2.841620483398437500e+02 2.959860229492187500e+02 5.207864379882812500e+02 1.056800079345703125e+02 2.058626708984375000e+02 3.786749877929687500e+02
8.545407104492187500e+01 4.753269653320312500e+02 5.420016098022460938e+01 1.519943084716796875e+02 1.214520874023437500e+02 3.801403808593750000e+03 1.426509246826171875e+02 1.498661804199218750e+02 1.443550292968750000e+03 3.880984497070312500e+02 2.870408325195312500e+02 3.051437377929687500e+02 5.225459594726562500e+02 1.058524398803710938e+02 2.018846588134765625e+02 3.803475341796875000e+02
8.479772949218750000e+01 4.823372192382812500e+02 5.544550704956054688e+01 1.553538208007812500e+02 1.230295410156250000e+02 3.839556152343750000e+03 1.409291687011718750e+02 1.502189941406250000e+02 1.430970458984375000e+03 3.868520507812500000e+02 2.872849731445312500e+02 3.126340637207031250e+02 5.247668457031250000e+02 1.064133453369140625e+02 2.000968933105468750e+02 3.816787109375000000e+02
8.499207305908203125e+01 4.862390441894531250e+02 5.667967224121093750e+01 1.575507507324218750e+02 1.234470367431640625e+02 3.869010253906250000e+03 1.396858215332031250e+02 1.509966125488281250e+02 1.412241333007812500e+03 3.827402954101562500e+02 2.876871032714843750e+02 3.201942749023437500e+02 5.262049560546875000e+02 1.067264556884765625e+02 2.020716552734375000e+02 3.843155517578125000e+02
8.588401794433593750e+01 4.930017089843750000e+02 5.803150558471679688e+01 1.591473693847656250e+02 1.250288314819335938e+02 3.920948242187500000e+03 1.417688903808593750e+02 1.526503143310546875e+02 1.403615234375000000e+03 3.801551513671875000e+02 2.895393676757812500e+02 3.248040161132812500e+02 5.291411132812500000e+02 1.072383499145507812e+02 2.072603149414062500e+02 3.877543029785156250e+02
1.004886550903320312e+02 5.615546875000000000e+02 7.182011413574218750e+01 1.940552520751953125e+02 1.314092864990234375e+02 4.175785644531250000e+03 1.607390441894531250e+02 1.762354736328125000e+02 1.467547607421875000e+03 4.050882873535156250e+02 3.327024230957031250e+02 3.438654479980468750e+02 5.416468505859375000e+02 1.190331497192382812e+02 2.282727813720703125e+02 4.277606506347656250e+02
1.041146545410156250e+02 5.663406982421875000e+02 7.364591979980468750e+01 1.914431457519531250e+02 1.326765136718750000e+02 4.224838867187500000e+03 1.630281066894531250e+02 1.769176025390625000e+02 1.465589843750000000e+03 3.954814453125000000e+02 3.307773742675781250e+02 3.463047485351562500e+02 5.447177734375000000e+02 1.183719635009765625e+02 2.306352233886718750e+02 4.317893371582031250e+02
1.063810501098632812e+02 5.624976806640625000e+02 7.362038421630859375e+01 1.854125366210937500e+02 1.326634979248046875e+02 4.176435546875000000e+03 1.635656738281250000e+02 1.747393035888671875e+02 1.471117187500000000e+03 3.921296997070312500e+02 3.254156188964843750e+02 3.451993103027343750e+02 5.510085449218750000e+02 1.155936431884765625e+02 2.293896942138671875e+02 4.292987976074218750e+02
1.052302093505859375e+02 5.611450195312500000e+02 7.427060699462890625e+01 1.801059265136718750e+02 1.333636016845703125e+02 4.157158691406250000e+03 1.624114074707031250e+02 1.732888031005859375e+02 1.499829711914062500e+03 3.910581054687500000e+02 3.215217285156250000e+02 3.432686767578125000e+02 5.592919921875000000e+02 1.157565002441406250e+02 2.294917755126953125e+02 4.250927124023437500e+02
1.062253189086914062e+02 5.582043457031250000e+02 7.619580078125000000e+01 1.760408935546875000e+02 1.334914093017578125e+02 4.129621582031250000e+03 1.616254577636718750e+02 1.723250579833984375e+02 1.520577880859375000e+03 3.889531250000000000e+02 3.175782775878906250e+02 3.431703186035156250e+02 5.689815673828125000e+02 1.190937957763671875e+02 2.337483978271484375e+02 4.194191589355468750e+02
1.076467742919921875e+02 5.585179443359375000e+02 7.841533660888671875e+01 1.742868347167968750e+02 1.337849426269531250e+02 4.115587402343750000e+03 1.614538269042968750e+02 1.735373077392578125e+02 1.532299682617187500e+03 3.769269409179687500e+02 3.152969665527343750e+02 3.436747131347656250e+02 5.741633911132812500e+02 1.234999694824218750e+02 2.410074768066406250e+02 4.159439086914062500e+02
1.090421371459960938e+02 5.580939941406250000e+02 7.960269165039062500e+01 1.734141845703125000e+02 1.349085235595703125e+02 4.090346679687500000e+03 1.628000488281250000e+02 1.715834197998046875e+02 1.538043945312500000e+03 3.669541625976562500e+02 3.164272460937500000e+02 3.430703430175781250e+02 5.763013305664062500e+02 1.262182235717773438e+02 2.511211853027343750e+02 4.146419067382812500e+02
1.106871414184570312e+02 5.612121582031250000e+02 8.098465728759765625e+01 1.754798583984375000e+02 1.364244689941406250e+02 4.068438476562500000e+03 1.647302398681640625e+02 1.709972381591796875e+02 1.546103149414062500e+03 3.686085205078125000e+02 3.196366882324218750e+02 3.447035217285156250e+02 5.794312133789062500e+02 1.303959960937500000e+02 2.615743713378906250e+02 4.170340270996093750e+02
1.135023040771484375e+02 5.651989135742187500e+02 8.149040985107421875e+01 1.794336853027343750e+02 1.371034545898437500e+02 4.037534912109375000e+03 1.676837615966796875e+02 1.690120239257812500e+02 1.592939941406250000e+03 3.683800048828125000e+02 3.249430541992187500e+02 3.445971679687500000e+02 5.823784179687500000e+02 1.346305389404296875e+02 2.714079895019531250e+02 4.227002258300781250e+02
1.155143203735351562e+02 5.708140258789062500e+02 8.159974670410156250e+01 1.835756530761718750e+02 1.377112579345703125e+02 4.005796142578125000e+03 1.706351623535156250e+02 1.682851257324218750e+02 1.651498291015625000e+03 3.678602600097656250e+02 3.298414001464843750e+02 3.431918640136718750e+02 5.843878173828125000e+02 1.361078338623046875e+02 2.744496765136718750e+02 4.286011047363281250e+02
1.187977447509765625e+02 5.764316406250000000e+02 8.286530303955078125e+01 1.870624389648437500e+02 1.396158905029296875e+02 3.954545654296875000e+03 1.740606994628906250e+02 1.697240447998046875e+02 1.687236450195312500e+03 3.646169128417968750e+02 3.349411010742187500e+02 3.431283569335937500e+02 5.861878662109375000e+02 1.400209655761718750e+02 2.786747741699218750e+02 4.324779663085937500e+02
1.209389724731445312e+02 5.867619018554687500e+02 8.434238433837890625e+01 1.934224853515625000e+02 1.450106964111328125e+02 3.920949951171875000e+03 1.775508728027343750e+02 1.700604858398437500e+02 1.739045166015625000e+03 3.700604248046875000e+02 3.436271362304687500e+02 3.446709899902343750e+02 5.900646972656250000e+02 1.454838867187500000e+02 2.791845703125000000e+02 4.397830200195312500e+02
1.221999053955078125e+02 5.939517822265625000e+02 8.443857574462890625e+01 1.986710815429687500e+02 1.487804260253906250e+02 3.865842529296875000e+03 1.785610198974609375e+02 1.684752197265625000e+02 1.770009765625000000e+03 3.758226928710937500e+02 3.471280212402343750e+02 3.457410278320312500e+02 5.913984985351562500e+02 1.478422851562500000e+02 2.811657104492187500e+02 4.474231262207031250e+02
1.208719940185546875e+02 5.964759521484375000e+02 8.307012176513671875e+01 2.047197875976562500e+02 1.507068328857421875e+02 3.834131347656250000e+03 1.784349975585937500e+02 1.685222930908203125e+02 1.797626464843750000e+03 3.800171508789062500e+02 3.497170410156250000e+02 3.423811035156250000e+02 5.927784423828125000e+02 1.501344299316406250e+02 2.833839111328125000e+02 4.497055358886718750e+02
1.176942443847656250e+02 5.970650634765625000e+02 8.176017761230468750e+01 2.095092468261718750e+02 1.515014038085937500e+02 3.815425781250000000e+03 1.785401458740234375e+02 1.668831634521484375e+02 1.816234130859375000e+03 3.811170959472656250e+02 3.516992797851562500e+02 3.386337280273437500e+02 5.943278198242187500e+02 1.523347320556640625e+02 2.828200073242187500e+02 4.525309143066406250e+02
1.152660446166992188e+02 6.042678833007812500e+02 8.276284790039062500e+01 2.168631134033203125e+02 1.554105834960937500e+02 3.837540527343750000e+03 1.790940704345703125e+02 1.679518737792968750e+02 1.814534057617187500e+03 3.854297485351562500e+02 3.545017395019531250e+02 3.419660034179687500e+02 5.959694824218750000e+02 1.532183685302734375e+02 2.844356689453125000e+02 4.574970397949218750e+02
1.163370361328125000e+02 6.089067382812500000e+02 8.351934051513671875e+01 2.207284698486328125e+02 1.602760162353515625e+02 3.857652343750000000e+03 1.792926940917968750e+02 1.690341491699218750e+02 1.793872802734375000e+03 3.984787902832031250e+02 3.587545166015625000e+02 3.486377258300781250e+02 5.963123168945312500e+02 1.511645202636718750e+02 2.850788269042968750e+02 4.638021850585937500e+02
1.141139755249023438e+02 6.133778076171875000e+02 8.216552734375000000e+01 2.194721984863281250e+02 1.631348724365234375e+02 3.867627929687500000e+03 1.774498596191406250e+02 1.671582336425781250e+02 1.769905273437500000e+03 4.093246154785156250e+02 3.620234680175781250e+02 3.511466674804687500e+02 5.931427001953125000e+02 1.462072753906250000e+02 2.828341674804687500e+02 4.676365661621093750e+02
1.125116882324218750e+02 6.114490966796875000e+02 8.114761352539062500e+01 2.148835906982421875e+02 1.659685058593750000e+02 3.851325195312500000e+03 1.752278137207031250e+02 1.639861907958984375e+02 1.744717041015625000e+03 4.174210510253906250e+02 3.624057312011718750e+02 3.536466674804687500e+02 5.922539672851562500e+02 1.399372863769531250e+02 2.794724426269531250e+02 4.676492309570312500e+02
