1.050237731933593750e+02 5.161225585937500000e+02 7.630609130859375000e+01 1.386882171630859375e+02 1.382139892578125000e+02 3.401280273437500000e+03 1.763563842773437500e+02 1.801999511718750000e+02 1.579899047851562500e+03 3.566610107421875000e+02 3.064528808593750000e+02 3.657079467773437500e+02 5.386409301757812500e+02 1.329546508789062500e+02 2.569399719238281250e+02 3.650202636718750000e+02
1.060075073242187500e+02 5.183253784179687500e+02 7.554393005371093750e+01 1.414279479980468750e+02 1.401509552001953125e+02 3.397236572265625000e+03 1.746309051513671875e+02 1.815182800292968750e+02 1.570631835937500000e+03 3.511997985839843750e+02 3.109512023925781250e+02 3.713830566406250000e+02 5.360875244140625000e+02 1.267180633544921875e+02 2.658527221679687500e+02 3.702064514160156250e+02
1.027480087280273438e+02 5.201685791015625000e+02 7.342762756347656250e+01 1.420485839843750000e+02 1.421990203857421875e+02 3.340979492187500000e+03 1.737705993652343750e+02 1.814563140869140625e+02 1.588497314453125000e+03 3.462589111328125000e+02 3.112926330566406250e+02 3.730814208984375000e+02 5.277847900390625000e+02 1.185785140991210938e+02 2.710812072753906250e+02 3.728325195312500000e+02
1.043473434448242188e+02 5.198317871093750000e+02 6.967118072509765625e+01 1.395933532714843750e+02 1.440632019042968750e+02 3.260315429687500000e+03 1.711220397949218750e+02 1.777787780761718750e+02 1.590003295898437500e+03 3.430541687011718750e+02 3.059605712890625000e+02 3.724837646484375000e+02 5.317392578125000000e+02 1.165956573486328125e+02 2.719654235839843750e+02 3.691172790527343750e+02
1.040035400390625000e+02 5.233027343750000000e+02 6.664089965820312500e+01 1.351282653808593750e+02 1.461205444335937500e+02 3.229224121093750000e+03 1.685821838378906250e+02 1.755481872558593750e+02 1.573439819335937500e+03 3.477484130859375000e+02 3.069205932617187500e+02 3.729710083007812500e+02 5.263393554687500000e+02 1.161402130126953125e+02 2.714494323730468750e+02 3.662048339843750000e+02
9.816821289062500000e+01 5.220189208984375000e+02 6.307678222656250000e+01 1.300929107666015625e+02 1.471020507812500000e+02 3.178723632812500000e+03 1.646901702880859375e+02 1.755624084472656250e+02 1.554724609375000000e+03 3.522833862304687500e+02 3.077262268066406250e+02 3.711558227539062500e+02 5.171905517578125000e+02 1.159862899780273438e+02 2.654687500000000000e+02 3.656241760253906250e+02
9.242634582519531250e+01 5.244496459960937500e+02 5.917847442626953125e+01 1.240751495361328125e+02 1.477301635742187500e+02 3.111446289062500000e+03 1.660487060546875000e+02 1.745784912109375000e+02 1.527392456054687500e+03 3.584217834472656250e+02 3.108076782226562500e+02 3.691053466796875000e+02 5.149066162109375000e+02 1.145163497924804688e+02 2.602442626953125000e+02 3.630137634277343750e+02
8.897959899902343750e+01 5.249141845703125000e+02 5.729941940307617188e+01 1.195416259765625000e+02 1.501255493164062500e+02 3.047059082031250000e+03 1.642604827880859375e+02 1.741708984375000000e+02 1.505122070312500000e+03 3.579995727539062500e+02 3.150069580078125000e+02 3.679472045898437500e+02 5.194645996093750000e+02 1.134235382080078125e+02 2.476421203613281250e+02 3.584187011718750000e+02
8.463947296142578125e+01 5.185177001953125000e+02 5.410282516479492188e+01 1.132755584716796875e+02 1.505651550292968750e+02 2.987649414062500000e+03 1.626899414062500000e+02 1.691313323974609375e+02 1.482497802734375000e+03 3.510742797851562500e+02 3.150576782226562500e+02 3.640879516601562500e+02 5.174922485351562500e+02 1.116036682128906250e+02 2.378982543945312500e+02 3.550043640136718750e+02
8.247734069824218750e+01 5.045329589843750000e+02 4.998833465576171875e+01 1.051277008056640625e+02 1.502723083496093750e+02 2.935710937500000000e+03 1.584445953369140625e+02 1.646457214355468750e+02 1.436652832031250000e+03 3.421220092773437500e+02 3.103494873046875000e+02 3.620609741210937500e+02 5.058692626953125000e+02 1.085371856689453125e+02 2.284760131835937500e+02 3.447944946289062500e+02
7.620988464355468750e+01 4.826080322265625000e+02 4.565358734130859375e+01 9.171794128417968750e+01 1.500390625000000000e+02 2.820233642578125000e+03 1.504999237060546875e+02 1.556454010009765625e+02 1.368916748046875000e+03 3.284647216796875000e+02 2.974657287597656250e+02 3.574303588867187500e+02 4.931212158203125000e+02 1.025425109863281250e+02 2.195839385986328125e+02 3.317200317382812500e+02
6.795626068115234375e+01 4.505777893066406250e+02 3.619823074340820312e+01 7.338987731933593750e+01 1.462817230224609375e+02 2.718026367187500000e+03 1.392988281250000000e+02 1.414469604492187500e+02 1.284910156250000000e+03 3.123471679687500000e+02 2.761772155761718750e+02 3.472831420898437500e+02 4.660114746093750000e+02 9.627040863037109375e+01 2.052434539794921875e+02 3.137502441406250000e+02
6.085366821289062500e+01 4.210449829101562500e+02 2.665647125244140625e+01 5.906945800781250000e+01 1.416698150634765625e+02 2.697242187500000000e+03 1.290812072753906250e+02 1.287194213867187500e+02 1.218212402343750000e+03 2.992468872070312500e+02 2.568815307617187500e+02 3.334696044921875000e+02 4.315095825195312500e+02 9.225762939453125000e+01 1.962380676269531250e+02 3.025061035156250000e+02
6.528713989257812500e+01 4.290314941406250000e+02 2.781210708618164062e+01 6.711911010742187500e+01 1.416512908935546875e+02 2.767822753906250000e+03 1.306000061035156250e+02 1.315758514404296875e+02 1.208588500976562500e+03 3.036609802246093750e+02 2.638200073242187500e+02 3.298286743164062500e+02 4.226349487304687500e+02 9.626704406738281250e+01 1.932154388427734375e+02 3.121506042480468750e+02
7.600697326660156250e+01 4.665554809570312500e+02 3.868797302246093750e+01 9.175122070312500000e+01 1.484515075683593750e+02 2.878043457031250000e+03 1.425311889648437500e+02 1.466459808349609375e+02 1.278214477539062500e+03 3.312446289062500000e+02 2.919714355468750000e+02 3.390094909667968750e+02 4.560843505859375000e+02 1.056893463134765625e+02 2.062848815917968750e+02 3.397065429687500000e+02
8.392109680175781250e+01 4.946736450195312500e+02 4.672619628906250000e+01 1.105195312500000000e+02 1.509210968017578125e+02 2.994142578125000000e+03 1.500189819335937500e+02 1.554945068359375000e+02 1.322419311523437500e+03 3.558914794921875000e+02 3.122160949707031250e+02 3.428409423828125000e+02 4.846404113769531250e+02 1.133204193115234375e+02 2.173538513183593750e+02 3.604361572265625000e+02
8.928140258789062500e+01 5.110667724609375000e+02 5.184680938720703125e+01 1.238228912353515625e+02 1.512890319824218750e+02 3.121828125000000000e+03 1.558725433349609375e+02 1.631937255859375000e+02 1.357936279296875000e+03 3.738790283203125000e+02 3.250507507324218750e+02 3.458149719238281250e+02 4.931148681640625000e+02 1.176006317138671875e+02 2.218071136474609375e+02 3.755225830078125000e+02
9.189744567871093750e+01 5.181387939453125000e+02 5.491572952270507812e+01 1.329976501464843750e+02 1.495631561279296875e+02 3.189690429687500000e+03 1.591252899169921875e+02 1.661364898681640625e+02 1.385612548828125000e+03 3.845688476562500000e+02 3.279235229492187500e+02 3.447293701171875000e+02 4.945516357421875000e+02 1.198694229125976562e+02 2.233880767822265625e+02 3.872345581054687500e+02
9.445288848876953125e+01 5.233720703125000000e+02 5.744541549682617188e+01 1.397799377441406250e+02 1.489855041503906250e+02 3.267389404296875000e+03 1.606165466308593750e+02 1.682884521484375000e+02 1.401553710937500000e+03 3.907903747558593750e+02 3.307951354980468750e+02 3.428657836914062500e+02 4.986575622558593750e+02 1.230908966064453125e+02 2.286004333496093750e+02 3.990267028808593750e+02
9.611094665527343750e+01 5.227219848632812500e+02 5.906691360473632812e+01 1.472896423339843750e+02 1.486734619140625000e+02 3.344189941406250000e+03 1.600321502685546875e+02 1.714778289794921875e+02 1.419719848632812500e+03 3.968164367675781250e+02 3.348750000000000000e+02 3.412435607910156250e+02 4.987085876464843750e+02 1.264934921264648438e+02 2.330974121093750000e+02 4.107123413085937500e+02
1.000942382812500000e+02 5.213560791015625000e+02 5.953116989135742188e+01 1.538522033691406250e+02 1.465119323730468750e+02 3.406216064453125000e+03 1.617810058593750000e+02 1.726156768798828125e+02 1.423210815429687500e+03 4.002132568359375000e+02 3.355215454101562500e+02 3.361717224121093750e+02 4.928455810546875000e+02 1.287783203125000000e+02 2.360423889160156250e+02 4.199577941894531250e+02
1.036824798583984375e+02 5.247344970703125000e+02 6.199123001098632812e+01 1.620949401855468750e+02 1.444422912597656250e+02 3.465660156250000000e+03 1.631313781738281250e+02 1.749822082519531250e+02 1.456145385742187500e+03 3.952835693359375000e+02 3.387640380859375000e+02 3.335216674804687500e+02 4.844539794921875000e+02 1.291046447753906250e+02 2.346887969970703125e+02 4.235520935058593750e+02
1.047276306152343750e+02 5.028408813476562500e+02 6.767142486572265625e+01 1.650379486083984375e+02 1.390333709716796875e+02 3.564574218750000000e+03 1.598127593994140625e+02 1.669355163574218750e+02 1.522374511718750000e+03 3.948600463867187500e+02 3.247434692382812500e+02 3.115429077148437500e+02 5.302185058593750000e+02 1.223866806030273438e+02 2.369379119873046875e+02 4.099315795898437500e+02
8.996082305908203125e+01 4.358410034179687500e+02 5.375399398803710938e+01 1.299010925292968750e+02 1.212718658447265625e+02 3.342541503906250000e+03 1.415683898925781250e+02 1.422458648681640625e+02 1.455209228515625000e+03 3.746479797363281250e+02 2.748166503906250000e+02 2.717989501953125000e+02 5.159992065429687500e+02 1.072020568847656250e+02 2.185433349609375000e+02 3.655645141601562500e+02
7.578955841064453125e+01 3.840472717285156250e+02 3.879924392700195312e+01 9.779660034179687500e+01 1.047370071411132812e+02 3.144436035156250000e+03 1.252779388427734375e+02 1.230560836791992188e+02 1.380829223632812500e+03 3.577124023437500000e+02 2.337728881835937500e+02 2.474325103759765625e+02 4.952985534667968750e+02 9.560775756835937500e+01 2.018233032226562500e+02 3.299505615234375000e+02
6.450418853759765625e+01 3.440993347167968750e+02 2.555323410034179688e+01 7.311421203613281250e+01 8.952957153320312500e+01 2.941694824218750000e+03 1.150338134765625000e+02 1.073612136840820312e+02 1.300172485351562500e+03 3.441040344238281250e+02 2.031585083007812500e+02 2.295729675292968750e+02 4.731755981445312500e+02 8.717187500000000000e+01 1.850584411621093750e+02 3.013724365234375000e+02
5.542494964599609375e+01 3.222086181640625000e+02 1.631850814819335938e+01 5.798165893554687500e+01 8.100352478027343750e+01 2.846931640625000000e+03 1.096008071899414062e+02 9.746504974365234375e+01 1.239622314453125000e+03 3.263900451660156250e+02 1.831894073486328125e+02 2.197276916503906250e+02 4.504987792968750000e+02 8.163409423828125000e+01 1.737896728515625000e+02 2.847767639160156250e+02
5.249112701416015625e+01 3.212306823730468750e+02 1.183796691894531250e+01 5.368994140625000000e+01 7.993005371093750000e+01 2.807411376953125000e+03 1.069309844970703125e+02 9.312416076660156250e+01 1.199777221679687500e+03 3.187503662109375000e+02 1.794590148925781250e+02 2.280908813476562500e+02 4.398381958007812500e+02 7.911798095703125000e+01 1.691887969970703125e+02 2.813832702636718750e+02
5.095505523681640625e+01 3.301345825195312500e+02 1.216305160522460938e+01 5.560957336425781250e+01 8.353675842285156250e+01 2.814264648437500000e+03 1.069425354003906250e+02 9.514000701904296875e+01 1.190342895507812500e+03 3.199522705078125000e+02 1.821793670654296875e+02 2.429449310302734375e+02 4.362771301269531250e+02 7.989160156250000000e+01 1.669629516601562500e+02 2.866665039062500000e+02
5.198914337158203125e+01 3.409850769042968750e+02 1.294615554809570312e+01 5.791462707519531250e+01 8.824687957763671875e+01 2.855940917968750000e+03 1.088233718872070312e+02 9.695908355712890625e+01 1.185529418945312500e+03 3.124358520507812500e+02 1.865830535888671875e+02 2.520606384277343750e+02 4.289083251953125000e+02 8.188275909423828125e+01 1.629798278808593750e+02 2.935159301757812500e+02
5.285013580322265625e+01 3.550426940917968750e+02 1.449959182739257812e+01 6.294065856933593750e+01 9.662468719482421875e+01 2.920919677734375000e+03 1.102436981201171875e+02 1.028890075683593750e+02 1.184436279296875000e+03 3.081976318359375000e+02 1.933984680175781250e+02 2.675415649414062500e+02 4.264399414062500000e+02 8.231694030761718750e+01 1.564790954589843750e+02 2.983875732421875000e+02
5.310314941406250000e+01 3.604223327636718750e+02 1.662324523925781250e+01 6.646826171875000000e+01 1.028501281738281250e+02 2.952411621093750000e+03 1.091897125244140625e+02 1.060577926635742188e+02 1.159259155273437500e+03 3.040512084960937500e+02 1.964037322998046875e+02 2.790202941894531250e+02 4.272476806640625000e+02 8.291986083984375000e+01 1.547138824462890625e+02 3.012354431152343750e+02
5.311011505126953125e+01 3.637604980468750000e+02 1.857464981079101562e+01 7.108973693847656250e+01 1.052139587402343750e+02 3.021672851562500000e+03 1.073654632568359375e+02 1.062082138061523438e+02 1.148444580078125000e+03 3.030602722167968750e+02 1.978406677246093750e+02 2.879207153320312500e+02 4.311596374511718750e+02 8.413806915283203125e+01 1.558918457031250000e+02 3.037473754882812500e+02
5.573200225830078125e+01 3.642097778320312500e+02 2.041725540161132812e+01 7.360488891601562500e+01 1.046433563232421875e+02 3.059972167968750000e+03 1.075222549438476562e+02 1.064589538574218750e+02 1.127467041015625000e+03 2.954472045898437500e+02 1.980043029785156250e+02 2.953693237304687500e+02 4.331678771972656250e+02 8.434754943847656250e+01 1.600667724609375000e+02 3.072277832031250000e+02
5.708751678466796875e+01 3.702785949707031250e+02 2.286344909667968750e+01 7.537901306152343750e+01 1.063996429443359375e+02 3.141270507812500000e+03 1.111266479492187500e+02 1.081526031494140625e+02 1.135467407226562500e+03 2.895440673828125000e+02 2.007311706542968750e+02 2.979014892578125000e+02 4.373123168945312500e+02 8.403982543945312500e+01 1.674679260253906250e+02 3.086503906250000000e+02
6.322001647949218750e+01 3.962251586914062500e+02 3.048164367675781250e+01 8.707257080078125000e+01 1.108066711425781250e+02 3.247253906250000000e+03 1.191719360351562500e+02 1.166334152221679688e+02 1.140665527343750000e+03 2.928151245117187500e+02 2.152484893798828125e+02 3.113815002441406250e+02 4.364125366210937500e+02 8.614422607421875000e+01 1.796019134521484375e+02 3.276736755371093750e+02
6.880906677246093750e+01 4.044392700195312500e+02 3.382021331787109375e+01 8.759692382812500000e+01 1.116847000122070312e+02 3.284688964843750000e+03 1.226706008911132812e+02 1.191907577514648438e+02 1.154951416015625000e+03 2.928178100585937500e+02 2.162684173583984375e+02 3.129323730468750000e+02 4.467373962402343750e+02 8.633615875244140625e+01 1.836378173828125000e+02 3.345237426757812500e+02
7.240342712402343750e+01 4.066702880859375000e+02 3.472129821777343750e+01 8.592834472656250000e+01 1.111910018920898438e+02 3.264588378906250000e+03 1.240789413452148438e+02 1.196964492797851562e+02 1.182303588867187500e+03 2.988750000000000000e+02 2.170608673095703125e+02 3.111977233886718750e+02 4.631331787109375000e+02 8.560176849365234375e+01 1.832836761474609375e+02 3.350322875976562500e+02
7.065809631347656250e+01 4.095624694824218750e+02 3.656028366088867188e+01 8.493922424316406250e+01 1.117475433349609375e+02 3.258695312500000000e+03 1.245567855834960938e+02 1.194010925292968750e+02 1.229964843750000000e+03 3.025217590332031250e+02 2.180468750000000000e+02 3.065614318847656250e+02 4.784839782714843750e+02 8.822035217285156250e+01 1.843168792724609375e+02 3.317439880371093750e+02
7.200601959228515625e+01 4.124891357421875000e+02 4.082923126220703125e+01 8.563610839843750000e+01 1.117128753662109375e+02 3.252610351562500000e+03 1.249942626953125000e+02 1.205775833129882812e+02 1.262032104492187500e+03 3.005681457519531250e+02 2.179868621826171875e+02 3.063333435058593750e+02 4.929841918945312500e+02 9.420043945312500000e+01 1.918120422363281250e+02 3.285051574707031250e+02
7.532112121582031250e+01 4.232186889648437500e+02 4.503243637084960938e+01 8.982832336425781250e+01 1.124731140136718750e+02 3.322751220703125000e+03 1.255902709960937500e+02 1.245471343994140625e+02 1.278487670898437500e+03 2.929345703125000000e+02 2.234553070068359375e+02 3.092484741210937500e+02 4.991397705078125000e+02 1.007257232666015625e+02 2.051472167968750000e+02 3.307862243652343750e+02
7.681509399414062500e+01 4.289320068359375000e+02 4.729986572265625000e+01 9.304066467285156250e+01 1.144013366699218750e+02 3.349435058593750000e+03 1.285112304687500000e+02 1.245125656127929688e+02 1.292209350585937500e+03 2.893661499023437500e+02 2.294825744628906250e+02 3.085313110351562500e+02 4.996428833007812500e+02 1.045963439941406250e+02 2.204034118652343750e+02 3.350851745605468750e+02
8.040580749511718750e+01 4.384931640625000000e+02 4.925188446044921875e+01 9.884407043457031250e+01 1.168735198974609375e+02 3.374873779296875000e+03 1.323911437988281250e+02 1.254854812622070312e+02 1.305761230468750000e+03 2.957427978515625000e+02 2.370653839111328125e+02 3.112726440429687500e+02 5.007402954101562500e+02 1.107240753173828125e+02 2.330415649414062500e+02 3.435289611816406250e+02
8.429193878173828125e+01 4.500106811523437500e+02 5.031671905517578125e+01 1.085273895263671875e+02 1.185568923950195312e+02 3.374836914062500000e+03 1.362678985595703125e+02 1.263095092773437500e+02 1.386939453125000000e+03 2.998669433593750000e+02 2.478370361328125000e+02 3.126105957031250000e+02 5.044951477050781250e+02 1.148916778564453125e+02 2.432946472167968750e+02 3.551055297851562500e+02
8.655021667480468750e+01 4.570100097656250000e+02 5.112796401977539062e+01 1.154217834472656250e+02 1.194508438110351562e+02 3.315181152343750000e+03 1.383165893554687500e+02 1.265329666137695312e+02 1.460964355468750000e+03 3.006900024414062500e+02 2.540941314697265625e+02 3.099899597167968750e+02 5.081829223632812500e+02 1.153338928222656250e+02 2.448150939941406250e+02 3.653409118652343750e+02
9.110334014892578125e+01 4.652117309570312500e+02 5.390625762939453125e+01 1.216879882812500000e+02 1.219514160156250000e+02 3.264734375000000000e+03 1.417334289550781250e+02 1.291622314453125000e+02 1.501829101562500000e+03 2.985907897949218750e+02 2.606169128417968750e+02 3.108579406738281250e+02 5.109400024414062500e+02 1.210923385620117188e+02 2.499115753173828125e+02 3.710729980468750000e+02
9.541079711914062500e+01 4.797327880859375000e+02 5.671052169799804688e+01 1.303037414550781250e+02 1.295809631347656250e+02 3.266624023437500000e+03 1.470418548583984375e+02 1.303358764648437500e+02 1.560387817382812500e+03 3.058676757812500000e+02 2.719054565429687500e+02 3.143074035644531250e+02 5.156384887695312500e+02 1.279321746826171875e+02 2.483517456054687500e+02 3.831369018554687500e+02
9.591940307617187500e+01 4.920592651367187500e+02 5.727222061157226562e+01 1.365887756347656250e+02 1.345861206054687500e+02 3.244730957031250000e+03 1.492229156494140625e+02 1.296223144531250000e+02 1.603142944335937500e+03 3.136946716308593750e+02 2.759649047851562500e+02 3.153839416503906250e+02 5.162742919921875000e+02 1.283775939941406250e+02 2.512593841552734375e+02 3.924182739257812500e+02
9.392813110351562500e+01 4.946850280761718750e+02 5.537200927734375000e+01 1.437496337890625000e+02 1.360908508300781250e+02 3.258379394531250000e+03 1.489743652343750000e+02 1.313878784179687500e+02 1.612170043945312500e+03 3.193837280273437500e+02 2.779955139160156250e+02 3.088408508300781250e+02 5.160012207031250000e+02 1.288747711181640625e+02 2.530635223388671875e+02 3.950919494628906250e+02
9.093412780761718750e+01 4.955893554687500000e+02 5.389587402343750000e+01 1.492482147216796875e+02 1.357909851074218750e+02 3.254580810546875000e+03 1.493659667968750000e+02 1.307094726562500000e+02 1.627746704101562500e+03 3.237855224609375000e+02 2.800551757812500000e+02 3.014421997070312500e+02 5.182919921875000000e+02 1.310131683349609375e+02 2.489520263671875000e+02 3.984285583496093750e+02
8.875474548339843750e+01 5.100969238281250000e+02 5.686228179931640625e+01 1.605580139160156250e+02 1.412214050292968750e+02 3.302281250000000000e+03 1.507124633789062500e+02 1.347638244628906250e+02 1.618055664062500000e+03 3.337158813476562500e+02 2.870137329101562500e+02 3.100465698242187500e+02 5.269387817382812500e+02 1.309929046630859375e+02 2.497097778320312500e+02 4.052755737304687500e+02
9.100053405761718750e+01 5.216336669921875000e+02 6.085473632812500000e+01 1.671410369873046875e+02 1.478666992187500000e+02 3.341800537109375000e+03 1.525239562988281250e+02 1.384879150390625000e+02 1.585734619140625000e+03 3.557864990234375000e+02 2.971951904296875000e+02 3.229443359375000000e+02 5.320904541015625000e+02 1.293332824707031250e+02 2.514418792724609375e+02 4.142394714355468750e+02
9.098306274414062500e+01 5.366163330078125000e+02 6.268826293945312500e+01 1.677738647460937500e+02 1.513176574707031250e+02 3.348588867187500000e+03 1.517269744873046875e+02 1.390650024414062500e+02 1.553011840820312500e+03 3.697957153320312500e+02 3.061715393066406250e+02 3.300105895996093750e+02 5.328499145507812500e+02 1.249624328613281250e+02 2.531360778808593750e+02 4.221507568359375000e+02
9.349425506591796875e+01 5.472824707031250000e+02 6.506152343750000000e+01 1.672964324951171875e+02 1.552192687988281250e+02 3.339449951171875000e+03 1.516140747070312500e+02 1.393412780761718750e+02 1.528917480468750000e+03 3.808992614746093750e+02 3.165343627929687500e+02 3.379447631835937500e+02 5.388929443359375000e+02 1.191255493164062500e+02 2.559260559082031250e+02 4.290494384765625000e+02
9.630413818359375000e+01 5.569870605468750000e+02 6.639449310302734375e+01 1.712890014648437500e+02 1.582912292480468750e+02 3.353603515625000000e+03 1.514022674560546875e+02 1.401276550292968750e+02 1.507583129882812500e+03 3.804423522949218750e+02 3.218421936035156250e+02 3.412722778320312500e+02 5.452559204101562500e+02 1.148741531372070312e+02 2.551390686035156250e+02 4.352216796875000000e+02
