1.112807388305664062e+02 5.121678466796875000e+02 7.955010986328125000e+01 1.459955749511718750e+02 1.477058868408203125e+02 3.699490722656250000e+03 1.749388580322265625e+02 1.814482879638671875e+02 1.633074829101562500e+03 3.679935607910156250e+02 3.071974182128906250e+02 3.892977294921875000e+02 5.490095214843750000e+02 1.315859069824218750e+02 2.672784118652343750e+02 3.687852478027343750e+02
1.078617706298828125e+02 5.192386474609375000e+02 7.871461486816406250e+01 1.474937744140625000e+02 1.533602142333984375e+02 3.824501220703125000e+03 1.736671447753906250e+02 1.811026306152343750e+02 1.620777709960937500e+03 3.566904296875000000e+02 3.149711303710937500e+02 3.995781860351562500e+02 5.551906738281250000e+02 1.220737686157226562e+02 2.767462463378906250e+02 3.768805541992187500e+02
1.007478179931640625e+02 5.266634521484375000e+02 7.614989471435546875e+01 1.484721832275390625e+02 1.592770385742187500e+02 3.899892333984375000e+03 1.752292175292968750e+02 1.817223205566406250e+02 1.674529907226562500e+03 3.532914428710937500e+02 3.154642944335937500e+02 3.990312194824218750e+02 5.484789428710937500e+02 1.117246856689453125e+02 2.799569091796875000e+02 3.796490478515625000e+02
1.098081283569335938e+02 5.323709716796875000e+02 7.161997985839843750e+01 1.460995788574218750e+02 1.650198669433593750e+02 3.750509277343750000e+03 1.720722503662109375e+02 1.760102539062500000e+02 1.677236328125000000e+03 3.564913940429687500e+02 3.084124145507812500e+02 3.963723144531250000e+02 5.776425781250000000e+02 1.180888900756835938e+02 2.795454101562500000e+02 3.713830566406250000e+02
1.093763961791992188e+02 5.458135986328125000e+02 7.095317077636718750e+01 1.423287353515625000e+02 1.705932006835937500e+02 3.725166748046875000e+03 1.719946899414062500e+02 1.768002014160156250e+02 1.640342163085937500e+03 3.755662231445312500e+02 3.199944763183593750e+02 4.007514648437500000e+02 5.750895385742187500e+02 1.223713455200195312e+02 2.826048583984375000e+02 3.704765625000000000e+02
9.810763549804687500e+01 5.440891723632812500e+02 6.897575378417968750e+01 1.409586791992187500e+02 1.725848999023437500e+02 3.694656738281250000e+03 1.676448059082031250e+02 1.832166137695312500e+02 1.619852172851562500e+03 3.842761840820312500e+02 3.271974487304687500e+02 3.984586486816406250e+02 5.715155639648437500e+02 1.231670303344726562e+02 2.754049377441406250e+02 3.772320556640625000e+02
9.212380218505859375e+01 5.586019897460937500e+02 6.572162628173828125e+01 1.384929656982421875e+02 1.747626342773437500e+02 3.458890869140625000e+03 1.777968292236328125e+02 1.849814300537109375e+02 1.593893066406250000e+03 3.987322692871093750e+02 3.384145202636718750e+02 3.992538146972656250e+02 5.859966430664062500e+02 1.217113189697265625e+02 2.761245727539062500e+02 3.766519165039062500e+02
9.283958435058593750e+01 5.627838745117187500e+02 6.688381195068359375e+01 1.395521545410156250e+02 1.820020751953125000e+02 3.401068847656250000e+03 1.740628662109375000e+02 1.868631896972656250e+02 1.581722045898437500e+03 3.920948181152343750e+02 3.495287780761718750e+02 4.019273986816406250e+02 6.060136718750000000e+02 1.205516052246093750e+02 2.566320190429687500e+02 3.721790771484375000e+02
8.995307922363281250e+01 5.521414794921875000e+02 6.296259307861328125e+01 1.352998352050781250e+02 1.799922485351562500e+02 3.279001708984375000e+03 1.742753601074218750e+02 1.766382904052734375e+02 1.559395385742187500e+03 3.775974121093750000e+02 3.463975830078125000e+02 3.951256713867187500e+02 5.994041137695312500e+02 1.187140655517578125e+02 2.485598602294921875e+02 3.702784423828125000e+02
9.284191894531250000e+01 5.363270263671875000e+02 5.862423706054687500e+01 1.315187530517578125e+02 1.775770721435546875e+02 3.148373046875000000e+03 1.682157135009765625e+02 1.756580352783203125e+02 1.502750610351562500e+03 3.628007202148437500e+02 3.425067749023437500e+02 3.953874206542968750e+02 5.698296508789062500e+02 1.165470809936523438e+02 2.407748107910156250e+02 3.604666442871093750e+02
8.803346252441406250e+01 5.250745239257812500e+02 5.783005142211914062e+01 1.220803222656250000e+02 1.766479492187500000e+02 3.120005859375000000e+03 1.615356445312500000e+02 1.705437622070312500e+02 1.437426879882812500e+03 3.554477539062500000e+02 3.337894897460937500e+02 3.901733093261718750e+02 5.592897338867187500e+02 1.107755584716796875e+02 2.376733093261718750e+02 3.556546020507812500e+02
7.948160552978515625e+01 5.038420715332031250e+02 5.042709732055664062e+01 1.082911529541015625e+02 1.702281188964843750e+02 2.905529785156250000e+03 1.531697082519531250e+02 1.598376922607421875e+02 1.357585083007812500e+03 3.497916564941406250e+02 3.208679504394531250e+02 3.766009826660156250e+02 5.296187133789062500e+02 1.077940063476562500e+02 2.247471771240234375e+02 3.445391235351562500e+02
7.348734283447265625e+01 4.742385559082031250e+02 4.094519042968750000e+01 9.314820861816406250e+01 1.662659301757812500e+02 2.777219726562500000e+03 1.418911743164062500e+02 1.469813537597656250e+02 1.293841308593750000e+03 3.372437133789062500e+02 2.995166625976562500e+02 3.615532531738281250e+02 4.879884948730468750e+02 1.047662048339843750e+02 2.235291595458984375e+02 3.395344543457031250e+02
7.595831298828125000e+01 4.512033691406250000e+02 3.529109954833984375e+01 8.283117675781250000e+01 1.577065277099609375e+02 2.842308105468750000e+03 1.347261352539062500e+02 1.404235382080078125e+02 1.217268554687500000e+03 3.150356750488281250e+02 2.794686279296875000e+02 3.478830566406250000e+02 4.538522033691406250e+02 1.029922332763671875e+02 2.083522186279296875e+02 3.342577209472656250e+02
7.222991943359375000e+01 4.277412109375000000e+02 3.121841812133789062e+01 7.691738891601562500e+01 1.514798126220703125e+02 2.720938964843750000e+03 1.329102325439453125e+02 1.345876770019531250e+02 1.177441650390625000e+03 3.128649597167968750e+02 2.620105590820312500e+02 3.309136047363281250e+02 4.228642578125000000e+02 1.005860748291015625e+02 1.996525878906250000e+02 3.306502075195312500e+02
6.877709960937500000e+01 4.143927307128906250e+02 2.753293991088867188e+01 7.367634582519531250e+01 1.414102172851562500e+02 2.640617919921875000e+03 1.280350952148437500e+02 1.254991760253906250e+02 1.133818481445312500e+03 3.178050537109375000e+02 2.508256072998046875e+02 3.110674743652343750e+02 4.061979370117187500e+02 9.925284576416015625e+01 1.933892822265625000e+02 3.261277770996093750e+02
7.256596374511718750e+01 4.201255493164062500e+02 2.967533111572265625e+01 7.959515380859375000e+01 1.389740600585937500e+02 2.671938476562500000e+03 1.315067138671875000e+02 1.311610107421875000e+02 1.165680541992187500e+03 3.305414123535156250e+02 2.555931854248046875e+02 3.163766479492187500e+02 4.058481445312500000e+02 1.017042236328125000e+02 1.908418121337890625e+02 3.325814208984375000e+02
7.347793579101562500e+01 4.312792968750000000e+02 3.479419708251953125e+01 8.868688964843750000e+01 1.360291137695312500e+02 2.698458740234375000e+03 1.358987426757812500e+02 1.347359771728515625e+02 1.214687377929687500e+03 3.427253417968750000e+02 2.599588012695312500e+02 3.198930358886718750e+02 4.139349670410156250e+02 1.038572998046875000e+02 1.936834564208984375e+02 3.480366821289062500e+02
7.716041564941406250e+01 4.491168212890625000e+02 4.199438858032226562e+01 1.004499359130859375e+02 1.413834838867187500e+02 2.832833496093750000e+03 1.387061157226562500e+02 1.428026428222656250e+02 1.252134399414062500e+03 3.524014892578125000e+02 2.750326538085937500e+02 3.252666625976562500e+02 4.497320251464843750e+02 1.114447937011718750e+02 2.090494537353515625e+02 3.726672668457031250e+02
8.237140655517578125e+01 4.630450439453125000e+02 4.878330993652343750e+01 1.191837158203125000e+02 1.488358764648437500e+02 3.127283935546875000e+03 1.419178771972656250e+02 1.549569549560546875e+02 1.315830932617187500e+03 3.726559753417968750e+02 2.990580749511718750e+02 3.352903442382812500e+02 4.823468017578125000e+02 1.202987518310546875e+02 2.245878448486328125e+02 3.980780639648437500e+02
9.634651184082031250e+01 4.783073120117187500e+02 5.520895004272460938e+01 1.377328491210937500e+02 1.514312438964843750e+02 3.380677246093750000e+03 1.505757904052734375e+02 1.620307922363281250e+02 1.342225830078125000e+03 3.852769775390625000e+02 3.137134399414062500e+02 3.376497192382812500e+02 5.033294067382812500e+02 1.266327667236328125e+02 2.336826171875000000e+02 4.200592956542968750e+02
1.069995422363281250e+02 5.095860595703125000e+02 6.844517517089843750e+01 1.622402648925781250e+02 1.540739593505859375e+02 3.707934082031250000e+03 1.590157928466796875e+02 1.732780914306640625e+02 1.468732910156250000e+03 3.799171142578125000e+02 3.371481323242187500e+02 3.480699462890625000e+02 5.179935302734375000e+02 1.293638458251953125e+02 2.386654663085937500e+02 4.336141967773437500e+02
1.069962234497070312e+02 4.779479370117187500e+02 7.383001708984375000e+01 1.627221984863281250e+02 1.603573760986328125e+02 3.632837890625000000e+03 1.532739257812500000e+02 1.622056884765625000e+02 1.465297973632812500e+03 3.548854980468750000e+02 3.201577453613281250e+02 3.384705505371093750e+02 5.863234863281250000e+02 1.169261779785156250e+02 2.341849975585937500e+02 4.170915527343750000e+02
9.134269714355468750e+01 4.235070495605468750e+02 5.767898559570312500e+01 1.381878967285156250e+02 1.319965209960937500e+02 3.419702392578125000e+03 1.381170654296875000e+02 1.426022186279296875e+02 1.326986816406250000e+03 3.712908020019531250e+02 2.763259277343750000e+02 2.872193603515625000e+02 5.397572021484375000e+02 1.008446655273437500e+02 2.157879638671875000e+02 3.696726989746093750e+02
8.780192565917968750e+01 4.308668823242187500e+02 5.479246139526367188e+01 1.400413360595703125e+02 1.311483154296875000e+02 3.752833007812500000e+03 1.337748870849609375e+02 1.463015747070312500e+02 1.347839721679687500e+03 4.006343994140625000e+02 2.755811767578125000e+02 3.063862304687500000e+02 5.585612792968750000e+02 1.020141296386718750e+02 2.208617706298828125e+02 3.680804748535156250e+02
8.424904632568359375e+01 4.186936645507812500e+02 4.801900482177734375e+01 1.342192077636718750e+02 1.245387496948242188e+02 3.859302246093750000e+03 1.380605773925781250e+02 1.379361877441406250e+02 1.315050170898437500e+03 4.043573913574218750e+02 2.664484252929687500e+02 3.061735229492187500e+02 5.531271362304687500e+02 1.011676635742187500e+02 2.120702972412109375e+02 3.545366821289062500e+02
7.304815673828125000e+01 4.087842407226562500e+02 4.139740753173828125e+01 1.221926269531250000e+02 1.229998550415039062e+02 3.712637939453125000e+03 1.372092285156250000e+02 1.287530212402343750e+02 1.312354492187500000e+03 3.634267578125000000e+02 2.462635498046875000e+02 2.982070312500000000e+02 5.255740966796875000e+02 9.590679931640625000e+01 1.982467651367187500e+02 3.431717224121093750e+02
7.046551513671875000e+01 4.180717773437500000e+02 3.532484054565429688e+01 1.146095275878906250e+02 1.263298645019531250e+02 3.443618408203125000e+03 1.298750000000000000e+02 1.196706314086914062e+02 1.326933715820312500e+03 3.674973144531250000e+02 2.477421112060546875e+02 3.151251220703125000e+02 5.183813476562500000e+02 9.097583770751953125e+01 1.942144622802734375e+02 3.427632446289062500e+02
6.295562744140625000e+01 4.202409057617187500e+02 3.340861892700195312e+01 1.046593017578125000e+02 1.248698883056640625e+02 3.330473144531250000e+03 1.246225509643554688e+02 1.212483367919921875e+02 1.378099731445312500e+03 3.849428100585937500e+02 2.383417510986328125e+02 3.203771667480468750e+02 5.229105224609375000e+02 9.294474792480468750e+01 1.851359710693359375e+02 3.427449645996093750e+02
6.490972900390625000e+01 4.166015014648437500e+02 2.872101593017578125e+01 9.223530578613281250e+01 1.222438354492187500e+02 3.159857177734375000e+03 1.263772048950195312e+02 1.180294799804687500e+02 1.405347900390625000e+03 3.598848266601562500e+02 2.295311279296875000e+02 3.080939331054687500e+02 5.070076293945312500e+02 9.575656127929687500e+01 1.691006469726562500e+02 3.391155395507812500e+02
6.311165618896484375e+01 4.279582519531250000e+02 2.892307281494140625e+01 9.585769653320312500e+01 1.318538818359375000e+02 2.963902832031250000e+03 1.251920547485351562e+02 1.291159362792968750e+02 1.432645141601562500e+03 3.593339538574218750e+02 2.326568145751953125e+02 3.229328308105468750e+02 5.195350952148437500e+02 9.129071044921875000e+01 1.531724700927734375e+02 3.333305053710937500e+02
6.202634429931640625e+01 4.159346313476562500e+02 3.350977325439453125e+01 9.819384765625000000e+01 1.364946594238281250e+02 2.848979492187500000e+03 1.175214843750000000e+02 1.291623535156250000e+02 1.375046752929687500e+03 3.575549316406250000e+02 2.294654235839843750e+02 3.278787841796875000e+02 5.455039672851562500e+02 9.238854980468750000e+01 1.628720397949218750e+02 3.325046081542968750e+02
6.292369842529296875e+01 4.169363708496093750e+02 3.845758056640625000e+01 1.122279052734375000e+02 1.327919921875000000e+02 3.119060791015625000e+03 1.134805374145507812e+02 1.246947097778320312e+02 1.400141113281250000e+03 3.776147766113281250e+02 2.328149566650390625e+02 3.355121154785156250e+02 5.701104736328125000e+02 9.739418029785156250e+01 1.781647949218750000e+02 3.398869323730468750e+02
7.709239196777343750e+01 4.224992675781250000e+02 4.478732681274414062e+01 1.208184356689453125e+02 1.251518859863281250e+02 3.260996093750000000e+03 1.215326690673828125e+02 1.271306610107421875e+02 1.369721923828125000e+03 3.644858398437500000e+02 2.375135803222656250e+02 3.406218872070312500e+02 5.777861938476562500e+02 9.857533264160156250e+01 1.952800903320312500e+02 3.553153686523437500e+02
8.205432128906250000e+01 4.600037536621093750e+02 5.597669219970703125e+01 1.335242614746093750e+02 1.317188110351562500e+02 3.659220703125000000e+03 1.402782287597656250e+02 1.388851928710937500e+02 1.477989379882812500e+03 3.596737976074218750e+02 2.593036804199218750e+02 3.394180908203125000e+02 5.897155151367187500e+02 9.938534545898437500e+01 2.171012725830078125e+02 3.631117553710937500e+02
9.052299499511718750e+01 5.006321716308593750e+02 6.733935546875000000e+01 1.456419677734375000e+02 1.370114593505859375e+02 3.596762207031250000e+03 1.528865509033203125e+02 1.520762939453125000e+02 1.324374755859375000e+03 3.355136413574218750e+02 2.797817993164062500e+02 3.504786987304687500e+02 5.512432861328125000e+02 9.928382873535156250e+01 2.304925231933593750e+02 3.990243835449218750e+02
1.012068099975585938e+02 5.029507446289062500e+02 6.782609558105468750e+01 1.398615875244140625e+02 1.327210235595703125e+02 3.968052490234375000e+03 1.539497833251953125e+02 1.537663574218750000e+02 1.347062377929687500e+03 3.477846069335937500e+02 2.729279174804687500e+02 3.429886169433593750e+02 5.511662597656250000e+02 1.000101623535156250e+02 2.260025939941406250e+02 4.041753540039062500e+02
1.016592254638671875e+02 4.937165832519531250e+02 6.345555114746093750e+01 1.319593200683593750e+02 1.293204650878906250e+02 3.821571533203125000e+03 1.497146911621093750e+02 1.506403808593750000e+02 1.410277099609375000e+03 3.651919555664062500e+02 2.725513305664062500e+02 3.380167846679687500e+02 5.733034667968750000e+02 9.868453216552734375e+01 2.153757476806640625e+02 3.935454711914062500e+02
8.781075286865234375e+01 4.879425354003906250e+02 6.461392974853515625e+01 1.276975555419921875e+02 1.299612579345703125e+02 3.807330078125000000e+03 1.470925292968750000e+02 1.447453308105468750e+02 1.487292724609375000e+03 3.615380249023437500e+02 2.702260131835937500e+02 3.243114013671875000e+02 5.772114868164062500e+02 1.071265182495117188e+02 2.142541809082031250e+02 3.760511474609375000e+02
9.003982543945312500e+01 4.872314147949218750e+02 7.258237457275390625e+01 1.288180847167968750e+02 1.286404266357421875e+02 3.862995849609375000e+03 1.457682495117187500e+02 1.464271850585937500e+02 1.482407104492187500e+03 3.406766967773437500e+02 2.642921752929687500e+02 3.300610961914062500e+02 5.806889648437500000e+02 1.203298721313476562e+02 2.319256896972656250e+02 3.679375305175781250e+02
9.784153747558593750e+01 5.113315734863281250e+02 7.626087951660156250e+01 1.386885681152343750e+02 1.300283660888671875e+02 4.011342773437500000e+03 1.447126617431640625e+02 1.545913391113281250e+02 1.466717407226562500e+03 3.209046020507812500e+02 2.799484252929687500e+02 3.406008605957031250e+02 5.688494262695312500e+02 1.280126342773437500e+02 2.558119812011718750e+02 3.781911621093750000e+02
9.504145812988281250e+01 5.062107543945312500e+02 7.430243682861328125e+01 1.385552673339843750e+02 1.324458007812500000e+02 4.021381103515625000e+03 1.506723327636718750e+02 1.486943664550781250e+02 1.452260375976562500e+03 3.210196533203125000e+02 2.853206176757812500e+02 3.318737487792968750e+02 5.526312255859375000e+02 1.266047439575195312e+02 2.702833862304687500e+02 3.846217041015625000e+02
1.008844223022460938e+02 5.132255859375000000e+02 7.313063049316406250e+01 1.441465759277343750e+02 1.344788208007812500e+02 4.179721679687500000e+03 1.565112762451171875e+02 1.472198486328125000e+02 1.434985351562500000e+03 3.390145874023437500e+02 2.917816467285156250e+02 3.355026855468750000e+02 5.456505126953125000e+02 1.332038726806640625e+02 2.738496398925781250e+02 3.956563720703125000e+02
1.030878448486328125e+02 5.224368286132812500e+02 7.130791473388671875e+01 1.579446105957031250e+02 1.337834167480468750e+02 4.215108398437500000e+03 1.584208831787109375e+02 1.476061706542968750e+02 1.600218627929687500e+03 3.424678649902343750e+02 3.039963989257812500e+02 3.341399841308593750e+02 5.509401855468750000e+02 1.315484466552734375e+02 2.759862060546875000e+02 4.068432617187500000e+02
1.008174591064453125e+02 5.112045898437500000e+02 6.976039123535156250e+01 1.562464904785156250e+02 1.306294403076171875e+02 3.987622558593750000e+03 1.538651123046875000e+02 1.433840637207031250e+02 1.634739501953125000e+03 3.370796508789062500e+02 2.970704650878906250e+02 3.211135864257812500e+02 5.517492065429687500e+02 1.249084320068359375e+02 2.668847351074218750e+02 4.095424804687500000e+02
1.060659713745117188e+02 5.109700927734375000e+02 7.256011199951171875e+01 1.558859252929687500e+02 1.331977844238281250e+02 3.928333007812500000e+03 1.556718444824218750e+02 1.455817871093750000e+02 1.617170410156250000e+03 3.269255981445312500e+02 2.959101562500000000e+02 3.239823913574218750e+02 5.470955200195312500e+02 1.355000610351562500e+02 2.733748168945312500e+02 4.024861145019531250e+02
1.096162872314453125e+02 5.249226074218750000e+02 7.322570037841796875e+01 1.605848236083984375e+02 1.496054229736328125e+02 4.222530761718750000e+03 1.629120483398437500e+02 1.432035217285156250e+02 1.655375610351562500e+03 3.374934997558593750e+02 3.065291137695312500e+02 3.297586059570312500e+02 5.482720336914062500e+02 1.425005950927734375e+02 2.625857238769531250e+02 4.159258728027343750e+02
1.021752777099609375e+02 5.306223754882812500e+02 6.852538299560546875e+01 1.589729614257812500e+02 1.531012573242187500e+02 4.244999023437500000e+03 1.606796875000000000e+02 1.380613861083984375e+02 1.686812500000000000e+03 3.443643493652343750e+02 2.978305358886718750e+02 3.245745849609375000e+02 5.383770751953125000e+02 1.332732391357421875e+02 2.696011657714843750e+02 4.165007324218750000e+02
9.474174499511718750e+01 5.116919555664062500e+02 6.027072525024414062e+01 1.607026214599609375e+02 1.460677490234375000e+02 4.443071289062500000e+03 1.543406372070312500e+02 1.401825103759765625e+02 1.622629760742187500e+03 3.463286743164062500e+02 2.891298522949218750e+02 3.048372802734375000e+02 5.306549072265625000e+02 1.311301116943359375e+02 2.682897338867187500e+02 4.061339721679687500e+02
8.917710113525390625e+01 5.002101135253906250e+02 5.618180465698242188e+01 1.592207641601562500e+02 1.386415405273437500e+02 4.413897949218750000e+03 1.525030822753906250e+02 1.356907653808593750e+02 1.641926147460937500e+03 3.488513183593750000e+02 2.852385559082031250e+02 2.937662048339843750e+02 5.340109863281250000e+02 1.350493011474609375e+02 2.540601959228515625e+02 4.037449951171875000e+02
8.643903350830078125e+01 5.248475952148437500e+02 6.296508789062500000e+01 1.732955780029296875e+02 1.554963073730468750e+02 4.613625976562500000e+03 1.532598114013671875e+02 1.432880859375000000e+02 1.608080688476562500e+03 3.628503112792968750e+02 2.958751220703125000e+02 3.243883361816406250e+02 5.502873535156250000e+02 1.327229919433593750e+02 2.593620605468750000e+02 4.110300292968750000e+02
9.286689758300781250e+01 5.331047363281250000e+02 6.827608489990234375e+01 1.734792480468750000e+02 1.718350372314453125e+02 4.656964355468750000e+03 1.557165832519531250e+02 1.464595336914062500e+02 1.549671386718750000e+03 3.987496643066406250e+02 3.090289916992187500e+02 3.480575866699218750e+02 5.499554443359375000e+02 1.291215209960937500e+02 2.638418884277343750e+02 4.215834960937500000e+02
9.281334686279296875e+01 5.514372558593750000e+02 6.713335418701171875e+01 1.662165527343750000e+02 1.734834289550781250e+02 4.770130859375000000e+03 1.522970733642578125e+02 1.439626617431640625e+02 1.513945068359375000e+03 4.000528564453125000e+02 3.161479187011718750e+02 3.511229858398437500e+02 5.468143310546875000e+02 1.213313140869140625e+02 2.671209106445312500e+02 4.302163085937500000e+02
9.935343933105468750e+01 5.609716796875000000e+02 6.922118377685546875e+01 1.655039672851562500e+02 1.806106109619140625e+02 4.941248046875000000e+03 1.530621643066406250e+02 1.447607421875000000e+02 1.515924560546875000e+03 4.018722229003906250e+02 3.309406433105468750e+02 3.630145568847656250e+02 5.649012451171875000e+02 1.135384521484375000e+02 2.716204833984375000e+02 4.386808471679687500e+02
1.030925140380859375e+02 5.698119506835937500e+02 6.983323669433593750e+01 1.772679748535156250e+02 1.852505798339843750e+02 5.192062011718750000e+03 1.552266387939453125e+02 1.463036499023437500e+02 1.513048828125000000e+03 3.888033447265625000e+02 3.319654235839843750e+02 3.625210571289062500e+02 5.811239013671875000e+02 1.112067489624023438e+02 2.658798828125000000e+02 4.466975708007812500e+02
1.080222015380859375e+02 5.694575805664062500e+02 7.213945770263671875e+01 1.769108581542968750e+02 1.899765625000000000e+02 5.247141601562500000e+03 1.611872253417968750e+02 1.499388122558593750e+02 1.500958251953125000e+03 3.830273437500000000e+02 3.281894836425781250e+02 3.667489624023437500e+02 5.953313598632812500e+02 1.145303573608398438e+02 2.537696228027343750e+02 4.586619262695312500e+02
1.043977584838867188e+02 5.573014526367187500e+02 6.914388275146484375e+01 1.730127563476562500e+02 1.892037963867187500e+02 5.149575195312500000e+03 1.708750152587890625e+02 1.460699157714843750e+02 1.431291015625000000e+03 3.919778442382812500e+02 3.165737304687500000e+02 3.717066650390625000e+02 5.892461547851562500e+02 1.202116622924804688e+02 2.429795227050781250e+02 4.390970153808593750e+02
1.101975936889648438e+02 5.219390869140625000e+02 6.473229217529296875e+01 1.653883361816406250e+02 1.845621337890625000e+02 5.030893066406250000e+03 1.616181182861328125e+02 1.409214019775390625e+02 1.375234741210937500e+03 3.689629821777343750e+02 2.997831726074218750e+02 3.517177124023437500e+02 6.018675537109375000e+02 1.178557891845703125e+02 2.281709289550781250e+02 4.211319580078125000e+02
1.070030136108398438e+02 5.178059082031250000e+02 5.987805557250976562e+01 1.622442321777343750e+02 1.809848327636718750e+02 5.043842773437500000e+03 1.551378784179687500e+02 1.369190063476562500e+02 1.417004394531250000e+03 3.701037597656250000e+02 2.933552551269531250e+02 3.477405395507812500e+02 6.172550659179687500e+02 1.119741744995117188e+02 2.222593841552734375e+02 4.306137390136718750e+02
