1.104966201782226562e+02 4.478530883789062500e+02 5.497366714477539062e+01 1.001397399902343750e+02 1.508875579833984375e+02 2.758907714843750000e+03 1.570396575927734375e+02 1.612781524658203125e+02 1.518730346679687500e+03 3.289642639160156250e+02 2.522222290039062500e+02 3.918820800781250000e+02 5.192310180664062500e+02 1.157113494873046875e+02 2.538363037109375000e+02 3.290529785156250000e+02
9.423613739013671875e+01 4.653780517578125000e+02 5.494011688232421875e+01 1.017369079589843750e+02 1.547080078125000000e+02 2.760576904296875000e+03 1.593970184326171875e+02 1.620521545410156250e+02 1.463526977539062500e+03 3.152520141601562500e+02 2.739495849609375000e+02 3.975196228027343750e+02 5.111339111328125000e+02 1.083336029052734375e+02 2.598112487792968750e+02 3.468833618164062500e+02
8.751004028320312500e+01 4.756344909667968750e+02 5.241886901855468750e+01 1.029910583496093750e+02 1.576621246337890625e+02 2.975371582031250000e+03 1.632637634277343750e+02 1.645524597167968750e+02 1.572706665039062500e+03 3.159410705566406250e+02 2.723175354003906250e+02 3.888537902832031250e+02 4.879988708496093750e+02 1.023144226074218750e+02 2.550890197753906250e+02 3.479494323730468750e+02
1.103991928100585938e+02 4.839974975585937500e+02 4.877153015136718750e+01 1.007869110107421875e+02 1.604425964355468750e+02 2.988556640625000000e+03 1.572888183593750000e+02 1.552496032714843750e+02 1.523284179687500000e+03 3.239914245605468750e+02 2.633397827148437500e+02 3.850578002929687500e+02 5.520921020507812500e+02 1.215444183349609375e+02 2.565978088378906250e+02 3.344088134765625000e+02
9.950683593750000000e+01 5.112766113281250000e+02 5.231053924560546875e+01 9.977238464355468750e+01 1.629776153564453125e+02 3.105180908203125000e+03 1.606546020507812500e+02 1.625645904541015625e+02 1.477064086914062500e+03 3.679487304687500000e+02 2.962908325195312500e+02 3.931461791992187500e+02 5.123214111328125000e+02 1.209141921997070312e+02 2.639082031250000000e+02 3.424371337890625000e+02
8.631907653808593750e+01 5.016779785156250000e+02 5.222350692749023438e+01 1.058319244384765625e+02 1.620745544433593750e+02 2.853827880859375000e+03 1.532566833496093750e+02 1.759951019287109375e+02 1.484754516601562500e+03 3.663714904785156250e+02 3.020056152343750000e+02 3.858970336914062500e+02 5.168736572265625000e+02 1.187714538574218750e+02 2.496658020019531250e+02 3.598289489746093750e+02
8.381687164306640625e+01 5.462368774414062500e+02 5.134601211547851562e+01 1.093914642333984375e+02 1.641973876953125000e+02 2.775534179687500000e+03 1.837533874511718750e+02 1.756156311035156250e+02 1.473281250000000000e+03 3.982523803710937500e+02 3.270985107421875000e+02 3.907042846679687500e+02 5.592851562500000000e+02 1.180186767578125000e+02 2.624100952148437500e+02 3.549890136718750000e+02
9.005949401855468750e+01 5.449672241210937500e+02 5.786732864379882812e+01 1.202079162597656250e+02 1.702261657714843750e+02 2.770126953125000000e+03 1.642655029296875000e+02 1.804117126464843750e+02 1.496785156250000000e+03 3.780761108398437500e+02 3.462425231933593750e+02 3.946394042968750000e+02 5.946960449218750000e+02 1.175862731933593750e+02 2.340896759033203125e+02 3.508126220703125000e+02
8.377835083007812500e+01 5.283144531250000000e+02 5.247305297851562500e+01 1.165008850097656250e+02 1.651718597412109375e+02 2.601370605468750000e+03 1.726223907470703125e+02 1.626511688232421875e+02 1.480918334960937500e+03 3.597621765136718750e+02 3.329849853515625000e+02 3.829755249023437500e+02 5.654550781250000000e+02 1.163180618286132812e+02 2.355951843261718750e+02 3.550751647949218750e+02
9.520538330078125000e+01 5.166932983398437500e+02 5.230883789062500000e+01 1.205535888671875000e+02 1.657120361328125000e+02 2.707618408203125000e+03 1.609912719726562500e+02 1.764995727539062500e+02 1.437928588867187500e+03 3.494727783203125000e+02 3.379837036132812500e+02 3.934404907226562500e+02 5.183496704101562500e+02 1.149346923828125000e+02 2.300155334472656250e+02 3.426332702636718750e+02
8.521451568603515625e+01 5.260950927734375000e+02 5.763536071777343750e+01 1.173735046386718750e+02 1.676986083984375000e+02 2.773377685546875000e+03 1.576488800048828125e+02 1.702947235107421875e+02 1.412705444335937500e+03 3.590570068359375000e+02 3.345809936523437500e+02 3.878267211914062500e+02 5.533571777343750000e+02 1.078378906250000000e+02 2.345126190185546875e+02 3.528860473632812500e+02
7.810921478271484375e+01 5.119273681640625000e+02 4.945514678955078125e+01 1.136198730468750000e+02 1.630939636230468750e+02 2.482176513671875000e+03 1.532538146972656250e+02 1.610621185302734375e+02 1.379371948242187500e+03 3.675267333984375000e+02 3.357070312500000000e+02 3.766307067871093750e+02 5.170595703125000000e+02 1.132244873046875000e+02 2.175542602539062500e+02 3.459176025390625000e+02
7.989522552490234375e+01 4.948111572265625000e+02 4.654765701293945312e+01 1.060120239257812500e+02 1.655859069824218750e+02 2.343277099609375000e+03 1.447051239013671875e+02 1.537951812744140625e+02 1.376603515625000000e+03 3.604183654785156250e+02 3.197565917968750000e+02 3.710602111816406250e+02 4.876853332519531250e+02 1.124977645874023438e+02 2.458137054443359375e+02 3.643618469238281250e+02
9.773776245117187500e+01 4.804041137695312500e+02 4.848760223388671875e+01 9.991833496093750000e+01 1.573918457031250000e+02 2.480623046875000000e+03 1.413609924316406250e+02 1.547203063964843750e+02 1.308430908203125000e+03 3.263370971679687500e+02 3.028794860839843750e+02 3.639123229980468750e+02 4.814323120117187500e+02 1.123885040283203125e+02 2.130581970214843750e+02 3.576495361328125000e+02
7.868370056152343750e+01 4.454628295898437500e+02 4.316272735595703125e+01 9.382934570312500000e+01 1.566748962402343750e+02 2.586674804687500000e+03 1.432544555664062500e+02 1.442411804199218750e+02 1.271788818359375000e+03 3.435822448730468750e+02 2.796134033203125000e+02 3.380710449218750000e+02 4.437608642578125000e+02 1.059770507812500000e+02 2.140799560546875000e+02 3.516488647460937500e+02
7.253646850585937500e+01 4.289739074707031250e+02 3.447829055786132812e+01 8.746054077148437500e+01 1.408968505859375000e+02 2.315812988281250000e+03 1.314090270996093750e+02 1.268404388427734375e+02 1.188816284179687500e+03 3.468146362304687500e+02 2.615768432617187500e+02 3.020522766113281250e+02 4.243675231933593750e+02 1.028777313232421875e+02 2.046965942382812500e+02 3.374750366210937500e+02
8.276424407958984375e+01 4.359930419921875000e+02 3.655895996093750000e+01 9.382640075683593750e+01 1.453478088378906250e+02 2.384616699218750000e+03 1.400175476074218750e+02 1.444584197998046875e+02 1.272089355468750000e+03 3.547197265625000000e+02 2.677432556152343750e+02 3.359508056640625000e+02 4.225751647949218750e+02 1.075426025390625000e+02 1.954367370605468750e+02 3.454066467285156250e+02
7.232141876220703125e+01 4.285543823242187500e+02 3.650447845458984375e+01 9.410499572753906250e+01 1.282914123535156250e+02 2.349900878906250000e+03 1.376092529296875000e+02 1.336426086425781250e+02 1.283700927734375000e+03 3.517758483886718750e+02 2.526383514404296875e+02 3.092579650878906250e+02 3.950256958007812500e+02 1.028428192138671875e+02 1.952385253906250000e+02 3.584713134765625000e+02
7.562069702148437500e+01 4.404873046875000000e+02 4.089337158203125000e+01 1.022866973876953125e+02 1.385806121826171875e+02 2.410207031250000000e+03 1.347270507812500000e+02 1.432194519042968750e+02 1.260321166992187500e+03 3.424660949707031250e+02 2.713322753906250000e+02 3.095664672851562500e+02 4.490128784179687500e+02 1.168235931396484375e+02 2.226934509277343750e+02 3.903212890625000000e+02
8.121073913574218750e+01 4.459775390625000000e+02 4.271476745605468750e+01 1.287278747558593750e+02 1.392665405273437500e+02 2.573895507812500000e+03 1.383929443359375000e+02 1.590817413330078125e+02 1.336964843750000000e+03 3.740570068359375000e+02 3.043452148437500000e+02 3.237330017089843750e+02 4.574691772460937500e+02 1.245657806396484375e+02 2.305864562988281250e+02 4.053352050781250000e+02
1.112157592773437500e+02 4.643447265625000000e+02 4.704715728759765625e+01 1.467046813964843750e+02 1.322713165283203125e+02 3.044576904296875000e+03 1.546468963623046875e+02 1.576840515136718750e+02 1.313809448242187500e+03 3.670017089843750000e+02 3.025441284179687500e+02 3.098653869628906250e+02 4.649522094726562500e+02 1.245215225219726562e+02 2.164764404296875000e+02 4.124618530273437500e+02
1.115723800659179688e+02 5.211882324218750000e+02 6.566790771484375000e+01 1.812414245605468750e+02 1.377761383056640625e+02 3.551026611328125000e+03 1.636733703613281250e+02 1.731898803710937500e+02 1.593585205078125000e+03 3.417236938476562500e+02 3.370685424804687500e+02 3.382719726562500000e+02 4.772758178710937500e+02 1.214365539550781250e+02 2.140423736572265625e+02 4.074957885742187500e+02
1.151489334106445312e+02 5.367677612304687500e+02 6.894505310058593750e+01 2.007263488769531250e+02 1.401170959472656250e+02 4.304849609375000000e+03 1.719791870117187500e+02 1.787794647216796875e+02 1.523457885742187500e+03 3.606246337890625000e+02 3.478729248046875000e+02 3.334347534179687500e+02 5.492397460937500000e+02 1.212811889648437500e+02 2.323855285644531250e+02 4.111662597656250000e+02
1.025936737060546875e+02 4.760034790039062500e+02 5.983698272705078125e+01 1.663124389648437500e+02 1.514319000244140625e+02 3.854147705078125000e+03 1.544059143066406250e+02 1.566327667236328125e+02 1.444875366210937500e+03 3.715668640136718750e+02 3.029486083984375000e+02 3.233114318847656250e+02 5.857733764648437500e+02 1.083743743896484375e+02 2.188054504394531250e+02 3.766957702636718750e+02
8.327017211914062500e+01 4.375280151367187500e+02 3.836670684814453125e+01 1.305463867187500000e+02 1.182966766357421875e+02 3.224725585937500000e+03 1.381236877441406250e+02 1.418964843750000000e+02 1.299760498046875000e+03 3.828641052246093750e+02 2.672546997070312500e+02 2.710211181640625000e+02 5.082904663085937500e+02 1.016709213256835938e+02 2.027305297851562500e+02 3.438554687500000000e+02
7.736854553222656250e+01 4.135997924804687500e+02 3.184384918212890625e+01 1.170481262207031250e+02 1.181986694335937500e+02 3.740546386718750000e+03 1.372956237792968750e+02 1.314324951171875000e+02 1.241030639648437500e+03 3.719845581054687500e+02 2.518362731933593750e+02 2.829255676269531250e+02 5.083713378906250000e+02 9.871143341064453125e+01 1.963174438476562500e+02 3.311697998046875000e+02
6.933078002929687500e+01 4.042210388183593750e+02 2.867776107788085938e+01 1.071739959716796875e+02 1.152705078125000000e+02 3.697077392578125000e+03 1.349803161621093750e+02 1.244236526489257812e+02 1.206593627929687500e+03 3.294308471679687500e+02 2.360314025878906250e+02 2.756821594238281250e+02 4.741414489746093750e+02 9.403961181640625000e+01 1.860385589599609375e+02 3.243731384277343750e+02
6.990290832519531250e+01 4.190169677734375000e+02 2.832810211181640625e+01 1.061980743408203125e+02 1.266261138916015625e+02 3.428731445312500000e+03 1.284521026611328125e+02 1.198822708129882812e+02 1.221022460937500000e+03 3.425103149414062500e+02 2.454953918457031250e+02 3.026475524902343750e+02 4.658515014648437500e+02 9.157790374755859375e+01 1.898820800781250000e+02 3.330491333007812500e+02
6.417730712890625000e+01 4.169895629882812500e+02 3.157827377319335938e+01 9.922802734375000000e+01 1.301351623535156250e+02 3.206404785156250000e+03 1.240483703613281250e+02 1.224080886840820312e+02 1.257285644531250000e+03 3.739913940429687500e+02 2.368875274658203125e+02 3.156596069335937500e+02 4.813567199707031250e+02 9.380293273925781250e+01 1.877746276855468750e+02 3.395180053710937500e+02
6.479431915283203125e+01 4.040359497070312500e+02 2.904367828369140625e+01 8.420758056640625000e+01 1.317504882812500000e+02 3.013121093750000000e+03 1.248645019531250000e+02 1.161616592407226562e+02 1.247688110351562500e+03 3.412222595214843750e+02 2.227664337158203125e+02 3.068187255859375000e+02 4.792969665527343750e+02 9.452919006347656250e+01 1.723590393066406250e+02 3.348464355468750000e+02
6.228334808349609375e+01 4.121020507812500000e+02 2.729318618774414062e+01 8.743821716308593750e+01 1.438024902343750000e+02 2.749544677734375000e+03 1.228819046020507812e+02 1.260879821777343750e+02 1.234995971679687500e+03 3.229889831542968750e+02 2.255205383300781250e+02 3.277127685546875000e+02 4.736976013183593750e+02 8.974808502197265625e+01 1.576252746582031250e+02 3.277676391601562500e+02
6.054526519775390625e+01 3.986467895507812500e+02 3.032658767700195312e+01 8.698506164550781250e+01 1.451940612792968750e+02 2.468199707031250000e+03 1.159456939697265625e+02 1.245789947509765625e+02 1.168158203125000000e+03 3.158006896972656250e+02 2.201907348632812500e+02 3.287070312500000000e+02 4.962880859375000000e+02 9.026901245117187500e+01 1.665381774902343750e+02 3.223187866210937500e+02
6.039279174804687500e+01 3.912985229492187500e+02 3.237044525146484375e+01 9.297238159179687500e+01 1.359849548339843750e+02 2.541308593750000000e+03 1.133141174316406250e+02 1.165086746215820312e+02 1.190697509765625000e+03 3.200283508300781250e+02 2.178179931640625000e+02 3.328464355468750000e+02 5.076345825195312500e+02 9.278179168701171875e+01 1.742122192382812500e+02 3.211909790039062500e+02
7.054194641113281250e+01 3.855474853515625000e+02 3.446311950683593750e+01 9.219300842285156250e+01 1.243010177612304688e+02 2.736166503906250000e+03 1.189741516113281250e+02 1.156277618408203125e+02 1.152551147460937500e+03 3.011520996093750000e+02 2.142862243652343750e+02 3.375806579589843750e+02 5.080976562500000000e+02 9.086085510253906250e+01 1.855834045410156250e+02 3.248731994628906250e+02
6.918927001953125000e+01 4.036377563476562500e+02 4.124782562255859375e+01 9.270307922363281250e+01 1.328782196044921875e+02 2.774258789062500000e+03 1.300309143066406250e+02 1.206637039184570312e+02 1.287302124023437500e+03 2.904786987304687500e+02 2.233816986083984375e+02 3.296478576660156250e+02 5.127467041015625000e+02 8.873706817626953125e+01 2.076133728027343750e+02 3.213026123046875000e+02
7.203640747070312500e+01 4.139165649414062500e+02 4.303896713256835938e+01 9.088728332519531250e+01 1.353971252441406250e+02 2.793278320312500000e+03 1.346671752929687500e+02 1.232272796630859375e+02 1.219956909179687500e+03 2.938148803710937500e+02 2.247170562744140625e+02 3.427359008789062500e+02 5.112396240234375000e+02 8.637905883789062500e+01 2.105365295410156250e+02 3.365491333007812500e+02
8.409911346435546875e+01 4.119230957031250000e+02 4.326325988769531250e+01 8.672483825683593750e+01 1.294477996826171875e+02 2.748861572265625000e+03 1.336448669433593750e+02 1.235785064697265625e+02 1.223899414062500000e+03 3.062007446289062500e+02 2.182563171386718750e+02 3.337040100097656250e+02 5.162033081054687500e+02 8.793368530273437500e+01 2.049174499511718750e+02 3.386969604492187500e+02
8.149043273925781250e+01 4.054186096191406250e+02 3.810135650634765625e+01 8.246588134765625000e+01 1.269659500122070312e+02 3.025389160156250000e+03 1.298452453613281250e+02 1.214509124755859375e+02 1.304375488281250000e+03 3.223385314941406250e+02 2.210045166015625000e+02 3.288074645996093750e+02 5.420559082031250000e+02 8.704655456542968750e+01 1.926411895751953125e+02 3.287373657226562500e+02
7.020153808593750000e+01 4.019623718261718750e+02 3.970927429199218750e+01 8.160569763183593750e+01 1.307024841308593750e+02 2.832532714843750000e+03 1.286807556152343750e+02 1.171093444824218750e+02 1.405518554687500000e+03 3.164866333007812500e+02 2.199039306640625000e+02 3.110301513671875000e+02 5.457935180664062500e+02 9.662977600097656250e+01 1.891220703125000000e+02 3.146712036132812500e+02
7.404016113281250000e+01 4.040725708007812500e+02 5.234185791015625000e+01 8.484469604492187500e+01 1.296623077392578125e+02 2.984163085937500000e+03 1.280466308593750000e+02 1.205114440917968750e+02 1.384344238281250000e+03 2.967721557617187500e+02 2.163782348632812500e+02 3.230835876464843750e+02 5.517886962890625000e+02 1.114253540039062500e+02 2.171470489501953125e+02 3.114055175781250000e+02
8.292384338378906250e+01 4.344304199218750000e+02 5.757650756835937500e+01 9.457022094726562500e+01 1.337768096923828125e+02 3.330656738281250000e+03 1.276449203491210938e+02 1.282684173583984375e+02 1.356479248046875000e+03 2.865797729492187500e+02 2.355930175781250000e+02 3.418007202148437500e+02 5.392243652343750000e+02 1.163074874877929688e+02 2.474176788330078125e+02 3.274317626953125000e+02
7.701779937744140625e+01 4.237067260742187500e+02 5.546181869506835938e+01 9.324209594726562500e+01 1.383646545410156250e+02 3.500698974609375000e+03 1.339921569824218750e+02 1.223327102661132812e+02 1.367454589843750000e+03 2.910165710449218750e+02 2.364563751220703125e+02 3.225019531250000000e+02 5.228514404296875000e+02 1.124335098266601562e+02 2.577107543945312500e+02 3.336609497070312500e+02
8.590662384033203125e+01 4.352698059082031250e+02 5.522373962402343750e+01 9.942111206054687500e+01 1.416588745117187500e+02 3.609560058593750000e+03 1.385952758789062500e+02 1.225442504882812500e+02 1.357905029296875000e+03 3.087068481445312500e+02 2.423629455566406250e+02 3.353527221679687500e+02 5.199075317382812500e+02 1.238098297119140625e+02 2.548609466552734375e+02 3.495961303710937500e+02
8.594906616210937500e+01 4.484629516601562500e+02 5.329505920410156250e+01 1.167151336669921875e+02 1.413055419921875000e+02 3.618276123046875000e+03 1.387001647949218750e+02 1.241142807006835938e+02 1.608958496093750000e+03 3.048955688476562500e+02 2.572338256835937500e+02 3.343688354492187500e+02 5.314623413085937500e+02 1.183418884277343750e+02 2.571676940917968750e+02 3.634039306640625000e+02
8.222009277343750000e+01 4.320330200195312500e+02 5.130458068847656250e+01 1.100948944091796875e+02 1.375353088378906250e+02 3.155105957031250000e+03 1.340094299316406250e+02 1.206142349243164062e+02 1.561398193359375000e+03 3.000698242187500000e+02 2.457986450195312500e+02 3.093206481933593750e+02 5.303930664062500000e+02 1.115524902343750000e+02 2.472191925048828125e+02 3.649474182128906250e+02
9.135133361816406250e+01 4.363259887695312500e+02 5.523017501831054688e+01 1.112336273193359375e+02 1.437013854980468750e+02 3.081288085937500000e+03 1.368724670410156250e+02 1.235813064575195312e+02 1.520434692382812500e+03 2.950947265625000000e+02 2.468425598144531250e+02 3.212633666992187500e+02 5.234133911132812500e+02 1.316940917968750000e+02 2.595282897949218750e+02 3.589099731445312500e+02
9.625857543945312500e+01 4.560823364257812500e+02 5.458458709716796875e+01 1.180323944091796875e+02 1.608765258789062500e+02 3.366998779296875000e+03 1.456793670654296875e+02 1.208863754272460938e+02 1.600213378906250000e+03 3.061561584472656250e+02 2.611552429199218750e+02 3.322518615722656250e+02 5.283534545898437500e+02 1.336396484375000000e+02 2.438240356445312500e+02 3.891297302246093750e+02
8.645502471923828125e+01 4.577538452148437500e+02 4.813443756103515625e+01 1.124895782470703125e+02 1.575319213867187500e+02 3.466337402343750000e+03 1.393365783691406250e+02 1.170182342529296875e+02 1.593805419921875000e+03 3.082606201171875000e+02 2.456433715820312500e+02 3.167815551757812500e+02 5.092774353027343750e+02 1.203215179443359375e+02 2.553576507568359375e+02 3.838358459472656250e+02
8.062886047363281250e+01 4.311423339843750000e+02 4.039772033691406250e+01 1.145927124023437500e+02 1.456885986328125000e+02 3.506855957031250000e+03 1.335093078613281250e+02 1.202859725952148438e+02 1.495838134765625000e+03 3.075991210937500000e+02 2.384746093750000000e+02 2.837935791015625000e+02 4.968743286132812500e+02 1.183661422729492188e+02 2.478114624023437500e+02 3.717076416015625000e+02
7.459455871582031250e+01 4.241416931152343750e+02 3.879047393798828125e+01 1.102201995849609375e+02 1.387821044921875000e+02 3.812020751953125000e+03 1.331434936523437500e+02 1.150591049194335938e+02 1.536050903320312500e+03 3.106457519531250000e+02 2.359455871582031250e+02 2.728999938964843750e+02 5.046990356445312500e+02 1.235649108886718750e+02 2.317490692138671875e+02 3.726244201660156250e+02
7.202401733398437500e+01 4.753665161132812500e+02 5.047445678710937500e+01 1.339642333984375000e+02 1.623929901123046875e+02 3.855933105468750000e+03 1.337697448730468750e+02 1.249859085083007812e+02 1.468320068359375000e+03 3.293397521972656250e+02 2.500671234130859375e+02 3.330278930664062500e+02 5.290852050781250000e+02 1.178170471191406250e+02 2.437230987548828125e+02 3.822423095703125000e+02
8.222528076171875000e+01 4.763100585937500000e+02 5.367197418212890625e+01 1.273912124633789062e+02 1.692083129882812500e+02 3.897967285156250000e+03 1.355139465332031250e+02 1.235282897949218750e+02 1.397212768554687500e+03 3.910111999511718750e+02 2.621034240722656250e+02 3.549325866699218750e+02 5.093085327148437500e+02 1.153512573242187500e+02 2.489666748046875000e+02 3.900119628906250000e+02
7.884558868408203125e+01 5.081898498535156250e+02 4.940320587158203125e+01 1.208589324951171875e+02 1.632653350830078125e+02 3.726292968750000000e+03 1.306229248046875000e+02 1.197997360229492188e+02 1.374315307617187500e+03 3.539683227539062500e+02 2.672503662109375000e+02 3.409727478027343750e+02 4.996759033203125000e+02 1.089850311279296875e+02 2.509401702880859375e+02 3.951632690429687500e+02
9.133354949951171875e+01 5.144706420898437500e+02 5.359309768676757812e+01 1.268352432250976562e+02 1.697253723144531250e+02 3.854568359375000000e+03 1.330958251953125000e+02 1.220132827758789062e+02 1.397611450195312500e+03 3.662394409179687500e+02 2.966946716308593750e+02 3.631599121093750000e+02 5.337589111328125000e+02 1.033908538818359375e+02 2.579574279785156250e+02 4.039195861816406250e+02
9.352392578125000000e+01 5.266165771484375000e+02 5.274354171752929688e+01 1.509253845214843750e+02 1.704779510498046875e+02 4.003355224609375000e+03 1.360197753906250000e+02 1.232943267822265625e+02 1.401868041992187500e+03 3.536482543945312500e+02 2.907048645019531250e+02 3.486309509277343750e+02 5.454590454101562500e+02 1.030579681396484375e+02 2.401153564453125000e+02 4.102759094238281250e+02
1.019581832885742188e+02 5.248977661132812500e+02 5.668124008178710938e+01 1.429472045898437500e+02 1.724860839843750000e+02 4.457618164062500000e+03 1.464417724609375000e+02 1.286637268066406250e+02 1.380756591796875000e+03 3.546365051269531250e+02 2.882309265136718750e+02 3.590397644042968750e+02 5.561751098632812500e+02 1.099975128173828125e+02 2.199506988525390625e+02 4.262675476074218750e+02
9.207435607910156250e+01 5.094309082031250000e+02 5.113405990600585938e+01 1.395169982910156250e+02 1.700876312255859375e+02 4.287485839843750000e+03 1.640184783935546875e+02 1.220850219726562500e+02 1.336343505859375000e+03 3.790862426757812500e+02 2.740881347656250000e+02 3.643807678222656250e+02 5.268594970703125000e+02 1.182953948974609375e+02 2.116855621337890625e+02 3.902388916015625000e+02
1.102502288818359375e+02 4.681887817382812500e+02 4.851132965087890625e+01 1.314732055664062500e+02 1.663815307617187500e+02 4.374265136718750000e+03 1.435032348632812500e+02 1.190272140502929688e+02 1.305031494140625000e+03 3.396919555664062500e+02 2.592522583007812500e+02 3.070317993164062500e+02 5.673992919921875000e+02 1.099339294433593750e+02 1.995179443359375000e+02 3.811081237792968750e+02
9.886820983886718750e+01 4.949757080078125000e+02 4.689350128173828125e+01 1.362006225585937500e+02 1.661051025390625000e+02 4.748738281250000000e+03 1.414163208007812500e+02 1.178297653198242188e+02 1.441604858398437500e+03 3.613482360839843750e+02 2.642034301757812500e+02 3.263615417480468750e+02 5.930088500976562500e+02 1.034563751220703125e+02 2.064372558593750000e+02 4.175549621582031250e+02
1.118757934570312500e+02 4.643084106445312500e+02 4.783309936523437500e+01 1.337243957519531250e+02 1.624012451171875000e+02 4.288936035156250000e+03 1.438885955810546875e+02 1.175846252441406250e+02 1.324746337890625000e+03 3.303316040039062500e+02 2.656175537109375000e+02 3.117101440429687500e+02 5.801026611328125000e+02 1.192534255981445312e+02 1.949588012695312500e+02 4.000986633300781250e+02
