9.924525451660156250e+01 4.678553161621093750e+02 5.826065063476562500e+01 1.225812072753906250e+02 1.250486755371093750e+02 3.360428222656250000e+03 1.576815490722656250e+02 1.630251159667968750e+02 1.472114868164062500e+03 3.349331665039062500e+02 2.767395935058593750e+02 3.465736083984375000e+02 4.980297241210937500e+02 1.155020446777343750e+02 2.577634582519531250e+02 3.440678710937500000e+02
9.308502197265625000e+01 4.662015686035156250e+02 5.448040008544921875e+01 1.198836822509765625e+02 1.260186386108398438e+02 3.335064208984375000e+03 1.548624877929687500e+02 1.593950500488281250e+02 1.435414062500000000e+03 3.248323669433593750e+02 2.779249877929687500e+02 3.489319763183593750e+02 4.898408813476562500e+02 1.076554565429687500e+02 2.631744995117187500e+02 3.469277343750000000e+02
8.571078491210937500e+01 4.644494628906250000e+02 4.973865509033203125e+01 1.166201934814453125e+02 1.269933242797851562e+02 3.287356445312500000e+03 1.541015014648437500e+02 1.569343872070312500e+02 1.473566894531250000e+03 3.201033325195312500e+02 2.730914611816406250e+02 3.476123046875000000e+02 4.634133605957031250e+02 1.005153656005859375e+02 2.572978820800781250e+02 3.450212097167968750e+02
9.202394104003906250e+01 4.626779785156250000e+02 4.355015563964843750e+01 1.114220123291015625e+02 1.278829879760742188e+02 3.188421142578125000e+03 1.498459777832031250e+02 1.497955017089843750e+02 1.459216918945312500e+03 3.193516235351562500e+02 2.642041015625000000e+02 3.450303344726562500e+02 4.795086059570312500e+02 1.050132141113281250e+02 2.483000335693359375e+02 3.356949462890625000e+02
8.843399047851562500e+01 4.654532470703125000e+02 4.072769165039062500e+01 1.037128143310546875e+02 1.288164978027343750e+02 3.154958496093750000e+03 1.481191864013671875e+02 1.474141235351562500e+02 1.414179809570312500e+03 3.286002197265625000e+02 2.678164672851562500e+02 3.454215698242187500e+02 4.598786010742187500e+02 1.059223175048828125e+02 2.423420104980468750e+02 3.311296691894531250e+02
7.816316223144531250e+01 4.495893554687500000e+02 3.720441436767578125e+01 9.430862426757812500e+01 1.286779479980468750e+02 3.106947753906250000e+03 1.415670166015625000e+02 1.476432495117187500e+02 1.374755371093750000e+03 3.237351074218750000e+02 2.621967163085937500e+02 3.422641296386718750e+02 4.431610107421875000e+02 1.029530029296875000e+02 2.264357604980468750e+02 3.280961303710937500e+02
7.149185180664062500e+01 4.485380859375000000e+02 3.184777069091796875e+01 8.660391235351562500e+01 1.287571258544921875e+02 3.041135253906250000e+03 1.463333435058593750e+02 1.432078552246093750e+02 1.321831665039062500e+03 3.286332397460937500e+02 2.613399658203125000e+02 3.407390136718750000e+02 4.477559204101562500e+02 9.992666625976562500e+01 2.205217895507812500e+02 3.199759521484375000e+02
6.980972290039062500e+01 4.436382446289062500e+02 3.001359939575195312e+01 8.401858520507812500e+01 1.303369903564453125e+02 3.032503173828125000e+03 1.406665496826171875e+02 1.409429016113281250e+02 1.289822631835937500e+03 3.204660339355468750e+02 2.645540466308593750e+02 3.403763122558593750e+02 4.546800842285156250e+02 9.787161254882812500e+01 1.998425903320312500e+02 3.131517944335937500e+02
6.685650634765625000e+01 4.336667785644531250e+02 2.615063858032226562e+01 8.011077880859375000e+01 1.293043518066406250e+02 3.018548828125000000e+03 1.404564361572265625e+02 1.325632629394531250e+02 1.262123413085937500e+03 3.103744506835937500e+02 2.598479003906250000e+02 3.333701477050781250e+02 4.384981384277343750e+02 9.637034606933593750e+01 1.904161224365234375e+02 3.102200317382812500e+02
6.927224731445312500e+01 4.265614318847656250e+02 2.441430664062500000e+01 8.039511108398437500e+01 1.279158782958984375e+02 3.029459716796875000e+03 1.368383483886718750e+02 1.337102050781250000e+02 1.233301269531250000e+03 3.036470336914062500e+02 2.599250488281250000e+02 3.308554077148437500e+02 4.070195617675781250e+02 9.582507324218750000e+01 1.848824157714843750e+02 3.056714172363281250e+02
6.842247009277343750e+01 4.318602294921875000e+02 2.716339492797851562e+01 8.188006591796875000e+01 1.270357360839843750e+02 3.077724365234375000e+03 1.358932800292968750e+02 1.344056091308593750e+02 1.218142089843750000e+03 3.071819458007812500e+02 2.627004394531250000e+02 3.274771728515625000e+02 4.080147399902343750e+02 9.457385253906250000e+01 1.868745269775390625e+02 3.098338928222656250e+02
6.722687530517578125e+01 4.384191284179687500e+02 2.740767669677734375e+01 8.552445983886718750e+01 1.257448196411132812e+02 3.028115234375000000e+03 1.367415466308593750e+02 1.348931884765625000e+02 1.211720703125000000e+03 3.173574523925781250e+02 2.711013793945312500e+02 3.230722656250000000e+02 4.010033569335937500e+02 9.783943176269531250e+01 1.855370025634765625e+02 3.141987304687500000e+02
7.010836029052734375e+01 4.462067871093750000e+02 2.898419952392578125e+01 8.963662719726562500e+01 1.263281707763671875e+02 3.029280029296875000e+03 1.367294311523437500e+02 1.368018341064453125e+02 1.230284667968750000e+03 3.262108459472656250e+02 2.769834899902343750e+02 3.203483276367187500e+02 3.920686645507812500e+02 1.014205932617187500e+02 1.988269348144531250e+02 3.285551147460937500e+02
8.054586791992187500e+01 4.565883178710937500e+02 3.334399414062500000e+01 9.524032592773437500e+01 1.256182403564453125e+02 3.032315917968750000e+03 1.387113800048828125e+02 1.429715728759765625e+02 1.234674926757812500e+03 3.221684875488281250e+02 2.818035888671875000e+02 3.187883911132812500e+02 3.941054077148437500e+02 1.055116424560546875e+02 1.979017333984375000e+02 3.398905029296875000e+02
8.085492706298828125e+01 4.586336059570312500e+02 3.658621215820312500e+01 1.013983001708984375e+02 1.255249481201171875e+02 3.025609375000000000e+03 1.437031860351562500e+02 1.461437683105468750e+02 1.247894287109375000e+03 3.356972961425781250e+02 2.839041442871093750e+02 3.136447753906250000e+02 3.907357482910156250e+02 1.073052215576171875e+02 2.021736755371093750e+02 3.499334716796875000e+02
8.142163085937500000e+01 4.639511108398437500e+02 3.782956314086914062e+01 1.071033782958984375e+02 1.236279373168945312e+02 3.043355224609375000e+03 1.432973022460937500e+02 1.437267761230468750e+02 1.243139526367187500e+03 3.504357604980468750e+02 2.860182800292968750e+02 3.032919311523437500e+02 3.897036132812500000e+02 1.091957244873046875e+02 2.041000213623046875e+02 3.552978515625000000e+02
8.838790893554687500e+01 4.793954467773437500e+02 4.236991882324218750e+01 1.181051025390625000e+02 1.235951995849609375e+02 3.140306640625000000e+03 1.498116607666015625e+02 1.537252502441406250e+02 1.296583129882812500e+03 3.671923522949218750e+02 2.971748657226562500e+02 3.078765258789062500e+02 3.970465087890625000e+02 1.140676727294921875e+02 2.058481750488281250e+02 3.672122192382812500e+02
8.865995025634765625e+01 4.895671081542968750e+02 4.682659530639648438e+01 1.270210494995117188e+02 1.220285797119140625e+02 3.156503417968750000e+03 1.537804718017578125e+02 1.561790771484375000e+02 1.344040527343750000e+03 3.786254272460937500e+02 3.002937927246093750e+02 3.075517578125000000e+02 3.964133605957031250e+02 1.157778930664062500e+02 2.093965759277343750e+02 3.817651062011718750e+02
9.071493530273437500e+01 4.988146057128906250e+02 5.074143981933593750e+01 1.350076904296875000e+02 1.226465911865234375e+02 3.269511230468750000e+03 1.543421936035156250e+02 1.614179840087890625e+02 1.363609985351562500e+03 3.817982788085937500e+02 3.091457824707031250e+02 3.065990905761718750e+02 4.153246459960937500e+02 1.215952682495117188e+02 2.204508819580078125e+02 3.998740844726562500e+02
9.271945953369140625e+01 5.002354736328125000e+02 5.231150054931640625e+01 1.467076263427734375e+02 1.233276290893554688e+02 3.395052490234375000e+03 1.548515472412109375e+02 1.680485534667968750e+02 1.396864990234375000e+03 3.930755310058593750e+02 3.220454711914062500e+02 3.079854736328125000e+02 4.271882934570312500e+02 1.264977188110351562e+02 2.289575653076171875e+02 4.128493957519531250e+02
1.020934448242187500e+02 5.001324157714843750e+02 5.279243850708007812e+01 1.548219299316406250e+02 1.218068618774414062e+02 3.469364501953125000e+03 1.589195404052734375e+02 1.679664611816406250e+02 1.389887207031250000e+03 3.915635986328125000e+02 3.222069091796875000e+02 3.015027465820312500e+02 4.270562438964843750e+02 1.275969009399414062e+02 2.261865081787109375e+02 4.184185791015625000e+02
1.053212280273437500e+02 5.108936157226562500e+02 5.792559051513671875e+01 1.662096557617187500e+02 1.203456954956054688e+02 3.526219970703125000e+03 1.613962097167968750e+02 1.705313110351562500e+02 1.471477416992187500e+03 3.729785766601562500e+02 3.286889343261718750e+02 3.023618774414062500e+02 4.171219177246093750e+02 1.248652877807617188e+02 2.205255126953125000e+02 4.132890930175781250e+02
8.301365661621093750e+01 4.137773437500000000e+02 4.848343658447265625e+01 1.116205749511718750e+02 1.093928680419921875e+02 3.276374511718750000e+03 1.344054565429687500e+02 1.326489105224609375e+02 1.418614990234375000e+03 3.309735717773437500e+02 2.545928649902343750e+02 2.443374023437500000e+02 4.386944885253906250e+02 1.019217681884765625e+02 1.967772216796875000e+02 3.444630432128906250e+02
7.214510345458984375e+01 3.766121520996093750e+02 4.094849777221679688e+01 9.091572570800781250e+01 9.732762145996093750e+01 3.126820800781250000e+03 1.240807647705078125e+02 1.183431396484375000e+02 1.383572387695312500e+03 3.406332092285156250e+02 2.243321838378906250e+02 2.076643829345703125e+02 4.378503417968750000e+02 9.167911529541015625e+01 1.866810760498046875e+02 3.129960327148437500e+02
6.984465026855468750e+01 3.775155944824218750e+02 4.102698898315429688e+01 9.138803100585937500e+01 9.536376190185546875e+01 3.240381835937500000e+03 1.212850418090820312e+02 1.195276565551757812e+02 1.394406494140625000e+03 3.554364929199218750e+02 2.230542907714843750e+02 2.223505706787109375e+02 4.485505065917968750e+02 9.145082092285156250e+01 1.906353454589843750e+02 3.112924499511718750e+02
7.007064056396484375e+01 3.766681823730468750e+02 4.035015106201171875e+01 9.390647888183593750e+01 9.168141937255859375e+01 3.150675048828125000e+03 1.252324981689453125e+02 1.177309341430664062e+02 1.366420654296875000e+03 3.570624084472656250e+02 2.237695312500000000e+02 2.292545623779296875e+02 4.464980773925781250e+02 9.161120605468750000e+01 1.900910644531250000e+02 3.093797607421875000e+02
6.799033355712890625e+01 3.838742370605468750e+02 4.116305160522460938e+01 9.714280700683593750e+01 9.236951446533203125e+01 3.153411132812500000e+03 1.280011901855468750e+02 1.182153701782226562e+02 1.359238891601562500e+03 3.386448364257812500e+02 2.235575561523437500e+02 2.360741271972656250e+02 4.340118408203125000e+02 9.112408447265625000e+01 1.876955261230468750e+02 3.129769287109375000e+02
7.027455902099609375e+01 4.042210083007812500e+02 4.205662918090820312e+01 1.036290283203125000e+02 9.571094512939453125e+01 3.198055175781250000e+03 1.281262207031250000e+02 1.188486175537109375e+02 1.368572998046875000e+03 3.471855773925781250e+02 2.367065124511718750e+02 2.577500610351562500e+02 4.351311035156250000e+02 9.125314331054687500e+01 1.919421386718750000e+02 3.244959411621093750e+02
6.885643005371093750e+01 4.189622192382812500e+02 4.483420181274414062e+01 1.066399688720703125e+02 9.762919616699218750e+01 3.269003417968750000e+03 1.288853759765625000e+02 1.246527481079101562e+02 1.398957275390625000e+03 3.618120727539062500e+02 2.407738189697265625e+02 2.725161132812500000e+02 4.421840820312500000e+02 9.502661132812500000e+01 1.910945434570312500e+02 3.350747070312500000e+02
7.212742614746093750e+01 4.271287536621093750e+02 4.411338806152343750e+01 1.050774993896484375e+02 9.859570312500000000e+01 3.380109619140625000e+03 1.323080444335937500e+02 1.256042022705078125e+02 1.413417968750000000e+03 3.480380859375000000e+02 2.425972595214843750e+02 2.764509277343750000e+02 4.324360961914062500e+02 9.854467773437500000e+01 1.838177947998046875e+02 3.411011047363281250e+02
7.169490051269531250e+01 4.412313232421875000e+02 4.508172607421875000e+01 1.103642272949218750e+02 1.030279083251953125e+02 3.478416992187500000e+03 1.325926208496093750e+02 1.351443176269531250e+02 1.418653930664062500e+03 3.464926147460937500e+02 2.485111846923828125e+02 2.893047790527343750e+02 4.379557495117187500e+02 9.670960998535156250e+01 1.752962646484375000e+02 3.416493835449218750e+02
7.116138458251953125e+01 4.344606323242187500e+02 4.727654266357421875e+01 1.116326751708984375e+02 1.048238677978515625e+02 3.469884521484375000e+03 1.292376708984375000e+02 1.352594299316406250e+02 1.368012939453125000e+03 3.416871337890625000e+02 2.468553009033203125e+02 2.951277160644531250e+02 4.490548706054687500e+02 9.753002929687500000e+01 1.796879272460937500e+02 3.413604736328125000e+02
7.116049194335937500e+01 4.327869873046875000e+02 4.843437957763671875e+01 1.184037933349609375e+02 1.030875396728515625e+02 3.595700683593750000e+03 1.272500534057617188e+02 1.317814025878906250e+02 1.368160156250000000e+03 3.485685424804687500e+02 2.466593322753906250e+02 3.001289672851562500e+02 4.600070190429687500e+02 9.978942108154296875e+01 1.861794128417968750e+02 3.429617004394531250e+02
7.906742858886718750e+01 4.317207641601562500e+02 5.031391143798828125e+01 1.208713226318359375e+02 9.997239685058593750e+01 3.549736572265625000e+03 1.303276062011718750e+02 1.319749450683593750e+02 1.334772094726562500e+03 3.373206787109375000e+02 2.465645294189453125e+02 3.044842834472656250e+02 4.624677734375000000e+02 9.924873352050781250e+01 1.959002685546875000e+02 3.488165283203125000e+02
8.203021240234375000e+01 4.533244018554687500e+02 5.698942184448242188e+01 1.296795501708984375e+02 1.044075775146484375e+02 3.706223144531250000e+03 1.406650085449218750e+02 1.385911254882812500e+02 1.404410644531250000e+03 3.361141967773437500e+02 2.591505737304687500e+02 3.067400817871093750e+02 4.703107299804687500e+02 9.939778137207031250e+01 2.130234985351562500e+02 3.522848510742187500e+02
8.755072021484375000e+01 4.824662475585937500e+02 5.325207519531250000e+01 1.371477966308593750e+02 1.091829986572265625e+02 3.672857666015625000e+03 1.506201324462890625e+02 1.480010375976562500e+02 1.294063964843750000e+03 3.300401000976562500e+02 2.742327270507812500e+02 3.134229736328125000e+02 4.775692138671875000e+02 1.010513916015625000e+02 2.149120483398437500e+02 3.757062988281250000e+02
9.542433166503906250e+01 4.805900878906250000e+02 5.291860198974609375e+01 1.318215637207031250e+02 1.082839736938476562e+02 3.793583984375000000e+03 1.506698455810546875e+02 1.479714050292968750e+02 1.303062866210937500e+03 3.382876281738281250e+02 2.681524047851562500e+02 3.110392150878906250e+02 4.823850708007812500e+02 1.007539672851562500e+02 2.117852630615234375e+02 3.766509399414062500e+02
9.535993957519531250e+01 4.720090637207031250e+02 4.868659591674804688e+01 1.252869720458984375e+02 1.075745010375976562e+02 3.595460449218750000e+03 1.474093933105468750e+02 1.450463714599609375e+02 1.343829345703125000e+03 3.500963134765625000e+02 2.661113586425781250e+02 3.093690795898437500e+02 5.012700500488281250e+02 9.925408172607421875e+01 2.031701660156250000e+02 3.677037963867187500e+02
8.592379760742187500e+01 4.647679138183593750e+02 4.844310760498046875e+01 1.205501098632812500e+02 1.085830993652343750e+02 3.529841796875000000e+03 1.450043945312500000e+02 1.402610626220703125e+02 1.400167114257812500e+03 3.472096862792968750e+02 2.621564025878906250e+02 3.014062194824218750e+02 5.104074096679687500e+02 1.044589233398437500e+02 1.999475555419921875e+02 3.535326538085937500e+02
8.622895812988281250e+01 4.611797790527343750e+02 5.470782470703125000e+01 1.190233154296875000e+02 1.087547836303710938e+02 3.493198486328125000e+03 1.429869689941406250e+02 1.401442413330078125e+02 1.402207885742187500e+03 3.313785705566406250e+02 2.563588256835937500e+02 3.049609985351562500e+02 5.188935546875000000e+02 1.146239624023437500e+02 2.142922821044921875e+02 3.460227661132812500e+02
9.068907165527343750e+01 4.777567443847656250e+02 5.750598907470703125e+01 1.237193450927734375e+02 1.101354064941406250e+02 3.534085449218750000e+03 1.412469940185546875e+02 1.445824432373046875e+02 1.383750732421875000e+03 3.181109619140625000e+02 2.652878417968750000e+02 3.110948181152343750e+02 5.170684814453125000e+02 1.210676040649414062e+02 2.365113220214843750e+02 3.528274536132812500e+02
8.717215728759765625e+01 4.718265991210937500e+02 5.536749649047851562e+01 1.217965698242187500e+02 1.122518005371093750e+02 3.475484130859375000e+03 1.443096008300781250e+02 1.397827453613281250e+02 1.374097045898437500e+03 3.158174438476562500e+02 2.665339965820312500e+02 3.078950805664062500e+02 5.087123413085937500e+02 1.200740127563476562e+02 2.519112396240234375e+02 3.571301574707031250e+02
9.147751617431640625e+01 4.766367187500000000e+02 5.330841827392578125e+01 1.248532485961914062e+02 1.145678558349609375e+02 3.496305664062500000e+03 1.479451904296875000e+02 1.382207946777343750e+02 1.365163330078125000e+03 3.237357177734375000e+02 2.702229003906250000e+02 3.117557067871093750e+02 5.052511596679687500e+02 1.264125061035156250e+02 2.561837768554687500e+02 3.665175170898437500e+02
9.278846740722656250e+01 4.845317993164062500e+02 5.113149261474609375e+01 1.358418884277343750e+02 1.159435653686523438e+02 3.514730224609375000e+03 1.490919036865234375e+02 1.382711181640625000e+02 1.527961914062500000e+03 3.237649841308593750e+02 2.800191955566406250e+02 3.130470581054687500e+02 5.107825012207031250e+02 1.245514602661132812e+02 2.575406799316406250e+02 3.772232360839843750e+02
9.080520629882812500e+01 4.761938781738281250e+02 4.971128845214843750e+01 1.351569213867187500e+02 1.162745513916015625e+02 3.401806396484375000e+03 1.462006225585937500e+02 1.354399719238281250e+02 1.579950317382812500e+03 3.187971801757812500e+02 2.755529785156250000e+02 3.057659606933593750e+02 5.136563110351562500e+02 1.183920440673828125e+02 2.470830078125000000e+02 3.810415039062500000e+02
9.543762207031250000e+01 4.769854125976562500e+02 5.290282440185546875e+01 1.361613464355468750e+02 1.185415267944335938e+02 3.374605224609375000e+03 1.478676452636718750e+02 1.370493774414062500e+02 1.574136474609375000e+03 3.144241943359375000e+02 2.757567138671875000e+02 3.091991577148437500e+02 5.130975952148437500e+02 1.290750427246093750e+02 2.535587921142578125e+02 3.763960266113281250e+02
9.955059814453125000e+01 4.900653686523437500e+02 5.465904235839843750e+01 1.413745422363281250e+02 1.241188430786132812e+02 3.404899414062500000e+03 1.541184844970703125e+02 1.355855102539062500e+02 1.621983154296875000e+03 3.227712402343750000e+02 2.856400756835937500e+02 3.148301086425781250e+02 5.174535522460937500e+02 1.361016998291015625e+02 2.415925598144531250e+02 3.921917724609375000e+02
9.341905212402343750e+01 4.970661315917968750e+02 5.158080291748046875e+01 1.409180755615234375e+02 1.263849411010742188e+02 3.369853759765625000e+03 1.526220397949218750e+02 1.326533508300781250e+02 1.660734619140625000e+03 3.262703247070312500e+02 2.795390930175781250e+02 3.137868957519531250e+02 5.122983398437500000e+02 1.267696762084960938e+02 2.492617950439453125e+02 3.936801757812500000e+02
8.774647521972656250e+01 4.826348876953125000e+02 4.496823501586914062e+01 1.428965759277343750e+02 1.252793807983398438e+02 3.401777099609375000e+03 1.481313476562500000e+02 1.343373260498046875e+02 1.584362670898437500e+03 3.264794921875000000e+02 2.733522338867187500e+02 2.952437744140625000e+02 5.050784606933593750e+02 1.226934051513671875e+02 2.462738189697265625e+02 3.849519653320312500e+02
8.339402770996093750e+01 4.726936645507812500e+02 4.140191650390625000e+01 1.410421295166015625e+02 1.232594451904296875e+02 3.382549560546875000e+03 1.464753112792968750e+02 1.308684539794921875e+02 1.582172485351562500e+03 3.294997558593750000e+02 2.694736938476562500e+02 2.798576354980468750e+02 5.071151428222656250e+02 1.246939849853515625e+02 2.296727600097656250e+02 3.818148193359375000e+02
8.030950164794921875e+01 4.919078369140625000e+02 4.749866104125976562e+01 1.520416412353515625e+02 1.275959014892578125e+02 3.446199462890625000e+03 1.460741577148437500e+02 1.358321990966796875e+02 1.524975830078125000e+03 3.405633850097656250e+02 2.758652954101562500e+02 2.995310058593750000e+02 5.191271362304687500e+02 1.202557220458984375e+02 2.314573669433593750e+02 3.857689514160156250e+02
8.343580627441406250e+01 4.924847412109375000e+02 5.209921264648437500e+01 1.483583679199218750e+02 1.312853546142578125e+02 3.452513183593750000e+03 1.462160949707031250e+02 1.361433105468750000e+02 1.446401977539062500e+03 3.747552490234375000e+02 2.828744506835937500e+02 3.150071105957031250e+02 5.131580810546875000e+02 1.160788726806640625e+02 2.327784576416015625e+02 3.905101013183593750e+02
8.147497558593750000e+01 5.019923706054687500e+02 5.036243438720703125e+01 1.383901062011718750e+02 1.320065460205078125e+02 3.482893066406250000e+03 1.420874176025390625e+02 1.326355438232421875e+02 1.387388061523437500e+03 3.713230285644531250e+02 2.837283325195312500e+02 3.184967041015625000e+02 4.991711425781250000e+02 1.093885879516601562e+02 2.340484924316406250e+02 3.926123962402343750e+02
