9.714480590820312500e+01 4.894915161132812500e+02 7.768499755859375000e+01 1.168887023925781250e+02 1.426395721435546875e+02 3.521748535156250000e+03 1.730681152343750000e+02 1.661217498779296875e+02 1.594825195312500000e+03 3.480566101074218750e+02 2.847621154785156250e+02 3.668507690429687500e+02 5.864684448242187500e+02 1.370290679931640625e+02 2.358941650390625000e+02 3.475637207031250000e+02
1.007919311523437500e+02 4.927388916015625000e+02 7.870609283447265625e+01 1.206256561279296875e+02 1.439830322265625000e+02 3.567415771484375000e+03 1.714248352050781250e+02 1.689465942382812500e+02 1.595930786132812500e+03 3.434119873046875000e+02 2.901665649414062500e+02 3.714602966308593750e+02 5.823048706054687500e+02 1.325170593261718750e+02 2.462122039794921875e+02 3.507235107421875000e+02
9.946859741210937500e+01 4.944682617187500000e+02 7.751136016845703125e+01 1.224374542236328125e+02 1.452168884277343750e+02 3.557249511718750000e+03 1.698289489746093750e+02 1.689777221679687500e+02 1.601150756835937500e+03 3.392306518554687500e+02 2.910440979003906250e+02 3.728354492187500000e+02 5.753198242187500000e+02 1.266291046142578125e+02 2.589835815429687500e+02 3.518243713378906250e+02
9.915783691406250000e+01 4.912062377929687500e+02 7.520095825195312500e+01 1.219124755859375000e+02 1.456443634033203125e+02 3.495581542968750000e+03 1.678782501220703125e+02 1.671097106933593750e+02 1.586994628906250000e+03 3.352525939941406250e+02 2.865587768554687500e+02 3.730952148437500000e+02 5.749838256835937500e+02 1.214669723510742188e+02 2.670000305175781250e+02 3.494212036132812500e+02
9.998764038085937500e+01 4.935528259277343750e+02 7.388050842285156250e+01 1.208508453369140625e+02 1.465571594238281250e+02 3.479411621093750000e+03 1.644205474853515625e+02 1.677535552978515625e+02 1.570947753906250000e+03 3.367083740234375000e+02 2.871862182617187500e+02 3.741849365234375000e+02 5.718791503906250000e+02 1.177888641357421875e+02 2.740123901367187500e+02 3.492446899414062500e+02
9.623245239257812500e+01 4.966999511718750000e+02 7.030931854248046875e+01 1.182384185791015625e+02 1.469300079345703125e+02 3.447938720703125000e+03 1.616961822509765625e+02 1.693822937011718750e+02 1.565789672851562500e+03 3.407413330078125000e+02 2.880312500000000000e+02 3.741517333984375000e+02 5.617837524414062500e+02 1.171615219116210938e+02 2.788208007812500000e+02 3.498156127929687500e+02
9.148715209960937500e+01 4.967283935546875000e+02 6.560190582275390625e+01 1.133014984130859375e+02 1.465925292968750000e+02 3.412613769531250000e+03 1.606908569335937500e+02 1.687479553222656250e+02 1.546947387695312500e+03 3.430144958496093750e+02 2.891988525390625000e+02 3.726174316406250000e+02 5.542056274414062500e+02 1.127748641967773438e+02 2.790256652832031250e+02 3.484734802246093750e+02
8.750035095214843750e+01 4.952072143554687500e+02 6.340392684936523438e+01 1.080433959960937500e+02 1.466508331298828125e+02 3.359495361328125000e+03 1.589624023437500000e+02 1.687469177246093750e+02 1.524702880859375000e+03 3.406301269531250000e+02 2.894230346679687500e+02 3.715713500976562500e+02 5.520115356445312500e+02 1.105804138183593750e+02 2.693718261718750000e+02 3.446891479492187500e+02
8.220538330078125000e+01 4.873408203125000000e+02 5.861996841430664062e+01 1.014987335205078125e+02 1.465228729248046875e+02 3.274108886718750000e+03 1.553183441162109375e+02 1.655618591308593750e+02 1.513035644531250000e+03 3.333762207031250000e+02 2.890730590820312500e+02 3.694337158203125000e+02 5.437968139648437500e+02 1.075599517822265625e+02 2.613464965820312500e+02 3.441950683593750000e+02
8.036163330078125000e+01 4.770709533691406250e+02 5.219598388671875000e+01 9.449491882324218750e+01 1.457454223632812500e+02 3.160892578125000000e+03 1.529590301513671875e+02 1.611955871582031250e+02 1.469814941406250000e+03 3.316606140136718750e+02 2.859634704589843750e+02 3.674154968261718750e+02 5.334038085937500000e+02 1.040624847412109375e+02 2.518281860351562500e+02 3.358605651855468750e+02
7.457066345214843750e+01 4.614772338867187500e+02 4.835604095458984375e+01 8.373674011230468750e+01 1.453903198242187500e+02 3.057065917968750000e+03 1.471092376708984375e+02 1.530660247802734375e+02 1.405837402343750000e+03 3.201086425781250000e+02 2.785459594726562500e+02 3.631549682617187500e+02 5.219343261718750000e+02 9.863099670410156250e+01 2.421759338378906250e+02 3.248627624511718750e+02
7.093955993652343750e+01 4.426036987304687500e+02 4.047671508789062500e+01 7.042105102539062500e+01 1.436479949951171875e+02 2.977396728515625000e+03 1.382339172363281250e+02 1.423359680175781250e+02 1.338849853515625000e+03 3.078153381347656250e+02 2.636595458984375000e+02 3.576384277343750000e+02 5.037545776367187500e+02 9.299272155761718750e+01 2.286483001708984375e+02 3.118826293945312500e+02
6.342913055419921875e+01 4.166157836914062500e+02 3.009431457519531250e+01 5.764721679687500000e+01 1.419385833740234375e+02 2.935946044921875000e+03 1.284610290527343750e+02 1.295585632324218750e+02 1.276531005859375000e+03 2.926825256347656250e+02 2.464122467041015625e+02 3.500481567382812500e+02 4.782823486328125000e+02 8.900105285644531250e+01 2.153958435058593750e+02 2.995473327636718750e+02
5.689025878906250000e+01 4.002856445312500000e+02 2.249375534057617188e+01 5.066999816894531250e+01 1.393743286132812500e+02 2.912606933593750000e+03 1.239371109008789062e+02 1.214514617919921875e+02 1.191334472656250000e+03 2.832155761718750000e+02 2.358161010742187500e+02 3.419754638671875000e+02 4.404951171875000000e+02 8.675666809082031250e+01 1.970605163574218750e+02 2.916934204101562500e+02
5.662883758544921875e+01 3.913220825195312500e+02 1.888185501098632812e+01 4.906864929199218750e+01 1.373977966308593750e+02 2.878120361328125000e+03 1.217527847290039062e+02 1.182479019165039062e+02 1.160600341796875000e+03 2.840344848632812500e+02 2.300617675781250000e+02 3.347861328125000000e+02 4.236369018554687500e+02 8.807131958007812500e+01 1.858463745117187500e+02 2.889683227539062500e+02
5.912805175781250000e+01 3.969204101562500000e+02 2.038112640380859375e+01 5.328401184082031250e+01 1.365501098632812500e+02 2.847803710937500000e+03 1.223071289062500000e+02 1.191221694946289062e+02 1.130544555664062500e+03 2.914818725585937500e+02 2.369682769775390625e+02 3.342384643554687500e+02 4.431470642089843750e+02 9.260644531250000000e+01 1.850470581054687500e+02 2.946987915039062500e+02
6.268811035156250000e+01 4.197686157226562500e+02 2.819941711425781250e+01 6.522035217285156250e+01 1.366466674804687500e+02 2.879724853515625000e+03 1.289110107421875000e+02 1.292475280761718750e+02 1.156001098632812500e+03 3.079924621582031250e+02 2.594629516601562500e+02 3.379678649902343750e+02 4.658934936523437500e+02 9.648452758789062500e+01 1.916386718750000000e+02 3.122273559570312500e+02
7.038269042968750000e+01 4.533369445800781250e+02 3.877100372314453125e+01 8.481445312500000000e+01 1.361548004150390625e+02 2.904129394531250000e+03 1.385162963867187500e+02 1.424165344238281250e+02 1.223858520507812500e+03 3.294620056152343750e+02 2.852005310058593750e+02 3.389248046875000000e+02 4.984600219726562500e+02 1.036880035400390625e+02 2.017470245361328125e+02 3.375140380859375000e+02
8.148545074462890625e+01 4.913685913085937500e+02 4.938850784301757812e+01 1.074046020507812500e+02 1.360216064453125000e+02 2.967351074218750000e+03 1.497728729248046875e+02 1.545165863037109375e+02 1.299749267578125000e+03 3.553195495605468750e+02 3.123975219726562500e+02 3.399569396972656250e+02 5.213721313476562500e+02 1.126606750488281250e+02 2.176338043212890625e+02 3.639506835937500000e+02
9.038740539550781250e+01 5.132713623046875000e+02 5.790274047851562500e+01 1.289508361816406250e+02 1.356568298339843750e+02 3.081119873046875000e+03 1.545597229003906250e+02 1.656058959960937500e+02 1.368780517578125000e+03 3.746228332519531250e+02 3.319091186523437500e+02 3.398279418945312500e+02 5.309201660156250000e+02 1.207788009643554688e+02 2.272333068847656250e+02 3.898269958496093750e+02
9.793107604980468750e+01 5.304326782226562500e+02 6.293154144287109375e+01 1.460719146728515625e+02 1.341721191406250000e+02 3.172467773437500000e+03 1.618996734619140625e+02 1.731126251220703125e+02 1.411477783203125000e+03 3.927973022460937500e+02 3.440285949707031250e+02 3.379394836425781250e+02 5.322428588867187500e+02 1.273071670532226562e+02 2.410256500244140625e+02 4.123722534179687500e+02
1.054745788574218750e+02 5.481914672851562500e+02 6.945527648925781250e+01 1.629459838867187500e+02 1.333215332031250000e+02 3.269991210937500000e+03 1.663685913085937500e+02 1.826134490966796875e+02 1.466548461914062500e+03 4.057296752929687500e+02 3.578982543945312500e+02 3.378353881835937500e+02 5.354542236328125000e+02 1.321355743408203125e+02 2.469705963134765625e+02 4.294346313476562500e+02
1.031984176635742188e+02 5.200675048828125000e+02 7.068894195556640625e+01 1.611099243164062500e+02 1.283295898437500000e+02 3.470914306640625000e+03 1.610398864746093750e+02 1.716952514648437500e+02 1.489134765625000000e+03 3.998544006347656250e+02 3.378387145996093750e+02 3.178881835937500000e+02 5.393138427734375000e+02 1.253062515258789062e+02 2.459348907470703125e+02 4.182585754394531250e+02
1.003980407714843750e+02 4.900036621093750000e+02 6.790461730957031250e+01 1.541045837402343750e+02 1.260991897583007812e+02 3.514891357421875000e+03 1.545597381591796875e+02 1.618229217529296875e+02 1.505952514648437500e+03 3.990100097656250000e+02 3.169887695312500000e+02 3.023651733398437500e+02 5.408633422851562500e+02 1.195972213745117188e+02 2.420622100830078125e+02 4.025144348144531250e+02
9.612794494628906250e+01 4.611047973632812500e+02 6.368896484375000000e+01 1.433119506835937500e+02 1.227277908325195312e+02 3.525543701171875000e+03 1.466205902099609375e+02 1.523339538574218750e+02 1.503958984375000000e+03 3.956940002441406250e+02 2.944231567382812500e+02 2.920104675292968750e+02 5.395947265625000000e+02 1.128283691406250000e+02 2.383594970703125000e+02 3.866571655273437500e+02
8.926840972900390625e+01 4.303957214355468750e+02 5.635166549682617188e+01 1.294183959960937500e+02 1.170393218994140625e+02 3.472483642578125000e+03 1.395643005371093750e+02 1.410862121582031250e+02 1.470267333984375000e+03 3.895103454589843750e+02 2.712842407226562500e+02 2.803529357910156250e+02 5.323135375976562500e+02 1.059796905517578125e+02 2.257895507812500000e+02 3.649056701660156250e+02
7.987917327880859375e+01 4.038821105957031250e+02 4.768719863891601562e+01 1.153610229492187500e+02 1.122785720825195312e+02 3.375954101562500000e+03 1.330200195312500000e+02 1.299701538085937500e+02 1.434119140625000000e+03 3.799539794921875000e+02 2.496711578369140625e+02 2.692507934570312500e+02 5.172269897460937500e+02 9.936631774902343750e+01 2.165540313720703125e+02 3.459179382324218750e+02
7.455810546875000000e+01 3.882603759765625000e+02 4.032338714599609375e+01 1.046197967529296875e+02 1.092932128906250000e+02 3.329076171875000000e+03 1.270548706054687500e+02 1.215132141113281250e+02 1.400244628906250000e+03 3.703016052246093750e+02 2.356093444824218750e+02 2.671502990722656250e+02 5.071980285644531250e+02 9.445678710937500000e+01 2.070994873046875000e+02 3.324643554687500000e+02
6.977389526367187500e+01 3.795678100585937500e+02 3.559138488769531250e+01 9.724069213867187500e+01 1.086601104736328125e+02 3.289409912109375000e+03 1.237271728515625000e+02 1.176539993286132812e+02 1.386850341796875000e+03 3.660590820312500000e+02 2.259962768554687500e+02 2.712175598144531250e+02 5.021703796386718750e+02 9.170341491699218750e+01 1.998482208251953125e+02 3.253095092773437500e+02
6.632527160644531250e+01 3.753596496582031250e+02 3.132641220092773438e+01 9.131721496582031250e+01 1.084917755126953125e+02 3.265489501953125000e+03 1.215094833374023438e+02 1.135754089355468750e+02 1.367931396484375000e+03 3.585239868164062500e+02 2.191987609863281250e+02 2.717016296386718750e+02 4.970705261230468750e+02 9.016613769531250000e+01 1.927761077880859375e+02 3.207626953125000000e+02
6.499050140380859375e+01 3.784283142089843750e+02 2.898548507690429688e+01 8.990702819824218750e+01 1.113901290893554688e+02 3.268393554687500000e+03 1.206969070434570312e+02 1.143446960449218750e+02 1.361928466796875000e+03 3.546705322265625000e+02 2.182304534912109375e+02 2.806056213378906250e+02 4.988891296386718750e+02 8.929728698730468750e+01 1.843330535888671875e+02 3.183895874023437500e+02
6.390023803710937500e+01 3.812478942871093750e+02 2.836215209960937500e+01 9.016340637207031250e+01 1.135881042480468750e+02 3.287628417968750000e+03 1.197780532836914062e+02 1.150091476440429688e+02 1.350178710937500000e+03 3.525914916992187500e+02 2.174889373779296875e+02 2.899816284179687500e+02 5.004878845214843750e+02 8.874185943603515625e+01 1.782199707031250000e+02 3.171269226074218750e+02
6.315628051757812500e+01 3.855761413574218750e+02 2.898429489135742188e+01 9.179824829101562500e+01 1.148197250366210938e+02 3.321365234375000000e+03 1.186366424560546875e+02 1.148667831420898438e+02 1.336056640625000000e+03 3.512261962890625000e+02 2.170111236572265625e+02 2.985663452148437500e+02 5.054797973632812500e+02 8.901368713378906250e+01 1.754258422851562500e+02 3.177857666015625000e+02
6.326684570312500000e+01 3.891766662597656250e+02 3.037191390991210938e+01 9.360301208496093750e+01 1.156990203857421875e+02 3.338816650390625000e+03 1.181585464477539062e+02 1.156301422119140625e+02 1.315379150390625000e+03 3.481524047851562500e+02 2.177016754150390625e+02 3.080271911621093750e+02 5.103057861328125000e+02 8.930244445800781250e+01 1.771222076416015625e+02 3.205723266601562500e+02
6.384455108642578125e+01 3.954035034179687500e+02 3.209906387329101562e+01 9.536614990234375000e+01 1.176219558715820312e+02 3.400051757812500000e+03 1.197734680175781250e+02 1.171985321044921875e+02 1.291480957031250000e+03 3.467581787109375000e+02 2.198080139160156250e+02 3.138441772460937500e+02 5.157866821289062500e+02 8.982699584960937500e+01 1.818711395263671875e+02 3.246250000000000000e+02
6.689818572998046875e+01 4.182290649414062500e+02 3.664017105102539062e+01 1.032958068847656250e+02 1.206240921020507812e+02 3.436265869140625000e+03 1.242281341552734375e+02 1.247771835327148438e+02 1.189890625000000000e+03 3.261675720214843750e+02 2.331157531738281250e+02 3.274584960937500000e+02 4.920725097656250000e+02 9.193449401855468750e+01 1.840800781250000000e+02 3.431471252441406250e+02
6.996893310546875000e+01 4.250108032226562500e+02 3.990442657470703125e+01 1.028875122070312500e+02 1.234056243896484375e+02 3.523582275390625000e+03 1.259856338500976562e+02 1.260665817260742188e+02 1.195489501953125000e+03 3.173254699707031250e+02 2.334766540527343750e+02 3.333737182617187500e+02 5.020416259765625000e+02 9.213699340820312500e+01 1.874107360839843750e+02 3.500617370605468750e+02
7.191794586181640625e+01 4.237206420898437500e+02 4.107369613647460938e+01 9.938549804687500000e+01 1.240966949462890625e+02 3.482381347656250000e+03 1.265751266479492188e+02 1.247840805053710938e+02 1.204534301757812500e+03 3.146151123046875000e+02 2.306083984375000000e+02 3.330777587890625000e+02 5.121403808593750000e+02 9.050721740722656250e+01 1.867486267089843750e+02 3.493503723144531250e+02
7.128150939941406250e+01 4.256699829101562500e+02 4.331038665771484375e+01 9.668838500976562500e+01 1.253245468139648438e+02 3.485310058593750000e+03 1.259557571411132812e+02 1.244862594604492188e+02 1.236729492187500000e+03 3.135957031250000000e+02 2.290163879394531250e+02 3.327575073242187500e+02 5.246850585937500000e+02 9.094087982177734375e+01 1.878193817138671875e+02 3.483331604003906250e+02
7.272050476074218750e+01 4.257023620605468750e+02 4.651405334472656250e+01 9.473628234863281250e+01 1.256268234252929688e+02 3.493584960937500000e+03 1.255916748046875000e+02 1.245113677978515625e+02 1.257804565429687500e+03 3.148374023437500000e+02 2.276287994384765625e+02 3.334983825683593750e+02 5.386685791015625000e+02 9.358198547363281250e+01 1.934647827148437500e+02 3.452085266113281250e+02
7.411213684082031250e+01 4.262142333984375000e+02 4.994272613525390625e+01 9.385623168945312500e+01 1.257221679687500000e+02 3.520068115234375000e+03 1.257078170776367188e+02 1.261519622802734375e+02 1.269931762695312500e+03 3.052702026367187500e+02 2.260271606445312500e+02 3.332857971191406250e+02 5.459202880859375000e+02 9.706355285644531250e+01 2.012532653808593750e+02 3.420783691406250000e+02
7.593084716796875000e+01 4.258466796875000000e+02 5.176107406616210938e+01 9.349909973144531250e+01 1.264942321777343750e+02 3.547375732421875000e+03 1.268004837036132812e+02 1.246899871826171875e+02 1.273975097656250000e+03 2.970681457519531250e+02 2.269313812255859375e+02 3.322879333496093750e+02 5.484154052734375000e+02 9.898938751220703125e+01 2.135677032470703125e+02 3.402601623535156250e+02
7.740574645996093750e+01 4.284763183593750000e+02 5.426206207275390625e+01 9.554196166992187500e+01 1.275269470214843750e+02 3.547093750000000000e+03 1.279462432861328125e+02 1.246815414428710938e+02 1.278023925781250000e+03 2.993516540527343750e+02 2.292202606201171875e+02 3.335977783203125000e+02 5.529814453125000000e+02 1.023233718872070312e+02 2.282799835205078125e+02 3.417867126464843750e+02
8.036914825439453125e+01 4.309588928222656250e+02 5.523166656494140625e+01 9.825866699218750000e+01 1.275532531738281250e+02 3.584536865234375000e+03 1.300439453125000000e+02 1.226450881958007812e+02 1.323272338867187500e+03 2.984579162597656250e+02 2.327234344482421875e+02 3.325078735351562500e+02 5.552652587890625000e+02 1.064628448486328125e+02 2.439035644531250000e+02 3.469000244140625000e+02
8.285707855224609375e+01 4.371699829101562500e+02 5.533792114257812500e+01 1.015085449218750000e+02 1.277606353759765625e+02 3.633035400390625000e+03 1.328418884277343750e+02 1.223606567382812500e+02 1.395449218750000000e+03 2.986847534179687500e+02 2.366713409423828125e+02 3.307604064941406250e+02 5.561646728515625000e+02 1.081244659423828125e+02 2.485803070068359375e+02 3.525809020996093750e+02
8.663683319091796875e+01 4.435038757324218750e+02 5.666069412231445312e+01 1.039809722900390625e+02 1.293703308105468750e+02 3.656199707031250000e+03 1.365156555175781250e+02 1.241386337280273438e+02 1.440715332031250000e+03 2.957648315429687500e+02 2.411704406738281250e+02 3.301174316406250000e+02 5.561448974609375000e+02 1.121118927001953125e+02 2.539750976562500000e+02 3.564622802734375000e+02
8.811988067626953125e+01 4.544191284179687500e+02 5.797096252441406250e+01 1.093845520019531250e+02 1.336482238769531250e+02 3.721555175781250000e+03 1.397623138427734375e+02 1.249444580078125000e+02 1.514668090820312500e+03 3.007866821289062500e+02 2.490390930175781250e+02 3.308460083007812500e+02 5.583438720703125000e+02 1.180300292968750000e+02 2.544620513916015625e+02 3.633090209960937500e+02
8.984307861328125000e+01 4.604276428222656250e+02 5.727138519287109375e+01 1.140377807617187500e+02 1.362111206054687500e+02 3.693361816406250000e+03 1.403026733398437500e+02 1.241443099975585938e+02 1.544206787109375000e+03 3.056187438964843750e+02 2.522681732177734375e+02 3.314888610839843750e+02 5.576975708007812500e+02 1.213083190917968750e+02 2.555440216064453125e+02 3.714260253906250000e+02
8.904396820068359375e+01 4.640629882812500000e+02 5.536748504638671875e+01 1.202188873291015625e+02 1.377809448242187500e+02 3.758541748046875000e+03 1.405249481201171875e+02 1.248917312622070312e+02 1.593860839843750000e+03 3.102374267578125000e+02 2.562057495117187500e+02 3.277376403808593750e+02 5.570057983398437500e+02 1.251002807617187500e+02 2.577704772949218750e+02 3.734154357910156250e+02
8.635102844238281250e+01 4.679194946289062500e+02 5.422608947753906250e+01 1.264096755981445312e+02 1.390914611816406250e+02 3.785616699218750000e+03 1.415219726562500000e+02 1.247135314941406250e+02 1.622597656250000000e+03 3.115805358886718750e+02 2.610296630859375000e+02 3.245643920898437500e+02 5.582873535156250000e+02 1.286262359619140625e+02 2.585136718750000000e+02 3.774164733886718750e+02
8.538693237304687500e+01 4.792561645507812500e+02 5.637640380859375000e+01 1.360292663574218750e+02 1.425736389160156250e+02 3.859097656250000000e+03 1.435128631591796875e+02 1.270849761962890625e+02 1.626545166015625000e+03 3.155030517578125000e+02 2.668262329101562500e+02 3.283067321777343750e+02 5.595299682617187500e+02 1.314357299804687500e+02 2.627937316894531250e+02 3.855253295898437500e+02
8.880094909667968750e+01 4.899669189453125000e+02 5.844425964355468750e+01 1.437922210693359375e+02 1.462817840576171875e+02 3.931029785156250000e+03 1.455793762207031250e+02 1.300757751464843750e+02 1.609774536132812500e+03 3.280922241210937500e+02 2.750410766601562500e+02 3.361213073730468750e+02 5.622956542968750000e+02 1.304739685058593750e+02 2.663060607910156250e+02 3.975561523437500000e+02
8.846090698242187500e+01 5.020985107421875000e+02 5.830764389038085938e+01 1.480049438476562500e+02 1.488249969482421875e+02 3.989872802734375000e+03 1.463466949462890625e+02 1.306714782714843750e+02 1.603126220703125000e+03 3.413306579589843750e+02 2.837537231445312500e+02 3.397198791503906250e+02 5.628369140625000000e+02 1.263719406127929688e+02 2.657689208984375000e+02 4.083198852539062500e+02
8.852788543701171875e+01 5.078271484375000000e+02 5.946395874023437500e+01 1.494863128662109375e+02 1.512625122070312500e+02 4.035579589843750000e+03 1.471914978027343750e+02 1.299984893798828125e+02 1.598481567382812500e+03 3.546003112792968750e+02 2.892756042480468750e+02 3.430751953125000000e+02 5.683291015625000000e+02 1.216763763427734375e+02 2.636437072753906250e+02 4.148493041992187500e+02
9.061988067626953125e+01 5.184887695312500000e+02 6.119746398925781250e+01 1.541688385009765625e+02 1.531048278808593750e+02 4.076786376953125000e+03 1.465097351074218750e+02 1.311288452148437500e+02 1.589907470703125000e+03 3.598610839843750000e+02 2.944214172363281250e+02 3.468920593261718750e+02 5.745442504882812500e+02 1.187075347900390625e+02 2.604012756347656250e+02 4.220743103027343750e+02
9.095758056640625000e+01 5.227161865234375000e+02 6.282935714721679688e+01 1.549636993408203125e+02 1.546402587890625000e+02 4.119657714843750000e+03 1.461902465820312500e+02 1.312825622558593750e+02 1.578418945312500000e+03 3.599020996093750000e+02 2.961127014160156250e+02 3.478815917968750000e+02 5.784604492187500000e+02 1.147470397949218750e+02 2.567259826660156250e+02 4.278947143554687500e+02
9.052166748046875000e+01 5.210668945312500000e+02 6.313209152221679688e+01 1.513890380859375000e+02 1.554562683105468750e+02 4.108684570312500000e+03 1.473070220947265625e+02 1.292619323730468750e+02 1.499216064453125000e+03 3.625316162109375000e+02 2.920475769042968750e+02 3.487693176269531250e+02 5.750385742187500000e+02 1.138557891845703125e+02 2.509814453125000000e+02 4.257747497558593750e+02
