1.093271179199218750e+02 5.104847412109375000e+02 6.961663818359375000e+01 1.448895568847656250e+02 1.422705993652343750e+02 3.681965332031250000e+03 1.711203308105468750e+02 1.776574707031250000e+02 1.555438476562500000e+03 3.584419860839843750e+02 3.056883544921875000e+02 3.756768798828125000e+02 5.236055908203125000e+02 1.273027496337890625e+02 2.514562988281250000e+02 3.673576660156250000e+02
1.023292846679687500e+02 5.152974243164062500e+02 6.847322845458984375e+01 1.448744506835937500e+02 1.464781494140625000e+02 3.735075195312500000e+03 1.706169128417968750e+02 1.766511230468750000e+02 1.520804077148437500e+03 3.482294616699218750e+02 3.123636169433593750e+02 3.849136962890625000e+02 5.195894775390625000e+02 1.182739334106445312e+02 2.568696594238281250e+02 3.735308532714843750e+02
9.617380523681640625e+01 5.157861328125000000e+02 6.531451416015625000e+01 1.428908996582031250e+02 1.504182891845703125e+02 3.678979736328125000e+03 1.707604522705078125e+02 1.758595275878906250e+02 1.569583496093750000e+03 3.452978210449218750e+02 3.077161865234375000e+02 3.821917724609375000e+02 5.033408813476562500e+02 1.089967956542968750e+02 2.566366577148437500e+02 3.719978332519531250e+02
1.048535156250000000e+02 5.147240600585937500e+02 6.053247070312500000e+01 1.372398681640625000e+02 1.538307342529296875e+02 3.533736572265625000e+03 1.657391967773437500e+02 1.684603271484375000e+02 1.542524658203125000e+03 3.453151855468750000e+02 2.975628051757812500e+02 3.795788269042968750e+02 5.245781250000000000e+02 1.165864562988281250e+02 2.559098052978515625e+02 3.611395263671875000e+02
1.006229705810546875e+02 5.211456298828125000e+02 5.967495727539062500e+01 1.313900146484375000e+02 1.571833038330078125e+02 3.625498291015625000e+03 1.650504302978515625e+02 1.686546173095703125e+02 1.504975952148437500e+03 3.595449523925781250e+02 3.067846984863281250e+02 3.840258789062500000e+02 5.087065124511718750e+02 1.169796371459960938e+02 2.581659851074218750e+02 3.601230773925781250e+02
9.015050506591796875e+01 5.138765258789062500e+02 5.731692504882812500e+01 1.288232879638671875e+02 1.565548248291015625e+02 3.449147460937500000e+03 1.598040466308593750e+02 1.725695495605468750e+02 1.494353759765625000e+03 3.599172058105468750e+02 3.076691284179687500e+02 3.783707885742187500e+02 5.017165222167968750e+02 1.161073837280273438e+02 2.513684234619140625e+02 3.643010253906250000e+02
8.723654937744140625e+01 5.267390747070312500e+02 5.459299468994140625e+01 1.251370773315429688e+02 1.569356231689453125e+02 3.373241210937500000e+03 1.692666320800781250e+02 1.720441894531250000e+02 1.471389648437500000e+03 3.689698181152343750e+02 3.154916076660156250e+02 3.767876586914062500e+02 5.102028198242187500e+02 1.148480224609375000e+02 2.547162170410156250e+02 3.609883422851562500e+02
8.845768737792968750e+01 5.270715942382812500e+02 5.622884750366210938e+01 1.258021697998046875e+02 1.630969238281250000e+02 3.356639892578125000e+03 1.630782165527343750e+02 1.735753021240234375e+02 1.465015258789062500e+03 3.636725769042968750e+02 3.231002807617187500e+02 3.758258666992187500e+02 5.209727783203125000e+02 1.141098632812500000e+02 2.379310607910156250e+02 3.572078247070312500e+02
8.502572631835937500e+01 5.190120239257812500e+02 5.289580535888671875e+01 1.206230010986328125e+02 1.571657104492187500e+02 3.159761474609375000e+03 1.650412902832031250e+02 1.651253356933593750e+02 1.450862182617187500e+03 3.525487976074218750e+02 3.195732421875000000e+02 3.651896972656250000e+02 5.093294677734375000e+02 1.129694824218750000e+02 2.354030609130859375e+02 3.571935424804687500e+02
8.783847045898437500e+01 5.096139221191406250e+02 5.017089843750000000e+01 1.178606262207031250e+02 1.547862701416015625e+02 3.230128417968750000e+03 1.598579101562500000e+02 1.673622436523437500e+02 1.416020996093750000e+03 3.455192871093750000e+02 3.191193542480468750e+02 3.648591918945312500e+02 4.864632873535156250e+02 1.113486328125000000e+02 2.301442871093750000e+02 3.491574401855468750e+02
8.214131164550781250e+01 5.030166625976562500e+02 5.003329467773437500e+01 1.081597900390625000e+02 1.551882324218750000e+02 3.070823730468750000e+03 1.554526214599609375e+02 1.623672637939453125e+02 1.365999755859375000e+03 3.413006591796875000e+02 3.128616638183593750e+02 3.571233215332031250e+02 4.841551513671875000e+02 1.063580474853515625e+02 2.274353942871093750e+02 3.461318359375000000e+02
7.387346649169921875e+01 4.794555664062500000e+02 4.234394454956054688e+01 9.128485107421875000e+01 1.486312103271484375e+02 2.921174560546875000e+03 1.468630371093750000e+02 1.512906494140625000e+02 1.297895019531250000e+03 3.302820739746093750e+02 2.990397949218750000e+02 3.430759582519531250e+02 4.583601074218750000e+02 1.030751342773437500e+02 2.146407470703125000e+02 3.318997192382812500e+02
6.401959991455078125e+01 4.336681213378906250e+02 2.984639739990234375e+01 6.421052551269531250e+01 1.435346832275390625e+02 2.736001708984375000e+03 1.306683959960937500e+02 1.329190063476562500e+02 1.208831298828125000e+03 3.067963256835937500e+02 2.658481445312500000e+02 3.236014404296875000e+02 4.076707763671875000e+02 9.566438293457031250e+01 2.072053375244140625e+02 3.156215209960937500e+02
5.965570831298828125e+01 3.869564819335937500e+02 1.826945495605468750e+01 4.036763000488281250e+01 1.289825744628906250e+02 2.611302001953125000e+03 1.171930999755859375e+02 1.173924255371093750e+02 1.094923095703125000e+03 2.715984802246093750e+02 2.300669403076171875e+02 3.005142211914062500e+02 3.569017639160156250e+02 8.872930908203125000e+01 1.811874694824218750e+02 2.935997314453125000e+02
5.951100158691406250e+01 3.842797851562500000e+02 1.861556625366210938e+01 5.116346740722656250e+01 1.260818099975585938e+02 2.643453369140625000e+03 1.215399932861328125e+02 1.183912582397460938e+02 1.096697509765625000e+03 2.862781677246093750e+02 2.309680938720703125e+02 2.878382263183593750e+02 3.444107360839843750e+02 9.115229797363281250e+01 1.793246612548828125e+02 3.031406250000000000e+02
7.748601531982421875e+01 4.593794250488281250e+02 3.708688735961914062e+01 9.873742675781250000e+01 1.355272216796875000e+02 2.870963378906250000e+03 1.401622314453125000e+02 1.408836669921875000e+02 1.219393432617187500e+03 3.414678039550781250e+02 2.845711059570312500e+02 3.068344421386718750e+02 4.152898254394531250e+02 1.070658569335937500e+02 2.024669952392578125e+02 3.480443115234375000e+02
9.535968017578125000e+01 5.215928955078125000e+02 5.392777252197265625e+01 1.356257019042968750e+02 1.455665893554687500e+02 3.082079589843750000e+03 1.606360168457031250e+02 1.689017181396484375e+02 1.370600952148437500e+03 3.841858825683593750e+02 3.306840209960937500e+02 3.363638000488281250e+02 4.782323913574218750e+02 1.212441177368164062e+02 2.208614807128906250e+02 3.858294677734375000e+02
9.761439514160156250e+01 5.430558471679687500e+02 6.170140838623046875e+01 1.499647216796875000e+02 1.440402374267578125e+02 3.212036376953125000e+03 1.673158874511718750e+02 1.750806579589843750e+02 1.436622314453125000e+03 4.039195251464843750e+02 3.426622924804687500e+02 3.396241149902343750e+02 4.991541748046875000e+02 1.252799911499023438e+02 2.289423522949218750e+02 4.075372009277343750e+02
1.005496520996093750e+02 5.511032104492187500e+02 6.563779449462890625e+01 1.549214630126953125e+02 1.465009155273437500e+02 3.291288330078125000e+03 1.670451660156250000e+02 1.796655273437500000e+02 1.447531616210937500e+03 4.074304199218750000e+02 3.517244873046875000e+02 3.397116088867187500e+02 5.213671264648437500e+02 1.309748077392578125e+02 2.398157958984375000e+02 4.234602966308593750e+02
1.011403350830078125e+02 5.423036499023437500e+02 6.600734710693359375e+01 1.619076385498046875e+02 1.468821105957031250e+02 3.384839843750000000e+03 1.642628936767578125e+02 1.826261444091796875e+02 1.462239257812500000e+03 4.136318359375000000e+02 3.572824707031250000e+02 3.410094604492187500e+02 5.238850708007812500e+02 1.337691802978515625e+02 2.440749969482421875e+02 4.314631652832031250e+02
1.077425231933593750e+02 5.335471191406250000e+02 6.442789459228515625e+01 1.651789550781250000e+02 1.421193542480468750e+02 3.469224853515625000e+03 1.665528259277343750e+02 1.786245269775390625e+02 1.433374145507812500e+03 4.075090942382812500e+02 3.484803466796875000e+02 3.328998413085937500e+02 5.111158752441406250e+02 1.331405639648437500e+02 2.409078521728515625e+02 4.334827880859375000e+02
1.086908569335937500e+02 5.383400878906250000e+02 6.744818115234375000e+01 1.735691986083984375e+02 1.393779449462890625e+02 3.492429199218750000e+03 1.665839233398437500e+02 1.801456909179687500e+02 1.498069580078125000e+03 3.869136962890625000e+02 3.502622680664062500e+02 3.337487182617187500e+02 4.921568603515625000e+02 1.300096130371093750e+02 2.353011779785156250e+02 4.276569213867187500e+02
1.008770446777343750e+02 4.713825073242187500e+02 6.156907272338867188e+01 1.568817443847656250e+02 1.151643066406250000e+02 3.903000244140625000e+03 1.537075347900390625e+02 1.549868011474609375e+02 1.552392822265625000e+03 4.061911926269531250e+02 3.028097534179687500e+02 2.806423645019531250e+02 5.591858520507812500e+02 1.129948730468750000e+02 2.274179229736328125e+02 3.842375793457031250e+02
1.105875625610351562e+02 5.013562316894531250e+02 7.296989440917968750e+01 1.839162292480468750e+02 1.317016906738281250e+02 3.855576660156250000e+03 1.630503082275390625e+02 1.681680450439453125e+02 1.634567993164062500e+03 4.569576110839843750e+02 3.256927795410156250e+02 2.974580383300781250e+02 6.144244384765625000e+02 1.182713241577148438e+02 2.434267730712890625e+02 4.031616821289062500e+02
9.705268859863281250e+01 4.587578430175781250e+02 5.989233398437500000e+01 1.528067932128906250e+02 1.240762786865234375e+02 3.796724121093750000e+03 1.453349304199218750e+02 1.532960662841796875e+02 1.570537231445312500e+03 4.418163757324218750e+02 2.909458007812500000e+02 2.976268920898437500e+02 5.941034545898437500e+02 1.107802734375000000e+02 2.325723266601562500e+02 3.788293762207031250e+02
8.474714660644531250e+01 4.049855957031250000e+02 4.553520202636718750e+01 1.222090759277343750e+02 1.087469940185546875e+02 3.588418457031250000e+03 1.362780151367187500e+02 1.314331054687500000e+02 1.455666992187500000e+03 4.176741027832031250e+02 2.536714477539062500e+02 2.793290710449218750e+02 5.613214111328125000e+02 1.009731292724609375e+02 2.136245727539062500e+02 3.461217041015625000e+02
6.906283569335937500e+01 3.722402038574218750e+02 3.518460845947265625e+01 9.794082641601562500e+01 1.021467132568359375e+02 3.307668457031250000e+03 1.263165893554687500e+02 1.162484893798828125e+02 1.399343994140625000e+03 3.784492492675781250e+02 2.205967712402343750e+02 2.656423950195312500e+02 5.224511718750000000e+02 9.162546539306640625e+01 1.978177032470703125e+02 3.252981567382812500e+02
6.689469909667968750e+01 3.736152343750000000e+02 3.099945831298828125e+01 9.203263854980468750e+01 1.038826141357421875e+02 3.275553222656250000e+03 1.184517211914062500e+02 1.079184265136718750e+02 1.379234619140625000e+03 3.825244750976562500e+02 2.205131683349609375e+02 2.800405578613281250e+02 5.157669677734375000e+02 8.699038696289062500e+01 1.961024627685546875e+02 3.238568420410156250e+02
6.343544769287109375e+01 3.880688476562500000e+02 3.439048004150390625e+01 9.573310852050781250e+01 1.062767562866210938e+02 3.259470947265625000e+03 1.193565368652343750e+02 1.155254364013671875e+02 1.414506591796875000e+03 3.956261596679687500e+02 2.229073791503906250e+02 2.908975830078125000e+02 5.189943237304687500e+02 9.141253662109375000e+01 1.942016296386718750e+02 3.335935974121093750e+02
6.950483703613281250e+01 4.062016601562500000e+02 3.574126434326171875e+01 9.986616516113281250e+01 1.090605697631835938e+02 3.305738281250000000e+03 1.259293289184570312e+02 1.181701202392578125e+02 1.430678710937500000e+03 3.804161682128906250e+02 2.313164215087890625e+02 2.909303588867187500e+02 5.110653076171875000e+02 9.621803283691406250e+01 1.883199462890625000e+02 3.439736328125000000e+02
7.071493530273437500e+01 4.357203979492187500e+02 3.989853668212890625e+01 1.150409698486328125e+02 1.197320327758789062e+02 3.418754882812500000e+03 1.285632324218750000e+02 1.339940490722656250e+02 1.444685058593750000e+03 3.859225463867187500e+02 2.478055114746093750e+02 3.098474731445312500e+02 5.149830322265625000e+02 9.520249938964843750e+01 1.788638458251953125e+02 3.505448608398437500e+02
7.210740661621093750e+01 4.378764038085937500e+02 4.447651672363281250e+01 1.224070129394531250e+02 1.220263900756835938e+02 3.433415039062500000e+03 1.249922943115234375e+02 1.366017150878906250e+02 1.388343017578125000e+03 3.823143005371093750e+02 2.519282379150390625e+02 3.132765197753906250e+02 5.209883422851562500e+02 9.851677703857421875e+01 1.872851257324218750e+02 3.558155517578125000e+02
7.329579162597656250e+01 4.482069091796875000e+02 4.720175933837890625e+01 1.352473144531250000e+02 1.181544189453125000e+02 3.628611816406250000e+03 1.233746490478515625e+02 1.352351684570312500e+02 1.403040161132812500e+03 3.893559570312500000e+02 2.573265991210937500e+02 3.178485412597656250e+02 5.205829467773437500e+02 1.024396820068359375e+02 1.935608673095703125e+02 3.619555358886718750e+02
8.278945159912109375e+01 4.513526611328125000e+02 4.963968658447265625e+01 1.379651794433593750e+02 1.129856109619140625e+02 3.717989501953125000e+03 1.290858459472656250e+02 1.378565979003906250e+02 1.348944946289062500e+03 3.689563293457031250e+02 2.587378845214843750e+02 3.201830139160156250e+02 5.124002685546875000e+02 1.018896865844726562e+02 2.020106201171875000e+02 3.699520874023437500e+02
8.207158660888671875e+01 4.734695739746093750e+02 5.362807464599609375e+01 1.413544006347656250e+02 1.178274459838867188e+02 3.949739990234375000e+03 1.403923797607421875e+02 1.441477813720703125e+02 1.409684692382812500e+03 3.590771484375000000e+02 2.699343872070312500e+02 3.160764160156250000e+02 5.105307312011718750e+02 1.012429275512695312e+02 2.136246643066406250e+02 3.694100646972656250e+02
8.636935424804687500e+01 4.852280578613281250e+02 5.472690200805664062e+01 1.382372589111328125e+02 1.170183563232421875e+02 3.930651367187500000e+03 1.458698883056640625e+02 1.476003265380859375e+02 1.294448242187500000e+03 3.355147094726562500e+02 2.720733642578125000e+02 3.206592712402343750e+02 4.759591979980468750e+02 9.868283843994140625e+01 2.134595947265625000e+02 3.829036254882812500e+02
9.501362609863281250e+01 4.865457763671875000e+02 5.547125244140625000e+01 1.337477111816406250e+02 1.149194259643554688e+02 3.928107666015625000e+03 1.469154510498046875e+02 1.487961120605468750e+02 1.326220947265625000e+03 3.447091369628906250e+02 2.659177856445312500e+02 3.172012329101562500e+02 4.861720581054687500e+02 9.941960906982421875e+01 2.119538269042968750e+02 3.854108886718750000e+02
9.484707641601562500e+01 4.804046020507812500e+02 5.334858322143554688e+01 1.273933868408203125e+02 1.138209533691406250e+02 3.848602294921875000e+03 1.443267364501953125e+02 1.461092224121093750e+02 1.369421386718750000e+03 3.558542480468750000e+02 2.664273681640625000e+02 3.153574218750000000e+02 5.072919921875000000e+02 9.716574096679687500e+01 2.063126678466796875e+02 3.785678405761718750e+02
8.382850646972656250e+01 4.784608764648437500e+02 5.608066177368164062e+01 1.240105285644531250e+02 1.155813369750976562e+02 3.913096923828125000e+03 1.434688262939453125e+02 1.414920959472656250e+02 1.424463745117187500e+03 3.529434814453125000e+02 2.634704895019531250e+02 3.059479675292968750e+02 5.133932495117187500e+02 1.048130493164062500e+02 2.072152709960937500e+02 3.669240722656250000e+02
8.930124664306640625e+01 4.805058593750000000e+02 6.333613967895507812e+01 1.252177047729492188e+02 1.147991638183593750e+02 3.963647705078125000e+03 1.424321441650390625e+02 1.444309082031250000e+02 1.432004638671875000e+03 3.337816162109375000e+02 2.580656127929687500e+02 3.126707458496093750e+02 5.217662963867187500e+02 1.150395812988281250e+02 2.229484252929687500e+02 3.643027954101562500e+02
9.577457427978515625e+01 5.039627685546875000e+02 6.620529174804687500e+01 1.340816192626953125e+02 1.165687408447265625e+02 3.938510009765625000e+03 1.418292694091796875e+02 1.519335327148437500e+02 1.424620971679687500e+03 3.200965576171875000e+02 2.739836425781250000e+02 3.200179443359375000e+02 5.169146728515625000e+02 1.212025604248046875e+02 2.409540405273437500e+02 3.753721008300781250e+02
9.249887084960937500e+01 4.968224487304687500e+02 6.512733459472656250e+01 1.327549133300781250e+02 1.189845504760742188e+02 3.951677490234375000e+03 1.480188598632812500e+02 1.452385406494140625e+02 1.430131591796875000e+03 3.217257080078125000e+02 2.766853027343750000e+02 3.116265869140625000e+02 5.087039184570312500e+02 1.210300140380859375e+02 2.519558868408203125e+02 3.794877929687500000e+02
9.915827941894531250e+01 5.067236328125000000e+02 6.473429870605468750e+01 1.395735168457031250e+02 1.211313781738281250e+02 4.014200683593750000e+03 1.525080718994140625e+02 1.458384857177734375e+02 1.427563476562500000e+03 3.371746826171875000e+02 2.838232727050781250e+02 3.172899169921875000e+02 5.067764892578125000e+02 1.283676605224609375e+02 2.550906219482421875e+02 3.888238525390625000e+02
1.003639831542968750e+02 5.146098022460937500e+02 6.335906600952148438e+01 1.521967773437500000e+02 1.209209213256835938e+02 3.939855468750000000e+03 1.540569915771484375e+02 1.459014739990234375e+02 1.561984130859375000e+03 3.347002868652343750e+02 2.956780090332031250e+02 3.158044433593750000e+02 5.122709960937500000e+02 1.270863342285156250e+02 2.588354797363281250e+02 3.978393859863281250e+02
9.859801483154296875e+01 5.032691040039062500e+02 6.203703689575195312e+01 1.490521850585937500e+02 1.189895324707031250e+02 3.776903564453125000e+03 1.507192535400390625e+02 1.410107421875000000e+02 1.576321411132812500e+03 3.262257080078125000e+02 2.884373168945312500e+02 3.053305358886718750e+02 5.105502929687500000e+02 1.219291992187500000e+02 2.518306732177734375e+02 3.994869689941406250e+02
1.039764328002929688e+02 5.056751098632812500e+02 6.425778198242187500e+01 1.497418670654296875e+02 1.224553451538085938e+02 3.811295898437500000e+03 1.544629821777343750e+02 1.439410095214843750e+02 1.558970214843750000e+03 3.193174438476562500e+02 2.901028442382812500e+02 3.096077880859375000e+02 5.063085937500000000e+02 1.323968353271484375e+02 2.587255554199218750e+02 3.932872314453125000e+02
1.056505050659179688e+02 5.170739135742187500e+02 6.381979751586914062e+01 1.540148010253906250e+02 1.389175720214843750e+02 3.914874755859375000e+03 1.604081420898437500e+02 1.399706268310546875e+02 1.613220214843750000e+03 3.295906372070312500e+02 3.002034301757812500e+02 3.137117309570312500e+02 5.072228088378906250e+02 1.360714111328125000e+02 2.470287017822265625e+02 4.063976135253906250e+02
9.751008605957031250e+01 5.180161743164062500e+02 5.934013366699218750e+01 1.512000274658203125e+02 1.392929229736328125e+02 3.755540039062500000e+03 1.564237365722656250e+02 1.345527954101562500e+02 1.612520141601562500e+03 3.330677185058593750e+02 2.887861022949218750e+02 3.092135620117187500e+02 4.977818603515625000e+02 1.265606613159179688e+02 2.540354461669921875e+02 4.032527160644531250e+02
9.255564880371093750e+01 5.000423278808593750e+02 5.302184295654296875e+01 1.545042419433593750e+02 1.347070007324218750e+02 3.805252685546875000e+03 1.509945373535156250e+02 1.382258911132812500e+02 1.554076782226562500e+03 3.334162902832031250e+02 2.837798461914062500e+02 2.946374511718750000e+02 4.931212463378906250e+02 1.267404632568359375e+02 2.498115844726562500e+02 3.946975402832031250e+02
8.882797241210937500e+01 4.967607116699218750e+02 5.146578216552734375e+01 1.553058776855468750e+02 1.323730010986328125e+02 3.840517578125000000e+03 1.515741882324218750e+02 1.333653869628906250e+02 1.581021118164062500e+03 3.365733337402343750e+02 2.841622314453125000e+02 2.892891235351562500e+02 4.996798095703125000e+02 1.309229125976562500e+02 2.390153045654296875e+02 3.960722351074218750e+02
8.734014892578125000e+01 5.259418334960937500e+02 5.859386825561523438e+01 1.717796630859375000e+02 1.524230804443359375e+02 3.837089355468750000e+03 1.537380981445312500e+02 1.439275817871093750e+02 1.545086425781250000e+03 3.523793334960937500e+02 2.978176879882812500e+02 3.200128479003906250e+02 5.156432495117187500e+02 1.279906616210937500e+02 2.466548309326171875e+02 4.044314270019531250e+02
9.397016906738281250e+01 5.290590209960937500e+02 6.199645614624023438e+01 1.701095581054687500e+02 1.654149780273437500e+02 3.821655517578125000e+03 1.561973876953125000e+02 1.457582092285156250e+02 1.501459716796875000e+03 3.862241516113281250e+02 3.092523498535156250e+02 3.361217041015625000e+02 5.128447265625000000e+02 1.257847290039062500e+02 2.497400817871093750e+02 4.124756164550781250e+02
9.159564971923828125e+01 5.443439331054687500e+02 5.994126892089843750e+01 1.632686614990234375e+02 1.633097229003906250e+02 3.878774902343750000e+03 1.515213012695312500e+02 1.425262145996093750e+02 1.474866210937500000e+03 3.803723144531250000e+02 3.130119934082031250e+02 3.344511108398437500e+02 5.092718505859375000e+02 1.188329010009765625e+02 2.507393951416015625e+02 4.171813354492187500e+02
9.735408020019531250e+01 5.474458007812500000e+02 6.153296279907226562e+01 1.628523559570312500e+02 1.721233825683593750e+02 3.878163330078125000e+03 1.525222167968750000e+02 1.433428497314453125e+02 1.469329223632812500e+03 3.835599975585937500e+02 3.246698303222656250e+02 3.456356811523437500e+02 5.214094238281250000e+02 1.119384918212890625e+02 2.527568969726562500e+02 4.218489074707031250e+02
9.807555389404296875e+01 5.500805053710937500e+02 6.057732009887695312e+01 1.709083251953125000e+02 1.759157409667968750e+02 3.912771484375000000e+03 1.528588256835937500e+02 1.430682373046875000e+02 1.458818969726562500e+03 3.724134216308593750e+02 3.198607177734375000e+02 3.416848144531250000e+02 5.288414306640625000e+02 1.102553939819335938e+02 2.454813232421875000e+02 4.248627624511718750e+02
1.012845916748046875e+02 5.441658935546875000e+02 6.144288253784179688e+01 1.643892822265625000e+02 1.804800720214843750e+02 4.032178955078125000e+03 1.565962829589843750e+02 1.447825622558593750e+02 1.427144409179687500e+03 3.672062988281250000e+02 3.141095275878906250e+02 3.447511901855468750e+02 5.326749267578125000e+02 1.124799041748046875e+02 2.348115844726562500e+02 4.314660034179687500e+02
