1.139524688720703125e+02 5.119231567382812500e+02 7.277775573730468750e+01 1.467316284179687500e+02 1.348570556640625000e+02 3.494262695312500000e+03 1.707336120605468750e+02 1.808487243652343750e+02 1.598652954101562500e+03 3.566849365234375000e+02 3.068672485351562500e+02 3.662312011718750000e+02 5.342626953125000000e+02 1.271529312133789062e+02 2.629400329589843750e+02 3.699867858886718750e+02
1.010195770263671875e+02 5.115472717285156250e+02 6.887698364257812500e+01 1.416004943847656250e+02 1.359297790527343750e+02 3.447074707031250000e+03 1.686906127929687500e+02 1.763621215820312500e+02 1.536458007812500000e+03 3.397458496093750000e+02 3.103609008789062500e+02 3.694729614257812500e+02 5.183767700195312500e+02 1.142776947021484375e+02 2.647202453613281250e+02 3.737353515625000000e+02
9.114968872070312500e+01 5.036008300781250000e+02 6.222138977050781250e+01 1.337057495117187500e+02 1.364317474365234375e+02 3.339489501953125000e+03 1.668415527343750000e+02 1.722842559814453125e+02 1.580322265625000000e+03 3.332531738281250000e+02 2.978591003417968750e+02 3.600673828125000000e+02 4.874820861816406250e+02 1.021768798828125000e+02 2.576113891601562500e+02 3.662832641601562500e+02
1.012064514160156250e+02 4.936986083984375000e+02 5.343515777587890625e+01 1.214677886962890625e+02 1.365589294433593750e+02 3.130736816406250000e+03 1.578548126220703125e+02 1.593892822265625000e+02 1.527398803710937500e+03 3.299861755371093750e+02 2.794045104980468750e+02 3.517028503417968750e+02 5.026934509277343750e+02 1.119408798217773438e+02 2.500966796875000000e+02 3.472139282226562500e+02
9.246647644042968750e+01 4.913818969726562500e+02 4.956336212158203125e+01 1.087364196777343750e+02 1.366775207519531250e+02 3.192664550781250000e+03 1.549859619140625000e+02 1.561866760253906250e+02 1.456556884765625000e+03 3.423479919433593750e+02 2.848975524902343750e+02 3.521604003906250000e+02 4.665859985351562500e+02 1.106646575927734375e+02 2.459903106689453125e+02 3.409329223632812500e+02
7.689611816406250000e+01 4.691592407226562500e+02 4.375168609619140625e+01 1.000181274414062500e+02 1.327427673339843750e+02 3.011640869140625000e+03 1.454332885742187500e+02 1.567896423339843750e+02 1.417017578125000000e+03 3.355184936523437500e+02 2.772427368164062500e+02 3.408315734863281250e+02 4.465628662109375000e+02 1.068576583862304688e+02 2.293380737304687500e+02 3.400613403320312500e+02
7.076682281494140625e+01 4.691015319824218750e+02 3.679047775268554688e+01 8.594534301757812500e+01 1.303686523437500000e+02 2.863117187500000000e+03 1.531524505615234375e+02 1.496575622558593750e+02 1.362665405273437500e+03 3.385288696289062500e+02 2.744567260742187500e+02 3.351234130859375000e+02 4.457722473144531250e+02 1.023990783691406250e+02 2.269933929443359375e+02 3.262330932617187500e+02
6.420653533935546875e+01 4.302448730468750000e+02 2.981631469726562500e+01 6.476800537109375000e+01 1.321198577880859375e+02 2.746969482421875000e+03 1.339173126220703125e+02 1.371788635253906250e+02 1.300096069335937500e+03 3.075089111328125000e+02 2.552883148193359375e+02 3.251169433593750000e+02 4.354676208496093750e+02 9.410614013671875000e+01 1.958321533203125000e+02 3.007269592285156250e+02
5.552341461181640625e+01 3.970206909179687500e+02 1.925936889648437500e+01 4.902194213867187500e+01 1.199360275268554688e+02 2.650549316406250000e+03 1.298852233886718750e+02 1.176604843139648438e+02 1.218210083007812500e+03 2.822954711914062500e+02 2.332711029052734375e+02 3.056442260742187500e+02 3.970296936035156250e+02 8.872686767578125000e+01 1.847791595458984375e+02 2.884915161132812500e+02
6.065128326416015625e+01 3.919443664550781250e+02 1.759057617187500000e+01 5.244682312011718750e+01 1.181113739013671875e+02 2.756784667968750000e+03 1.250855026245117188e+02 1.226929931640625000e+02 1.180322875976562500e+03 2.772372436523437500e+02 2.363051147460937500e+02 3.092857055664062500e+02 3.708258361816406250e+02 8.867057800292968750e+01 1.793092651367187500e+02 2.832726440429687500e+02
6.240775299072265625e+01 4.203448181152343750e+02 2.575791549682617188e+01 6.435968017578125000e+01 1.265325698852539062e+02 2.750125244140625000e+03 1.304238586425781250e+02 1.296560974121093750e+02 1.205307006835937500e+03 2.957206420898437500e+02 2.539121093750000000e+02 3.139523925781250000e+02 4.061093750000000000e+02 9.049006652832031250e+01 1.873916931152343750e+02 3.006510925292968750e+02
6.996386718750000000e+01 4.662487792968750000e+02 3.517457580566406250e+01 9.139416503906250000e+01 1.329626922607421875e+02 2.725795410156250000e+03 1.433259429931640625e+02 1.445425415039062500e+02 1.272086059570312500e+03 3.313446044921875000e+02 2.922709045410156250e+02 3.257012329101562500e+02 4.448487548828125000e+02 1.028752059936523438e+02 1.975459289550781250e+02 3.264599914550781250e+02
8.082308959960937500e+01 4.985238037109375000e+02 4.294738388061523438e+01 1.116978302001953125e+02 1.401981811523437500e+02 2.770479492187500000e+03 1.500155792236328125e+02 1.558574218750000000e+02 1.333629272460937500e+03 3.535485229492187500e+02 3.144717407226562500e+02 3.324177856445312500e+02 4.649432983398437500e+02 1.112377166748046875e+02 2.210461120605468750e+02 3.575502319335937500e+02
9.433658599853515625e+01 5.148778076171875000e+02 4.866462326049804688e+01 1.228910980224609375e+02 1.376446685791015625e+02 2.758118164062500000e+03 1.547096862792968750e+02 1.650096893310546875e+02 1.345750976562500000e+03 3.496158447265625000e+02 3.226313476562500000e+02 3.335875244140625000e+02 4.769008483886718750e+02 1.164624786376953125e+02 2.167657928466796875e+02 3.708535766601562500e+02
9.028279876708984375e+01 5.074866333007812500e+02 4.939544677734375000e+01 1.264695358276367188e+02 1.376933288574218750e+02 2.703118164062500000e+03 1.589044036865234375e+02 1.645479431152343750e+02 1.359190673828125000e+03 3.659360351562500000e+02 3.191518249511718750e+02 3.266003723144531250e+02 4.686216735839843750e+02 1.164941177368164062e+02 2.193243865966796875e+02 3.762705078125000000e+02
8.832479858398437500e+01 4.996092834472656250e+02 4.643657302856445312e+01 1.249762039184570312e+02 1.311212463378906250e+02 2.772063476562500000e+03 1.521302642822265625e+02 1.546128540039062500e+02 1.322106811523437500e+03 3.728337097167968750e+02 3.113456726074218750e+02 3.144160766601562500e+02 4.601466674804687500e+02 1.161250457763671875e+02 2.153981475830078125e+02 3.721592407226562500e+02
9.202474975585937500e+01 4.972517700195312500e+02 4.634818267822265625e+01 1.274036636352539062e+02 1.304624328613281250e+02 2.924677734375000000e+03 1.553431091308593750e+02 1.608475494384765625e+02 1.350422119140625000e+03 3.760587463378906250e+02 3.104297790527343750e+02 3.216520996093750000e+02 4.465423583984375000e+02 1.171612014770507812e+02 2.100147552490234375e+02 3.742348632812500000e+02
8.671344757080078125e+01 4.895069580078125000e+02 4.608672332763671875e+01 1.270324096679687500e+02 1.240458679199218750e+02 2.934143554687500000e+03 1.538939514160156250e+02 1.553003540039062500e+02 1.356963989257812500e+03 3.754492797851562500e+02 2.994591979980468750e+02 3.129590454101562500e+02 4.265192260742187500e+02 1.146730499267578125e+02 2.078022155761718750e+02 3.791314697265625000e+02
8.784008026123046875e+01 4.898475952148437500e+02 4.707978820800781250e+01 1.296488647460937500e+02 1.262255554199218750e+02 2.985218261718750000e+03 1.510824584960937500e+02 1.579866333007812500e+02 1.347803466796875000e+03 3.713338623046875000e+02 3.035094299316406250e+02 3.072291259765625000e+02 4.343618164062500000e+02 1.192254867553710938e+02 2.160231170654296875e+02 3.903390502929687500e+02
8.856646728515625000e+01 4.828980407714843750e+02 4.634156799316406250e+01 1.381651763916015625e+02 1.264477767944335938e+02 3.092732177734375000e+03 1.498604125976562500e+02 1.620567016601562500e+02 1.370220458984375000e+03 3.801294555664062500e+02 3.115046081542968750e+02 3.048401489257812500e+02 4.261756591796875000e+02 1.218597488403320312e+02 2.194263763427734375e+02 3.960943298339843750e+02
9.731217956542968750e+01 4.781047668457031250e+02 4.530963516235351562e+01 1.414744262695312500e+02 1.200051727294921875e+02 3.161542480468750000e+03 1.535530548095703125e+02 1.583097991943359375e+02 1.342465576171875000e+03 3.735699768066406250e+02 3.042456054687500000e+02 2.893707275390625000e+02 4.071122131347656250e+02 1.208141479492187500e+02 2.129126281738281250e+02 3.962802124023437500e+02
9.739225769042968750e+01 4.878109436035156250e+02 4.978441619873046875e+01 1.501210937500000000e+02 1.157949142456054688e+02 3.208756103515625000e+03 1.541827087402343750e+02 1.603219299316406250e+02 1.429844726562500000e+03 3.500623168945312500e+02 3.092434692382812500e+02 2.884813537597656250e+02 3.864640808105468750e+02 1.169270477294921875e+02 2.072595520019531250e+02 3.877368774414062500e+02
8.191145324707031250e+01 3.705748596191406250e+02 4.071235656738281250e+01 1.092363433837890625e+02 8.592182922363281250e+01 2.823693847656250000e+03 1.263775253295898438e+02 1.184121322631835938e+02 1.486636596679687500e+03 3.328145141601562500e+02 2.317892608642578125e+02 2.199691009521484375e+02 4.800393066406250000e+02 8.936436462402343750e+01 2.008906860351562500e+02 3.206937255859375000e+02
7.132493591308593750e+01 3.456576538085937500e+02 3.088111877441406250e+01 8.819630432128906250e+01 8.539836120605468750e+01 2.792607421875000000e+03 1.177877731323242188e+02 1.094660263061523438e+02 1.473788330078125000e+03 3.619975585937500000e+02 2.084288482666015625e+02 2.070406799316406250e+02 4.934979248046875000e+02 8.494653320312500000e+01 1.928226776123046875e+02 3.012326660156250000e+02
7.248017883300781250e+01 3.691112670898437500e+02 3.262643432617187500e+01 9.679548645019531250e+01 9.431968688964843750e+01 3.073904296875000000e+03 1.186252899169921875e+02 1.189178314208984375e+02 1.499217041015625000e+03 3.801094970703125000e+02 2.220264129638671875e+02 2.386931762695312500e+02 5.147687988281250000e+02 9.106681060791015625e+01 1.999614868164062500e+02 3.152414550781250000e+02
7.478399658203125000e+01 3.757013854980468750e+02 3.294643402099609375e+01 1.030446166992187500e+02 9.671633148193359375e+01 3.035716552734375000e+03 1.279067153930664062e+02 1.188767166137695312e+02 1.469913818359375000e+03 3.851533508300781250e+02 2.287246398925781250e+02 2.484380340576171875e+02 5.258274536132812500e+02 9.398553466796875000e+01 2.004000549316406250e+02 3.188164672851562500e+02
7.479804992675781250e+01 4.064795837402343750e+02 3.868804168701171875e+01 1.182151794433593750e+02 1.046930236816406250e+02 3.246407226562500000e+03 1.362021179199218750e+02 1.272657623291015625e+02 1.478184448242187500e+03 3.699286193847656250e+02 2.412749176025390625e+02 2.622760620117187500e+02 5.269140014648437500e+02 9.713126373291015625e+01 2.022325897216796875e+02 3.363515319824218750e+02
7.974493408203125000e+01 4.371856079101562500e+02 4.097800827026367188e+01 1.291570739746093750e+02 1.101632385253906250e+02 3.364733398437500000e+03 1.357883300781250000e+02 1.290602111816406250e+02 1.480157470703125000e+03 3.875070495605468750e+02 2.633202514648437500e+02 2.901857910156250000e+02 5.312381591796875000e+02 9.778578186035156250e+01 2.072260742187500000e+02 3.529932250976562500e+02
7.422323608398437500e+01 4.454835205078125000e+02 4.292152404785156250e+01 1.273565063476562500e+02 1.091371307373046875e+02 3.486231689453125000e+03 1.348201293945312500e+02 1.352209472656250000e+02 1.487844726562500000e+03 3.973823547363281250e+02 2.605957946777343750e+02 2.978308715820312500e+02 5.259895019531250000e+02 1.017520751953125000e+02 2.023309173583984375e+02 3.598369140625000000e+02
7.875952148437500000e+01 4.519772338867187500e+02 4.163452911376953125e+01 1.230780334472656250e+02 1.086909179687500000e+02 3.611465820312500000e+03 1.389736633300781250e+02 1.338903350830078125e+02 1.473860839843750000e+03 3.726183471679687500e+02 2.611479187011718750e+02 2.939466247558593750e+02 5.060830688476562500e+02 1.048822860717773438e+02 1.920093383789062500e+02 3.644135437011718750e+02
7.722071838378906250e+01 4.727656250000000000e+02 4.473894500732421875e+01 1.332098693847656250e+02 1.168112030029296875e+02 3.716773681640625000e+03 1.385015411376953125e+02 1.476329956054687500e+02 1.476271484375000000e+03 3.769036865234375000e+02 2.715855102539062500e+02 3.112045593261718750e+02 5.098703002929687500e+02 1.012319030761718750e+02 1.803020629882812500e+02 3.664682312011718750e+02
7.712252807617187500e+01 4.644999084472656250e+02 4.955469512939453125e+01 1.362906494140625000e+02 1.171108551025390625e+02 3.700539550781250000e+03 1.315819549560546875e+02 1.467879180908203125e+02 1.415360961914062500e+03 3.744419555664062500e+02 2.701334228515625000e+02 3.123675537109375000e+02 5.177624511718750000e+02 1.038836212158203125e+02 1.913144836425781250e+02 3.698992309570312500e+02
7.773939514160156250e+01 4.708562011718750000e+02 5.340798950195312500e+01 1.488777160644531250e+02 1.124347686767578125e+02 3.878961425781250000e+03 1.284432983398437500e+02 1.430501708984375000e+02 1.449505249023437500e+03 3.891785583496093750e+02 2.731907653808593750e+02 3.163026733398437500e+02 5.229074707031250000e+02 1.074870605468750000e+02 1.993137207031250000e+02 3.763724365234375000e+02
8.892087554931640625e+01 4.732119140625000000e+02 5.815922546386718750e+01 1.521808624267578125e+02 1.076644363403320312e+02 3.854495605468750000e+03 1.348389892578125000e+02 1.457739868164062500e+02 1.411842285156250000e+03 3.724405822753906250e+02 2.740148925781250000e+02 3.182888183593750000e+02 5.210444335937500000e+02 1.062026062011718750e+02 2.106340484619140625e+02 3.872122497558593750e+02
8.870217132568359375e+01 5.047303161621093750e+02 6.550810241699218750e+01 1.604671936035156250e+02 1.137762603759765625e+02 3.995941162109375000e+03 1.487210083007812500e+02 1.548482208251953125e+02 1.517442260742187500e+03 3.740718994140625000e+02 2.905014343261718750e+02 3.151929931640625000e+02 5.277680664062500000e+02 1.061130676269531250e+02 2.273757324218750000e+02 3.908806152343750000e+02
1.019920959472656250e+02 5.538908081054687500e+02 7.673681640625000000e+01 1.809732055664062500e+02 1.167698440551757812e+02 4.105586914062500000e+03 1.628162841796875000e+02 1.712721099853515625e+02 1.441843383789062500e+03 3.812561035156250000e+02 3.167801208496093750e+02 3.239602355957031250e+02 5.217684936523437500e+02 1.094223556518554688e+02 2.411930541992187500e+02 4.306674499511718750e+02
1.114870223999023438e+02 5.520705566406250000e+02 7.583563232421875000e+01 1.727091217041015625e+02 1.135915374755859375e+02 4.236884277343750000e+03 1.626757202148437500e+02 1.712108917236328125e+02 1.470761352539062500e+03 3.890554199218750000e+02 3.066626281738281250e+02 3.182189025878906250e+02 5.248472900390625000e+02 1.102514343261718750e+02 2.369036254882812500e+02 4.308265991210937500e+02
1.093145904541015625e+02 5.373465576171875000e+02 7.109056854248046875e+01 1.606373138427734375e+02 1.125364074707031250e+02 4.020478759765625000e+03 1.579092712402343750e+02 1.650753479003906250e+02 1.506798828125000000e+03 3.968385009765625000e+02 3.029938354492187500e+02 3.168238830566406250e+02 5.425350952148437500e+02 1.063644943237304688e+02 2.266700744628906250e+02 4.174794006347656250e+02
9.357209014892578125e+01 5.288140258789062500e+02 7.218849182128906250e+01 1.527546691894531250e+02 1.143693771362304688e+02 3.941440673828125000e+03 1.551723022460937500e+02 1.574299316406250000e+02 1.560590087890625000e+03 3.866782836914062500e+02 2.951140747070312500e+02 3.070403747558593750e+02 5.427630615234375000e+02 1.145289382934570312e+02 2.253212585449218750e+02 3.983717041015625000e+02
9.955478668212890625e+01 5.238566284179687500e+02 7.858349609375000000e+01 1.501624145507812500e+02 1.137578964233398438e+02 3.913276855468750000e+03 1.524664001464843750e+02 1.590239257812500000e+02 1.544135864257812500e+03 3.572953796386718750e+02 2.845571899414062500e+02 3.154650878906250000e+02 5.472860717773437500e+02 1.255859375000000000e+02 2.419513397216796875e+02 3.906597290039062500e+02
1.055264587402343750e+02 5.443099975585937500e+02 7.957566833496093750e+01 1.562737121582031250e+02 1.162427597045898438e+02 3.958835693359375000e+03 1.501771697998046875e+02 1.655842742919921875e+02 1.517409179687500000e+03 3.349321289062500000e+02 2.994370422363281250e+02 3.239920043945312500e+02 5.396013793945312500e+02 1.308886566162109375e+02 2.602333374023437500e+02 3.996319274902343750e+02
9.913536834716796875e+01 5.258959960937500000e+02 7.630438232421875000e+01 1.496018371582031250e+02 1.191723709106445312e+02 3.827429931640625000e+03 1.562588653564453125e+02 1.540431213378906250e+02 1.502587646484375000e+03 3.331204833984375000e+02 2.971119689941406250e+02 3.150932006835937500e+02 5.306714477539062500e+02 1.283501586914062500e+02 2.695216064453125000e+02 3.995532531738281250e+02
1.064085006713867188e+02 5.332180175781250000e+02 7.488269805908203125e+01 1.548555603027343750e+02 1.217398147583007812e+02 3.839599365234375000e+03 1.604916992187500000e+02 1.533605499267578125e+02 1.484661743164062500e+03 3.488493652343750000e+02 3.021011962890625000e+02 3.226009216308593750e+02 5.301694946289062500e+02 1.363361968994140625e+02 2.706209411621093750e+02 4.078057250976562500e+02
1.068429183959960938e+02 5.395972900390625000e+02 7.260229492187500000e+01 1.684517822265625000e+02 1.223871688842773438e+02 3.745288085937500000e+03 1.610834503173828125e+02 1.531278228759765625e+02 1.651961669921875000e+03 3.434568176269531250e+02 3.142475891113281250e+02 3.224096984863281250e+02 5.385393676757812500e+02 1.332376861572265625e+02 2.734315185546875000e+02 4.164508972167968750e+02
1.039045410156250000e+02 5.231163940429687500e+02 7.079856872558593750e+01 1.627860412597656250e+02 1.212632293701171875e+02 3.538905517578125000e+03 1.557990722656250000e+02 1.469544982910156250e+02 1.661529052734375000e+03 3.329733276367187500e+02 3.031123657226562500e+02 3.122978515625000000e+02 5.394586181640625000e+02 1.263050155639648438e+02 2.645209045410156250e+02 4.167831115722656250e+02
1.110886001586914062e+02 5.279250488281250000e+02 7.411151123046875000e+01 1.644525146484375000e+02 1.260964813232421875e+02 3.571151367187500000e+03 1.607556457519531250e+02 1.514819946289062500e+02 1.644282348632812500e+03 3.276542358398437500e+02 3.061795654296875000e+02 3.205671081542968750e+02 5.382006835937500000e+02 1.407171936035156250e+02 2.745957336425781250e+02 4.087228698730468750e+02
1.140364456176757812e+02 5.459764404296875000e+02 7.411047363281250000e+01 1.719048461914062500e+02 1.426557006835937500e+02 3.621603271484375000e+03 1.693374023437500000e+02 1.476903533935546875e+02 1.708030639648437500e+03 3.433363952636718750e+02 3.211976623535156250e+02 3.270408935546875000e+02 5.444773559570312500e+02 1.454519653320312500e+02 2.603786926269531250e+02 4.286026916503906250e+02
1.034704589843750000e+02 5.503380126953125000e+02 6.871909332275390625e+01 1.696143646240234375e+02 1.415467834472656250e+02 3.444063964843750000e+03 1.646046600341796875e+02 1.423321533203125000e+02 1.722901123046875000e+03 3.461192626953125000e+02 3.077195434570312500e+02 3.222901611328125000e+02 5.375101318359375000e+02 1.323708801269531250e+02 2.715751342773437500e+02 4.251938781738281250e+02
9.712040710449218750e+01 5.240942993164062500e+02 6.000983047485351562e+01 1.732539825439453125e+02 1.352631530761718750e+02 3.550945068359375000e+03 1.572237854003906250e+02 1.472113800048828125e+02 1.645702636718750000e+03 3.452955017089843750e+02 3.003309326171875000e+02 3.046502990722656250e+02 5.340548706054687500e+02 1.327000732421875000e+02 2.659844055175781250e+02 4.132477722167968750e+02
9.187924957275390625e+01 5.150083618164062500e+02 5.706958770751953125e+01 1.697306518554687500e+02 1.312294921875000000e+02 3.492406494140625000e+03 1.567674713134765625e+02 1.387923889160156250e+02 1.684038085937500000e+03 3.499013671875000000e+02 2.968581237792968750e+02 2.978869628906250000e+02 5.392615966796875000e+02 1.376662750244140625e+02 2.483606262207031250e+02 4.125440368652343750e+02
8.881876373291015625e+01 5.474802246093750000e+02 6.549855041503906250e+01 1.864960479736328125e+02 1.496752929687500000e+02 3.470562011718750000e+03 1.574140319824218750e+02 1.502257385253906250e+02 1.618991821289062500e+03 3.649344787597656250e+02 3.100825500488281250e+02 3.333245849609375000e+02 5.522103881835937500e+02 1.314503021240234375e+02 2.576485900878906250e+02 4.189678649902343750e+02
9.596109771728515625e+01 5.422064208984375000e+02 6.809696960449218750e+01 1.776116943359375000e+02 1.580610656738281250e+02 3.442477294921875000e+03 1.583857116699218750e+02 1.489645080566406250e+02 1.542346801757812500e+03 4.021076660156250000e+02 3.188935241699218750e+02 3.449180297851562500e+02 5.383506469726562500e+02 1.273341979980468750e+02 2.584124755859375000e+02 4.243571166992187500e+02
