1.116927719116210938e+02 4.559678955078125000e+02 6.980593872070312500e+01 1.071748352050781250e+02 1.588048400878906250e+02 3.028539550781250000e+03 1.552084655761718750e+02 1.678355255126953125e+02 1.614695068359375000e+03 3.246547546386718750e+02 2.656869506835937500e+02 4.061405639648437500e+02 5.533435058593750000e+02 1.180815429687500000e+02 2.811765747070312500e+02 3.401869506835937500e+02
9.090076446533203125e+01 4.656123962402343750e+02 6.703239440917968750e+01 1.045682983398437500e+02 1.633736877441406250e+02 2.997351074218750000e+03 1.560704345703125000e+02 1.639811401367187500e+02 1.531251220703125000e+03 3.039656677246093750e+02 2.779647827148437500e+02 4.157600708007812500e+02 5.417896118164062500e+02 1.014167785644531250e+02 2.847934570312500000e+02 3.513188476562500000e+02
8.016134643554687500e+01 4.679053649902343750e+02 6.159108734130859375e+01 1.017031707763671875e+02 1.672453308105468750e+02 2.921799804687500000e+03 1.581294403076171875e+02 1.635796356201171875e+02 1.668073974609375000e+03 3.063897399902343750e+02 2.687586975097656250e+02 4.041620483398437500e+02 5.101235046386718750e+02 8.771704864501953125e+01 2.730209655761718750e+02 3.470974731445312500e+02
1.035798873901367188e+02 4.731853027343750000e+02 5.394498062133789062e+01 9.505775451660156250e+01 1.708233642578125000e+02 2.906302246093750000e+03 1.497605743408203125e+02 1.505159912109375000e+02 1.609830810546875000e+03 3.106719970703125000e+02 2.543221588134765625e+02 3.969481811523437500e+02 5.651096191406250000e+02 1.099222564697265625e+02 2.658976440429687500e+02 3.280932006835937500e+02
9.312812805175781250e+01 4.963287353515625000e+02 5.558492279052734375e+01 9.029071044921875000e+01 1.745409698486328125e+02 3.481737792968750000e+03 1.534660797119140625e+02 1.559983062744140625e+02 1.539829467773437500e+03 3.506100769042968750e+02 2.837442016601562500e+02 4.052328186035156250e+02 5.238236694335937500e+02 1.119694671630859375e+02 2.664890136718750000e+02 3.337368164062500000e+02
7.469851684570312500e+01 4.867205810546875000e+02 5.428932571411132812e+01 9.444769287109375000e+01 1.724297180175781250e+02 3.108826171875000000e+03 1.460625305175781250e+02 1.687887268066406250e+02 1.532952514648437500e+03 3.573694152832031250e+02 2.908641967773437500e+02 3.947230224609375000e+02 5.218803710937500000e+02 1.110458068847656250e+02 2.447052764892578125e+02 3.496812133789062500e+02
7.555244445800781250e+01 5.278684692382812500e+02 5.234420776367187500e+01 9.626943969726562500e+01 1.742471008300781250e+02 3.280280273437500000e+03 1.731039733886718750e+02 1.699612121582031250e+02 1.519759887695312500e+03 3.783136901855468750e+02 3.143830566406250000e+02 3.973442993164062500e+02 5.582462158203125000e+02 1.113978424072265625e+02 2.535860900878906250e+02 3.471249389648437500e+02
8.261761474609375000e+01 5.324082031250000000e+02 5.838927459716796875e+01 1.067506103515625000e+02 1.852019958496093750e+02 3.530595214843750000e+03 1.587074584960937500e+02 1.755447692871093750e+02 1.542905883789062500e+03 3.669725341796875000e+02 3.348315734863281250e+02 4.010846252441406250e+02 5.891167602539062500e+02 1.119402389526367188e+02 2.240545959472656250e+02 3.451458129882812500e+02
7.876541137695312500e+01 5.216433105468750000e+02 5.347858047485351562e+01 1.041571502685546875e+02 1.756991271972656250e+02 3.288363769531250000e+03 1.676921844482421875e+02 1.585508422851562500e+02 1.526486328125000000e+03 3.543685913085937500e+02 3.276282653808593750e+02 3.865924987792968750e+02 5.713103637695312500e+02 1.119167175292968750e+02 2.271094818115234375e+02 3.501498413085937500e+02
8.909959411621093750e+01 5.132663574218750000e+02 5.261163711547851562e+01 1.106053161621093750e+02 1.752458801269531250e+02 3.532940429687500000e+03 1.582171020507812500e+02 1.705684356689453125e+02 1.485069335937500000e+03 3.468091735839843750e+02 3.334270629882812500e+02 3.965125122070312500e+02 5.352506103515625000e+02 1.118539886474609375e+02 2.246665802001953125e+02 3.407944030761718750e+02
8.200732421875000000e+01 5.224783325195312500e+02 5.719780731201171875e+01 1.090570678710937500e+02 1.787003021240234375e+02 3.605520751953125000e+03 1.567456359863281250e+02 1.671639556884765625e+02 1.436976196289062500e+03 3.576830444335937500e+02 3.323782958984375000e+02 3.909884643554687500e+02 5.564764404296875000e+02 1.067792358398437500e+02 2.300306243896484375e+02 3.511857604980468750e+02
7.554164123535156250e+01 5.139546508789062500e+02 5.042768859863281250e+01 1.069624786376953125e+02 1.727214355468750000e+02 3.244830078125000000e+03 1.541292724609375000e+02 1.604783325195312500e+02 1.410796142578125000e+03 3.629617919921875000e+02 3.351699218750000000e+02 3.795469665527343750e+02 5.357625732421875000e+02 1.122459716796875000e+02 2.181948852539062500e+02 3.476793518066406250e+02
7.859780883789062500e+01 5.033380126953125000e+02 4.778214263916015625e+01 1.009182434082031250e+02 1.761281127929687500e+02 3.346705078125000000e+03 1.462209014892578125e+02 1.557539672851562500e+02 1.400390136718750000e+03 3.610981445312500000e+02 3.249614562988281250e+02 3.731047668457031250e+02 5.154738159179687500e+02 1.130826797485351562e+02 2.409620666503906250e+02 3.643837280273437500e+02
9.317179870605468750e+01 4.951382446289062500e+02 4.951197052001953125e+01 9.620216369628906250e+01 1.671544647216796875e+02 3.068551757812500000e+03 1.435718688964843750e+02 1.588247222900390625e+02 1.337192138671875000e+03 3.326917419433593750e+02 3.128153076171875000e+02 3.667218017578125000e+02 5.117404785156250000e+02 1.144628219604492188e+02 2.187506103515625000e+02 3.642370910644531250e+02
7.914712524414062500e+01 4.644307556152343750e+02 4.646221923828125000e+01 9.025541687011718750e+01 1.649283752441406250e+02 3.058854736328125000e+03 1.458007049560546875e+02 1.510115966796875000e+02 1.301651733398437500e+03 3.492654113769531250e+02 2.944433898925781250e+02 3.491825561523437500e+02 4.861375732421875000e+02 1.098627700805664062e+02 2.198120880126953125e+02 3.628652343750000000e+02
7.406268310546875000e+01 4.474953308105468750e+02 3.989782714843750000e+01 8.166880798339843750e+01 1.509622497558593750e+02 2.914807128906250000e+03 1.324154663085937500e+02 1.324739074707031250e+02 1.223909545898437500e+03 3.554339599609375000e+02 2.775962524414062500e+02 3.251130981445312500e+02 4.729342346191406250e+02 1.075828857421875000e+02 2.127107391357421875e+02 3.511152343750000000e+02
8.067077636718750000e+01 4.445836181640625000e+02 4.085225677490234375e+01 8.171171569824218750e+01 1.484469604492187500e+02 2.890194580078125000e+03 1.380208740234375000e+02 1.444880676269531250e+02 1.267750610351562500e+03 3.571991271972656250e+02 2.773578491210937500e+02 3.391600646972656250e+02 4.629991455078125000e+02 1.098579101562500000e+02 2.037261047363281250e+02 3.539686889648437500e+02
6.705357360839843750e+01 4.193041381835937500e+02 3.823058700561523438e+01 7.121134948730468750e+01 1.293511657714843750e+02 2.673692382812500000e+03 1.309428100585937500e+02 1.292461090087890625e+02 1.256196044921875000e+03 3.473593444824218750e+02 2.503033447265625000e+02 3.125071716308593750e+02 4.175698242187500000e+02 1.026871795654296875e+02 2.000313720703125000e+02 3.554024047851562500e+02
6.197857666015625000e+01 3.907684631347656250e+02 3.245500946044921875e+01 5.616108703613281250e+01 1.267081222534179688e+02 2.689238037109375000e+03 1.175515136718750000e+02 1.235238723754882812e+02 1.181062866210937500e+03 3.206037597656250000e+02 2.371957244873046875e+02 2.905901489257812500e+02 4.085900573730468750e+02 1.047121963500976562e+02 2.050531158447265625e+02 3.565075988769531250e+02
5.305970001220703125e+01 3.384549865722656250e+02 1.997399902343750000e+01 4.322953796386718750e+01 1.197778091430664062e+02 2.468299316406250000e+03 1.041052627563476562e+02 1.140818710327148438e+02 1.118767578125000000e+03 3.047514038085937500e+02 2.192434539794921875e+02 2.775825805664062500e+02 3.665284423828125000e+02 9.935642242431640625e+01 1.961222839355468750e+02 3.381130676269531250e+02
5.601615905761718750e+01 2.917513122558593750e+02 7.125259399414062500e+00 2.126141357421875000e+01 9.897525024414062500e+01 2.317206542968750000e+03 9.807965850830078125e+01 9.191024017333984375e+01 9.806926879882812500e+02 2.650169677734375000e+02 1.758431396484375000e+02 2.391308898925781250e+02 3.032512512207031250e+02 8.779546356201171875e+01 1.682690124511718750e+02 3.102697143554687500e+02
4.393624114990234375e+01 2.658670349121093750e+02 2.529342651367187500e+00 8.066329956054687500e+00 8.234067535400390625e+01 2.076506591796875000e+03 8.705285644531250000e+01 7.969656372070312500e+01 1.038643554687500000e+03 2.110792694091796875e+02 1.529747924804687500e+02 2.238712158203125000e+02 2.279572448730468750e+02 7.281307983398437500e+01 1.431551208496093750e+02 2.689086303710937500e+02
4.201992797851562500e+01 2.504272155761718750e+02 2.344947814941406250e+00 1.290847778320312500e+01 5.967960357666015625e+01 1.693678710937500000e+03 8.424509429931640625e+01 7.344033813476562500e+01 9.474582519531250000e+02 1.838195495605468750e+02 1.426946105957031250e+02 1.780010375976562500e+02 3.237467651367187500e+02 6.444844055175781250e+01 1.333697662353515625e+02 2.530561065673828125e+02
9.708200073242187500e+01 4.697294921875000000e+02 5.928931045532226562e+01 1.605629272460937500e+02 1.313005065917968750e+02 3.086199951171875000e+03 1.497440948486328125e+02 1.586133422851562500e+02 1.412841796875000000e+03 4.056430358886718750e+02 3.024385681152343750e+02 2.954293518066406250e+02 5.598769531250000000e+02 1.090141830444335938e+02 2.210435485839843750e+02 3.838571777343750000e+02
8.910620880126953125e+01 4.610340576171875000e+02 5.351010131835937500e+01 1.469951782226562500e+02 1.436405639648437500e+02 3.256460937500000000e+03 1.374299621582031250e+02 1.565279541015625000e+02 1.375882934570312500e+03 4.050469970703125000e+02 2.914701538085937500e+02 3.391596069335937500e+02 5.884620361328125000e+02 1.105725708007812500e+02 2.243508453369140625e+02 3.813883361816406250e+02
8.229886627197265625e+01 4.157580871582031250e+02 4.347593688964843750e+01 1.284401855468750000e+02 1.355560150146484375e+02 3.241038574218750000e+03 1.404288940429687500e+02 1.350721740722656250e+02 1.242743652343750000e+03 3.865997924804687500e+02 2.645449218750000000e+02 3.247674560546875000e+02 5.621729125976562500e+02 1.032207565307617188e+02 2.097804565429687500e+02 3.536451416015625000e+02
7.010182189941406250e+01 4.154015502929687500e+02 4.216472625732421875e+01 1.219949951171875000e+02 1.381076965332031250e+02 3.482790527343750000e+03 1.373896484375000000e+02 1.302537841796875000e+02 1.235223754882812500e+03 3.339482116699218750e+02 2.464378509521484375e+02 3.195117187500000000e+02 5.244304199218750000e+02 9.695113372802734375e+01 1.978320159912109375e+02 3.515657348632812500e+02
7.611772155761718750e+01 4.486062622070312500e+02 4.244151306152343750e+01 1.293139343261718750e+02 1.446566162109375000e+02 3.490604736328125000e+03 1.306093597412109375e+02 1.261337661743164062e+02 1.254644287109375000e+03 3.744608764648437500e+02 2.720756835937500000e+02 3.506798095703125000e+02 5.393159179687500000e+02 9.503567504882812500e+01 2.091937713623046875e+02 3.683544311523437500e+02
6.776852416992187500e+01 4.600227050781250000e+02 4.809410476684570312e+01 1.281121215820312500e+02 1.432924957275390625e+02 3.805538574218750000e+03 1.307004089355468750e+02 1.381240539550781250e+02 1.347864379882812500e+03 3.980072326660156250e+02 2.654770812988281250e+02 3.536049804687500000e+02 5.444848632812500000e+02 1.032966461181640625e+02 2.023851013183593750e+02 3.794531860351562500e+02
7.751795959472656250e+01 4.654962158203125000e+02 4.575855636596679688e+01 1.205644226074218750e+02 1.429245605468750000e+02 3.735656738281250000e+03 1.380093994140625000e+02 1.335034179687500000e+02 1.360370605468750000e+03 3.539378967285156250e+02 2.647733764648437500e+02 3.406711120605468750e+02 5.300802001953125000e+02 1.073896179199218750e+02 1.849635314941406250e+02 3.840223999023437500e+02
7.194287109375000000e+01 4.916521606445312500e+02 5.007179641723632812e+01 1.346830139160156250e+02 1.567042388916015625e+02 3.665950195312500000e+03 1.335107421875000000e+02 1.552669982910156250e+02 1.350801757812500000e+03 3.612782897949218750e+02 2.766661071777343750e+02 3.662879028320312500e+02 5.422483520507812500e+02 9.812979125976562500e+01 1.663007202148437500e+02 3.807359313964843750e+02
6.936621856689453125e+01 4.572139892578125000e+02 5.490130615234375000e+01 1.297034759521484375e+02 1.551952209472656250e+02 3.447668701171875000e+03 1.175765075683593750e+02 1.456642761230468750e+02 1.219470214843750000e+03 3.521847839355468750e+02 2.620391540527343750e+02 3.611455688476562500e+02 5.679041137695312500e+02 1.012245788574218750e+02 1.872220458984375000e+02 3.779177856445312500e+02
6.680558776855468750e+01 4.503309631347656250e+02 5.532432937622070312e+01 1.401654052734375000e+02 1.448926391601562500e+02 3.376063964843750000e+03 1.095593490600585938e+02 1.323191833496093750e+02 1.320795532226562500e+03 3.714908142089843750e+02 2.553152465820312500e+02 3.640861816406250000e+02 5.748862915039062500e+02 1.039566040039062500e+02 1.950784912109375000e+02 3.768054504394531250e+02
8.316526031494140625e+01 4.293788452148437500e+02 5.573202514648437500e+01 1.275701217651367188e+02 1.348511505126953125e+02 3.710955078125000000e+03 1.175187377929687500e+02 1.294613952636718750e+02 1.211596313476562500e+03 3.238662414550781250e+02 2.398386230468750000e+02 3.634239501953125000e+02 5.644054565429687500e+02 9.666583251953125000e+01 2.061881561279296875e+02 3.789982604980468750e+02
7.378074645996093750e+01 4.574143676757812500e+02 6.009122085571289062e+01 1.228725280761718750e+02 1.458996276855468750e+02 3.865535400390625000e+03 1.345076293945312500e+02 1.354277038574218750e+02 1.383299438476562500e+03 3.079332275390625000e+02 2.504027404785156250e+02 3.518736877441406250e+02 5.747656860351562500e+02 9.144871520996093750e+01 2.246457519531250000e+02 3.620021972656250000e+02
8.313201141357421875e+01 4.652983703613281250e+02 6.344359970092773438e+01 1.153726501464843750e+02 1.456370239257812500e+02 3.661297363281250000e+03 1.399497680664062500e+02 1.366535949707031250e+02 1.229048095703125000e+03 3.106852111816406250e+02 2.437133331298828125e+02 3.629119873046875000e+02 5.606445922851562500e+02 8.531449890136718750e+01 2.271206207275390625e+02 3.872022094726562500e+02
1.011820755004882812e+02 4.665354003906250000e+02 6.400019836425781250e+01 1.092126464843750000e+02 1.401044921875000000e+02 3.267427978515625000e+03 1.398928222656250000e+02 1.395954742431640625e+02 1.320895874023437500e+03 3.418082885742187500e+02 2.332450866699218750e+02 3.526083984375000000e+02 5.883767089843750000e+02 8.919760131835937500e+01 2.215787658691406250e+02 3.901301879882812500e+02
9.776900482177734375e+01 4.585011596679687500e+02 5.891582489013671875e+01 1.021794128417968750e+02 1.390087432861328125e+02 3.150778076171875000e+03 1.338507995605468750e+02 1.358638000488281250e+02 1.443364135742187500e+03 3.576571044921875000e+02 2.422327880859375000e+02 3.517927551269531250e+02 6.248553466796875000e+02 8.650064086914062500e+01 2.107353668212890625e+02 3.764130859375000000e+02
7.298435211181640625e+01 4.587247619628906250e+02 6.468381500244140625e+01 1.013659515380859375e+02 1.426417846679687500e+02 3.137948730468750000e+03 1.342914733886718750e+02 1.278340148925781250e+02 1.541628906250000000e+03 3.485049743652343750e+02 2.396319885253906250e+02 3.336356201171875000e+02 6.224663696289062500e+02 1.047019729614257812e+02 2.150314941406250000e+02 3.530189819335937500e+02
8.815835571289062500e+01 4.651835327148437500e+02 7.876330566406250000e+01 1.075406951904296875e+02 1.410090637207031250e+02 3.615912109375000000e+03 1.333351135253906250e+02 1.365761718750000000e+02 1.514137695312500000e+03 3.041300964355468750e+02 2.308792724609375000e+02 3.510865478515625000e+02 6.298650512695312500e+02 1.249397888183593750e+02 2.484526672363281250e+02 3.520801086425781250e+02
1.006670532226562500e+02 5.150655517578125000e+02 8.053992462158203125e+01 1.257150650024414062e+02 1.447044677734375000e+02 3.717630126953125000e+03 1.316758728027343750e+02 1.506656494140625000e+02 1.458622070312500000e+03 2.864442749023437500e+02 2.677000427246093750e+02 3.651159667968750000e+02 6.123714599609375000e+02 1.330080871582031250e+02 2.821318054199218750e+02 3.784734497070312500e+02
8.851770019531250000e+01 4.853057556152343750e+02 7.519277191162109375e+01 1.161375427246093750e+02 1.483264770507812500e+02 3.516404785156250000e+03 1.444726257324218750e+02 1.320822296142578125e+02 1.514551879882812500e+03 2.880135192871093750e+02 2.639841918945312500e+02 3.449085083007812500e+02 5.932738037109375000e+02 1.279799194335937500e+02 2.929661560058593750e+02 3.831088867187500000e+02
1.035777282714843750e+02 5.040090942382812500e+02 7.291245269775390625e+01 1.272594223022460938e+02 1.509146118164062500e+02 3.940360351562500000e+03 1.508950805664062500e+02 1.336703186035156250e+02 1.546300781250000000e+03 3.284896850585937500e+02 2.739895629882812500e+02 3.575721435546875000e+02 5.882851562500000000e+02 1.427257080078125000e+02 2.867316589355468750e+02 4.009395446777343750e+02
1.027657012939453125e+02 5.172280883789062500e+02 6.971356201171875000e+01 1.511964569091796875e+02 1.495274353027343750e+02 3.629459716796875000e+03 1.504470520019531250e+02 1.348849182128906250e+02 1.872286743164062500e+03 3.154598388671875000e+02 2.949196777343750000e+02 3.538439941406250000e+02 5.992943115234375000e+02 1.347955474853515625e+02 2.856927795410156250e+02 4.163190612792968750e+02
9.672866821289062500e+01 4.858684692382812500e+02 6.777062225341796875e+01 1.386573791503906250e+02 1.450527191162109375e+02 3.533904052734375000e+03 1.403948364257812500e+02 1.246608352661132812e+02 1.847985839843750000e+03 2.960406494140625000e+02 2.726348876953125000e+02 3.315249938964843750e+02 5.938911743164062500e+02 1.225227661132812500e+02 2.668671264648437500e+02 4.152572021484375000e+02
1.089231948852539062e+02 4.952543029785156250e+02 7.422615051269531250e+01 1.423761138916015625e+02 1.511248168945312500e+02 3.484886962890625000e+03 1.482164611816406250e+02 1.326389770507812500e+02 1.770970214843750000e+03 2.960180053710937500e+02 2.778979492187500000e+02 3.443944396972656250e+02 5.827193603515625000e+02 1.471382904052734375e+02 2.831525268554687500e+02 4.009554748535156250e+02
1.129573745727539062e+02 5.222272949218750000e+02 7.404486846923828125e+01 1.523850860595703125e+02 1.751617736816406250e+02 3.958706787109375000e+03 1.613075714111328125e+02 1.255568237304687500e+02 1.894975952148437500e+03 3.196119384765625000e+02 3.002312011718750000e+02 3.516488342285156250e+02 5.871201171875000000e+02 1.521382446289062500e+02 2.560724182128906250e+02 4.340650634765625000e+02
9.334280395507812500e+01 5.227379150390625000e+02 6.513686370849609375e+01 1.447235107421875000e+02 1.695401153564453125e+02 3.653582031250000000e+03 1.510887451171875000e+02 1.167420120239257812e+02 1.870956542968750000e+03 3.150451965332031250e+02 2.730916137695312500e+02 3.378435668945312500e+02 5.650031127929687500e+02 1.277540435791015625e+02 2.773160400390625000e+02 4.222496337890625000e+02
8.387660217285156250e+01 4.756831054687500000e+02 5.176596069335937500e+01 1.467052917480468750e+02 1.560505981445312500e+02 3.558781982421875000e+03 1.391007537841796875e+02 1.238124313354492188e+02 1.668388671875000000e+03 3.214318237304687500e+02 2.594772949218750000e+02 3.022398681640625000e+02 5.538518066406250000e+02 1.276508636474609375e+02 2.673683166503906250e+02 4.002099304199218750e+02
7.636387634277343750e+01 4.607976684570312500e+02 4.814545440673828125e+01 1.382935791015625000e+02 1.479579772949218750e+02 4.003056396484375000e+03 1.381763000488281250e+02 1.096368179321289062e+02 1.716755126953125000e+03 3.286316833496093750e+02 2.525610198974609375e+02 2.893512268066406250e+02 5.619204711914062500e+02 1.346467895507812500e+02 2.385430297851562500e+02 3.979664001464843750e+02
7.169925689697265625e+01 5.117050781250000000e+02 6.238206481933593750e+01 1.638286743164062500e+02 1.798560333251953125e+02 4.049160644531250000e+03 1.384772644042968750e+02 1.274836883544921875e+02 1.599765502929687500e+03 3.517152709960937500e+02 2.721363525390625000e+02 3.549833374023437500e+02 5.873994750976562500e+02 1.235155639648437500e+02 2.529394836425781250e+02 4.077415771484375000e+02
8.329289245605468750e+01 4.996968994140625000e+02 6.694066619873046875e+01 1.475425415039062500e+02 1.924737548828125000e+02 3.770045898437500000e+03 1.401011505126953125e+02 1.242587127685546875e+02 1.495064331054687500e+03 4.166617126464843750e+02 2.847442016601562500e+02 3.733126220703125000e+02 5.615211791992187500e+02 1.185686111450195312e+02 2.542355041503906250e+02 4.159594116210937500e+02
7.611123657226562500e+01 5.243189086914062500e+02 6.045336151123046875e+01 1.282326049804687500e+02 1.826823120117187500e+02 3.695221191406250000e+03 1.283758544921875000e+02 1.146425781250000000e+02 1.442118286132812500e+03 3.837935180664062500e+02 2.831566162109375000e+02 3.573992919921875000e+02 5.436647949218750000e+02 1.051903533935546875e+02 2.569650878906250000e+02 4.188938293457031250e+02
8.878933715820312500e+01 5.232170410156250000e+02 6.356167984008789062e+01 1.276816635131835938e+02 1.929126586914062500e+02 3.858684326171875000e+03 1.313437194824218750e+02 1.167555236816406250e+02 1.436216186523437500e+03 3.774510498046875000e+02 3.045633850097656250e+02 3.744856567382812500e+02 5.679710693359375000e+02 9.375340270996093750e+01 2.649675292968750000e+02 4.253468017578125000e+02
8.905242156982421875e+01 5.256013793945312500e+02 6.061642074584960938e+01 1.458613281250000000e+02 1.938792266845703125e+02 3.557000000000000000e+03 1.334216918945312500e+02 1.166293792724609375e+02 1.434331298828125000e+03 3.483569335937500000e+02 2.900751953125000000e+02 3.558912963867187500e+02 5.722662963867187500e+02 9.382066345214843750e+01 2.492767791748046875e+02 4.297069091796875000e+02
9.722949218750000000e+01 5.165505371093750000e+02 6.366133117675781250e+01 1.338957061767578125e+02 1.970541687011718750e+02 4.040556640625000000e+03 1.432528228759765625e+02 1.225872497558593750e+02 1.365300292968750000e+03 3.452155761718750000e+02 2.821926574707031250e+02 3.605814819335937500e+02 5.771551513671875000e+02 1.022860183715820312e+02 2.288125915527343750e+02 4.460184631347656250e+02
8.666809082031250000e+01 4.947864990234375000e+02 5.539300537109375000e+01 1.294264831542968750e+02 1.910442657470703125e+02 3.501386230468750000e+03 1.579114074707031250e+02 1.122811660766601562e+02 1.286929443359375000e+03 3.629625244140625000e+02 2.640112915039062500e+02 3.624175109863281250e+02 5.451367187500000000e+02 1.101154403686523438e+02 2.181695556640625000e+02 3.985372314453125000e+02
1.032974090576171875e+02 4.383204345703125000e+02 5.033282852172851562e+01 1.205678253173828125e+02 1.831829528808593750e+02 3.389308105468750000e+03 1.337024536132812500e+02 1.078967132568359375e+02 1.251421020507812500e+03 3.186417236328125000e+02 2.424927673339843750e+02 3.152734985351562500e+02 5.716040649414062500e+02 1.023110733032226562e+02 1.983698272705078125e+02 3.823546142578125000e+02
9.464718627929687500e+01 4.676589660644531250e+02 4.691262054443359375e+01 1.261227798461914062e+02 1.804414062500000000e+02 3.588350830078125000e+03 1.333418884277343750e+02 1.076175765991210938e+02 1.367703735351562500e+03 3.388104553222656250e+02 2.495798187255859375e+02 3.260839233398437500e+02 5.865685424804687500e+02 9.690682983398437500e+01 2.036378326416015625e+02 4.155383911132812500e+02
1.068293533325195312e+02 4.398703613281250000e+02 4.689611816406250000e+01 1.259206237792968750e+02 1.731155700683593750e+02 3.757282714843750000e+03 1.378884582519531250e+02 1.088287582397460938e+02 1.264201049804687500e+03 3.053908996582031250e+02 2.525583953857421875e+02 3.136686401367187500e+02 5.765462036132812500e+02 1.117415313720703125e+02 1.895411376953125000e+02 4.008701477050781250e+02
1.119615325927734375e+02 4.605972290039062500e+02 5.390226745605468750e+01 1.285989074707031250e+02 1.826258087158203125e+02 3.689861083984375000e+03 1.416936340332031250e+02 1.138083801269531250e+02 1.210569335937500000e+03 3.220523376464843750e+02 2.675126953125000000e+02 3.062915649414062500e+02 5.627900390625000000e+02 1.127764282226562500e+02 1.934799346923828125e+02 4.200269470214843750e+02
9.274466705322265625e+01 4.753752136230468750e+02 5.519905853271484375e+01 1.429395751953125000e+02 1.861039733886718750e+02 3.855562988281250000e+03 1.368122863769531250e+02 1.156582565307617188e+02 1.341702636718750000e+03 3.434357299804687500e+02 2.933968200683593750e+02 3.263218994140625000e+02 5.455768432617187500e+02 1.136144409179687500e+02 2.017905120849609375e+02 4.255648803710937500e+02
1.117688980102539062e+02 4.806233215332031250e+02 6.055966949462890625e+01 1.368815612792968750e+02 1.900076293945312500e+02 3.909354492187500000e+03 1.320531005859375000e+02 1.290983886718750000e+02 1.265756347656250000e+03 3.703576049804687500e+02 2.840362854003906250e+02 3.422261352539062500e+02 5.496147460937500000e+02 1.140615921020507812e+02 1.969756469726562500e+02 4.209619445800781250e+02
1.123965072631835938e+02 4.615334472656250000e+02 6.808201599121093750e+01 1.336693267822265625e+02 1.887711181640625000e+02 3.866648437500000000e+03 1.392986755371093750e+02 1.232817993164062500e+02 1.210077026367187500e+03 3.714924316406250000e+02 2.874360351562500000e+02 3.298908996582031250e+02 5.145148925781250000e+02 1.009701690673828125e+02 1.879498748779296875e+02 4.184138793945312500e+02
