1.001687164306640625e+02 4.562727050781250000e+02 6.662250518798828125e+01 1.021973266601562500e+02 1.500589447021484375e+02 3.245915283203125000e+03 1.580267639160156250e+02 1.631806640625000000e+02 1.554467041015625000e+03 3.228838500976562500e+02 2.643656616210937500e+02 3.904878234863281250e+02 5.367531738281250000e+02 1.201848449707031250e+02 2.582731323242187500e+02 3.355806884765625000e+02
9.211352539062500000e+01 4.603460693359375000e+02 6.461451721191406250e+01 1.015887908935546875e+02 1.546385498046875000e+02 3.217108886718750000e+03 1.563444824218750000e+02 1.613601684570312500e+02 1.517908325195312500e+03 3.081895141601562500e+02 2.714885864257812500e+02 4.008501586914062500e+02 5.337041015625000000e+02 1.082544708251953125e+02 2.654467163085937500e+02 3.427274169921875000e+02
8.436019897460937500e+01 4.640977783203125000e+02 6.111724090576171875e+01 1.010246734619140625e+02 1.595170593261718750e+02 3.210331298828125000e+03 1.572114868164062500e+02 1.612399139404296875e+02 1.583852661132812500e+03 3.059819335937500000e+02 2.683788146972656250e+02 3.971165161132812500e+02 5.166451416015625000e+02 9.651577758789062500e+01 2.646820678710937500e+02 3.430010375976562500e+02
9.641137695312500000e+01 4.697564392089843750e+02 5.631634521484375000e+01 9.817214965820312500e+01 1.643724670410156250e+02 3.214044677734375000e+03 1.528286743164062500e+02 1.542001342773437500e+02 1.564821533203125000e+03 3.112358703613281250e+02 2.600950622558593750e+02 3.942602844238281250e+02 5.461528320312500000e+02 1.066305770874023438e+02 2.634992065429687500e+02 3.331263732910156250e+02
9.401539611816406250e+01 4.885108642578125000e+02 5.682534408569335938e+01 9.603759765625000000e+01 1.703058166503906250e+02 3.374728271484375000e+03 1.544393005371093750e+02 1.573422088623046875e+02 1.528815429687500000e+03 3.364185791015625000e+02 2.782385864257812500e+02 4.019748535156250000e+02 5.331887817382812500e+02 1.098573913574218750e+02 2.659452209472656250e+02 3.363196411132812500e+02
8.266380310058593750e+01 4.908283081054687500e+02 5.611243820190429688e+01 9.891287231445312500e+01 1.725040283203125000e+02 3.368552246093750000e+03 1.507354278564453125e+02 1.662758789062500000e+02 1.522201049804687500e+03 3.459167785644531250e+02 2.883440551757812500e+02 3.999877319335937500e+02 5.328225097656250000e+02 1.111229248046875000e+02 2.564934692382812500e+02 3.478423156738281250e+02
8.041905212402343750e+01 5.178947753906250000e+02 5.483757781982421875e+01 1.011320037841796875e+02 1.762947692871093750e+02 3.493000732421875000e+03 1.659264678955078125e+02 1.697033081054687500e+02 1.513033203125000000e+03 3.665377197265625000e+02 3.069508056640625000e+02 4.033069152832031250e+02 5.522280273437500000e+02 1.117660675048828125e+02 2.603091735839843750e+02 3.501375732421875000e+02
8.397408294677734375e+01 5.284675292968750000e+02 5.822083282470703125e+01 1.089235687255859375e+02 1.867353820800781250e+02 3.519101562500000000e+03 1.616147766113281250e+02 1.746361694335937500e+02 1.520464843750000000e+03 3.660518188476562500e+02 3.242882080078125000e+02 4.086636962890625000e+02 5.751210937500000000e+02 1.127377777099609375e+02 2.412993011474609375e+02 3.505880126953125000e+02
8.219960021972656250e+01 5.264456176757812500e+02 5.583863449096679688e+01 1.095033721923828125e+02 1.843211669921875000e+02 3.525294433593750000e+03 1.663454895019531250e+02 1.663432312011718750e+02 1.514332153320312500e+03 3.592524414062500000e+02 3.264608154296875000e+02 4.033004455566406250e+02 5.716011352539062500e+02 1.130727005004882812e+02 2.388871459960937500e+02 3.547580261230468750e+02
8.804258728027343750e+01 5.224648437500000000e+02 5.454248428344726562e+01 1.139070129394531250e+02 1.849756317138671875e+02 3.625281250000000000e+03 1.624324493408203125e+02 1.714928436279296875e+02 1.486924560546875000e+03 3.544170532226562500e+02 3.318693542480468750e+02 4.094867553710937500e+02 5.527467651367187500e+02 1.131936721801757812e+02 2.350304412841796875e+02 3.497405395507812500e+02
8.510774230957031250e+01 5.267874145507812500e+02 5.693457031250000000e+01 1.138388671875000000e+02 1.879549102783203125e+02 3.563427978515625000e+03 1.606682586669921875e+02 1.701417541503906250e+02 1.456916625976562500e+03 3.587687377929687500e+02 3.333289184570312500e+02 4.069613647460937500e+02 5.611929931640625000e+02 1.101084365844726562e+02 2.357433166503906250e+02 3.542811279296875000e+02
8.138162231445312500e+01 5.237645874023437500e+02 5.365186309814453125e+01 1.126946411132812500e+02 1.848376007080078125e+02 3.499530273437500000e+03 1.584772644042968750e+02 1.662412109375000000e+02 1.435148193359375000e+03 3.657466735839843750e+02 3.357795410156250000e+02 4.003425903320312500e+02 5.521370849609375000e+02 1.123432846069335938e+02 2.286858520507812500e+02 3.531962280273437500e+02
8.176329040527343750e+01 5.175468139648437500e+02 5.152182006835937500e+01 1.085478820800781250e+02 1.862124023437500000e+02 3.413199707031250000e+03 1.532379150390625000e+02 1.625415344238281250e+02 1.427785888671875000e+03 3.671437072753906250e+02 3.315067443847656250e+02 3.945549316406250000e+02 5.421560058593750000e+02 1.133399200439453125e+02 2.392449188232421875e+02 3.622044982910156250e+02
8.893782043457031250e+01 5.126669311523437500e+02 5.213171386718750000e+01 1.044823760986328125e+02 1.803790435791015625e+02 3.306619628906250000e+03 1.506962280273437500e+02 1.632864532470703125e+02 1.386766723632812500e+03 3.508087158203125000e+02 3.253795776367187500e+02 3.879984130859375000e+02 5.361050415039062500e+02 1.144576721191406250e+02 2.284397125244140625e+02 3.644183044433593750e+02
8.328500366210937500e+01 4.942058715820312500e+02 5.068346023559570312e+01 9.959970092773437500e+01 1.770710906982421875e+02 3.201263183593750000e+03 1.509131927490234375e+02 1.590533752441406250e+02 1.362199462890625000e+03 3.588281860351562500e+02 3.140140380859375000e+02 3.745014343261718750e+02 5.222940673828125000e+02 1.131224212646484375e+02 2.264830932617187500e+02 3.645817871093750000e+02
8.011048889160156250e+01 4.807971191406250000e+02 4.726115417480468750e+01 9.362646484375000000e+01 1.674378051757812500e+02 3.133617919921875000e+03 1.427889099121093750e+02 1.473918762207031250e+02 1.305758056640625000e+03 3.642181701660156250e+02 3.032038879394531250e+02 3.567828369140625000e+02 5.117723083496093750e+02 1.127372283935546875e+02 2.223679809570312500e+02 3.594580688476562500e+02
8.286908721923828125e+01 4.787647094726562500e+02 4.835653686523437500e+01 9.469699096679687500e+01 1.634106750488281250e+02 3.078386230468750000e+03 1.454185485839843750e+02 1.533339080810546875e+02 1.324940551757812500e+03 3.696926879882812500e+02 3.043255920410156250e+02 3.583331298828125000e+02 4.994722290039062500e+02 1.137639160156250000e+02 2.178444824218750000e+02 3.636724243164062500e+02
7.672410583496093750e+01 4.654876098632812500e+02 4.796307373046875000e+01 9.042524719238281250e+01 1.522825012207031250e+02 2.948689941406250000e+03 1.424430389404296875e+02 1.465994873046875000e+02 1.328557495117187500e+03 3.673049011230468750e+02 2.900900268554687500e+02 3.435801391601562500e+02 4.788263854980468750e+02 1.106645278930664062e+02 2.145945129394531250e+02 3.680393066406250000e+02
7.393260192871093750e+01 4.476604614257812500e+02 4.539857482910156250e+01 8.123854064941406250e+01 1.452541046142578125e+02 2.840650390625000000e+03 1.345173187255859375e+02 1.417394409179687500e+02 1.283256225585937500e+03 3.530846252441406250e+02 2.802954406738281250e+02 3.262709350585937500e+02 4.689848022460937500e+02 1.116944808959960938e+02 2.182457580566406250e+02 3.709403076171875000e+02
6.643789672851562500e+01 4.023049316406250000e+02 3.598153686523437500e+01 6.849794006347656250e+01 1.290846710205078125e+02 2.666633056640625000e+03 1.212816696166992188e+02 1.324350891113281250e+02 1.220221313476562500e+03 3.384116821289062500e+02 2.602444458007812500e+02 3.002835998535156250e+02 4.193703918457031250e+02 1.078694763183593750e+02 2.100495910644531250e+02 3.602689819335937500e+02
5.743643951416015625e+01 3.254265136718750000e+02 1.475378417968750000e+01 3.339712524414062500e+01 9.901527404785156250e+01 2.402468750000000000e+03 1.048967514038085938e+02 1.028982086181640625e+02 1.050055053710937500e+03 2.888603515625000000e+02 1.991684570312500000e+02 2.477127075195312500e+02 3.177976684570312500e+02 9.254214477539062500e+01 1.786971740722656250e+02 3.201638183593750000e+02
3.780792999267578125e+01 2.517357177734375000e+02 -4.608901977539062500e+00 -6.137725830078125000e+00 7.072979736328125000e+01 2.089937744140625000e+03 8.284896087646484375e+01 7.392614746093750000e+01 9.505399780273437500e+02 2.165896606445312500e+02 1.413604736328125000e+02 2.113621368408203125e+02 2.196201629638671875e+02 7.125380706787109375e+01 1.421828918457031250e+02 2.601728820800781250e+02
1.060059738159179688e+02 5.313138427734375000e+02 6.748342132568359375e+01 1.697920227050781250e+02 1.356338653564453125e+02 3.619406005859375000e+03 1.622394104003906250e+02 1.766252136230468750e+02 1.399623779296875000e+03 3.281959228515625000e+02 3.451127929687500000e+02 3.279096679687500000e+02 5.573851318359375000e+02 1.259996032714843750e+02 2.272333068847656250e+02 4.248403320312500000e+02
1.017124786376953125e+02 4.974768676757812500e+02 6.742835998535156250e+01 1.611072387695312500e+02 1.505410919189453125e+02 3.449366699218750000e+03 1.547581176757812500e+02 1.670226135253906250e+02 1.422121337890625000e+03 3.888783264160156250e+02 3.234875793457031250e+02 3.287738952636718750e+02 6.054091796875000000e+02 1.199327774047851562e+02 2.362196807861328125e+02 4.093966064453125000e+02
9.724728393554687500e+01 4.827040405273437500e+02 6.366526412963867188e+01 1.553216552734375000e+02 1.537739715576171875e+02 3.553913818359375000e+03 1.460522155761718750e+02 1.636592254638671875e+02 1.404477539062500000e+03 4.000551757812500000e+02 3.103609313964843750e+02 3.427891845703125000e+02 6.111702270507812500e+02 1.171640014648437500e+02 2.376331634521484375e+02 4.026963195800781250e+02
9.011463928222656250e+01 4.447735290527343750e+02 5.414867019653320312e+01 1.403595123291015625e+02 1.438461151123046875e+02 3.447774414062500000e+03 1.438733367919921875e+02 1.476136169433593750e+02 1.318704833984375000e+03 3.889695434570312500e+02 2.855919799804687500e+02 3.278450927734375000e+02 5.848491821289062500e+02 1.100523071289062500e+02 2.217100219726562500e+02 3.774207153320312500e+02
7.865607452392578125e+01 4.308931884765625000e+02 4.848653411865234375e+01 1.310296325683593750e+02 1.393324279785156250e+02 3.531342285156250000e+03 1.401867980957031250e+02 1.388356018066406250e+02 1.299236572265625000e+03 3.587585449218750000e+02 2.653817138671875000e+02 3.151864929199218750e+02 5.498349609375000000e+02 1.033921356201171875e+02 2.101200866699218750e+02 3.662013244628906250e+02
7.959297943115234375e+01 4.450413208007812500e+02 4.603311920166015625e+01 1.323699340820312500e+02 1.395475463867187500e+02 3.647227294921875000e+03 1.351344299316406250e+02 1.336246337890625000e+02 1.322224365234375000e+03 3.731637268066406250e+02 2.738426208496093750e+02 3.291331787109375000e+02 5.410080566406250000e+02 1.004080963134765625e+02 2.106867828369140625e+02 3.705724487304687500e+02
7.474438476562500000e+01 4.544971923828125000e+02 4.837663650512695312e+01 1.326387939453125000e+02 1.379630737304687500e+02 3.684626953125000000e+03 1.345399627685546875e+02 1.398240661621093750e+02 1.377968017578125000e+03 3.908230590820312500e+02 2.715332031250000000e+02 3.343969116210937500e+02 5.423692016601562500e+02 1.041206436157226562e+02 2.062676696777343750e+02 3.774780578613281250e+02
7.853826904296875000e+01 4.589011230468750000e+02 4.702843093872070312e+01 1.280876312255859375e+02 1.365343933105468750e+02 3.707479248046875000e+03 1.377424316406250000e+02 1.370487670898437500e+02 1.398620239257812500e+03 3.725713500976562500e+02 2.696044006347656250e+02 3.273338012695312500e+02 5.301737060546875000e+02 1.066404266357421875e+02 1.957271270751953125e+02 3.805415649414062500e+02
7.580072021484375000e+01 4.712368469238281250e+02 4.812686157226562500e+01 1.331998901367187500e+02 1.452840881347656250e+02 3.639844482421875000e+03 1.350158386230468750e+02 1.474941101074218750e+02 1.418963867187500000e+03 3.751487731933593750e+02 2.737026977539062500e+02 3.438150634765625000e+02 5.377602539062500000e+02 1.016688461303710938e+02 1.805080108642578125e+02 3.767161865234375000e+02
7.166978454589843750e+01 4.469405517578125000e+02 4.831501007080078125e+01 1.259598617553710938e+02 1.450626831054687500e+02 3.486317626953125000e+03 1.234141159057617188e+02 1.407553405761718750e+02 1.354246337890625000e+03 3.658022460937500000e+02 2.593549194335937500e+02 3.439857788085937500e+02 5.459672851562500000e+02 1.002229614257812500e+02 1.843230285644531250e+02 3.671500854492187500e+02
6.626210021972656250e+01 4.281797485351562500e+02 4.455507659912109375e+01 1.209668884277343750e+02 1.376348114013671875e+02 3.516798339843750000e+03 1.132865905761718750e+02 1.276351013183593750e+02 1.357165039062500000e+03 3.661997680664062500e+02 2.427958526611328125e+02 3.442830200195312500e+02 5.481485595703125000e+02 9.834617614746093750e+01 1.829120941162109375e+02 3.548480834960937500e+02
6.967163085937500000e+01 4.040850219726562500e+02 3.958045196533203125e+01 1.058066101074218750e+02 1.282431945800781250e+02 3.458185546875000000e+03 1.121499557495117188e+02 1.203029174804687500e+02 1.264085449218750000e+03 3.285848083496093750e+02 2.243629913330078125e+02 3.406325988769531250e+02 5.364929809570312500e+02 9.193569183349609375e+01 1.834584655761718750e+02 3.455682678222656250e+02
6.464740753173828125e+01 4.100709838867187500e+02 3.848975753784179688e+01 9.765248107910156250e+01 1.315865173339843750e+02 3.516968261718750000e+03 1.197825927734375000e+02 1.205307617187500000e+02 1.301960815429687500e+03 3.076419677734375000e+02 2.234664764404296875e+02 3.290652770996093750e+02 5.280439453125000000e+02 8.749581909179687500e+01 1.913899230957031250e+02 3.334594116210937500e+02
7.832980346679687500e+01 4.574760131835937500e+02 5.367490768432617188e+01 1.192874145507812500e+02 1.421818389892578125e+02 3.376583984375000000e+03 1.347095947265625000e+02 1.360999298095703125e+02 1.297125366210937500e+03 3.265529479980468750e+02 2.483559570312500000e+02 3.568239135742187500e+02 5.535548095703125000e+02 9.057801055908203125e+01 2.119336242675781250e+02 3.735099487304687500e+02
8.925680541992187500e+01 4.634904785156250000e+02 5.593789672851562500e+01 1.162269744873046875e+02 1.400031738281250000e+02 3.336361572265625000e+03 1.366029357910156250e+02 1.387422790527343750e+02 1.336735473632812500e+03 3.374604492187500000e+02 2.435596008300781250e+02 3.532401123046875000e+02 5.638360595703125000e+02 9.206018066406250000e+01 2.122373199462890625e+02 3.800435180664062500e+02
9.041954803466796875e+01 4.594715576171875000e+02 5.415346527099609375e+01 1.102561492919921875e+02 1.385346527099609375e+02 3.330605957031250000e+03 1.344517211914062500e+02 1.364988861083984375e+02 1.397778198242187500e+03 3.501908569335937500e+02 2.456011962890625000e+02 3.504408569335937500e+02 5.863318481445312500e+02 8.991368865966796875e+01 2.064613647460937500e+02 3.738034362792968750e+02
7.786236572265625000e+01 4.596898803710937500e+02 5.759906768798828125e+01 1.072299957275390625e+02 1.403347473144531250e+02 3.290252197265625000e+03 1.337124328613281250e+02 1.319644927978515625e+02 1.474461303710937500e+03 3.488029479980468750e+02 2.435953674316406250e+02 3.383651733398437500e+02 5.919172363281250000e+02 9.899703979492187500e+01 2.084103393554687500e+02 3.608350219726562500e+02
8.444630432128906250e+01 4.630079040527343750e+02 6.640853881835937500e+01 1.089105224609375000e+02 1.388312072753906250e+02 3.468192871093750000e+03 1.329053344726562500e+02 1.356495971679687500e+02 1.476512084960937500e+03 3.250837402343750000e+02 2.381199035644531250e+02 3.451815795898437500e+02 5.986156616210937500e+02 1.119465789794921875e+02 2.281431884765625000e+02 3.570537109375000000e+02
9.228605651855468750e+01 4.894560546875000000e+02 7.017813873291015625e+01 1.185728302001953125e+02 1.400660858154296875e+02 3.629995605468750000e+03 1.322306671142578125e+02 1.443408508300781250e+02 1.463066284179687500e+03 3.058962097167968750e+02 2.555448913574218750e+02 3.529714660644531250e+02 5.885103759765625000e+02 1.201643600463867188e+02 2.513505706787109375e+02 3.689304504394531250e+02
8.871635437011718750e+01 4.804715270996093750e+02 6.890235900878906250e+01 1.161082458496093750e+02 1.421817626953125000e+02 3.720590332031250000e+03 1.391563415527343750e+02 1.359331665039062500e+02 1.496407958984375000e+03 3.028368530273437500e+02 2.582570495605468750e+02 3.413178100585937500e+02 5.734837036132812500e+02 1.202181091308593750e+02 2.654997863769531250e+02 3.735395507812500000e+02
9.646319580078125000e+01 4.915269470214843750e+02 6.847516632080078125e+01 1.233589324951171875e+02 1.438591003417968750e+02 3.908259765625000000e+03 1.447762908935546875e+02 1.357845764160156250e+02 1.497702392578125000e+03 3.227588500976562500e+02 2.662173461914062500e+02 3.464663085937500000e+02 5.667966308593750000e+02 1.293888702392578125e+02 2.696763610839843750e+02 3.852334289550781250e+02
9.880886840820312500e+01 5.018669738769531250e+02 6.696279907226562500e+01 1.385512847900390625e+02 1.425086975097656250e+02 3.764064697265625000e+03 1.469988403320312500e+02 1.355359191894531250e+02 1.684661987304687500e+03 3.164436950683593750e+02 2.806672668457031250e+02 3.433782653808593750e+02 5.696014404296875000e+02 1.288991699218750000e+02 2.734267883300781250e+02 3.977156982421875000e+02
9.687316131591796875e+01 4.895375061035156250e+02 6.558149719238281250e+01 1.360877075195312500e+02 1.391170501708984375e+02 3.744168212890625000e+03 1.428319854736328125e+02 1.295472106933593750e+02 1.713460937500000000e+03 3.068809204101562500e+02 2.730089416503906250e+02 3.296203002929687500e+02 5.660944824218750000e+02 1.225561981201171875e+02 2.642666015625000000e+02 4.016221923828125000e+02
1.034819564819335938e+02 4.922893371582031250e+02 6.863768768310546875e+01 1.373188476562500000e+02 1.422097625732421875e+02 3.664957031250000000e+03 1.472737274169921875e+02 1.327376251220703125e+02 1.701274414062500000e+03 2.970276184082031250e+02 2.748497924804687500e+02 3.331101379394531250e+02 5.587692260742187500e+02 1.354629516601562500e+02 2.713728637695312500e+02 3.951701660156250000e+02
1.060154113769531250e+02 5.066286926269531250e+02 6.848837280273437500e+01 1.430029602050781250e+02 1.606559448242187500e+02 3.827847167968750000e+03 1.550457458496093750e+02 1.278486862182617188e+02 1.752519897460937500e+03 3.069378051757812500e+02 2.873000488281250000e+02 3.366854553222656250e+02 5.573654785156250000e+02 1.411286773681640625e+02 2.579498596191406250e+02 4.116138305664062500e+02
9.548754119873046875e+01 5.063411254882812500e+02 6.249354553222656250e+01 1.380587768554687500e+02 1.596060485839843750e+02 3.685939453125000000e+03 1.496633605957031250e+02 1.197472534179687500e+02 1.753942749023437500e+03 3.110135192871093750e+02 2.719417724609375000e+02 3.287685852050781250e+02 5.433884277343750000e+02 1.288060913085937500e+02 2.656904907226562500e+02 4.076581420898437500e+02
8.705221557617187500e+01 4.783143005371093750e+02 5.298260498046875000e+01 1.383582458496093750e+02 1.510393829345703125e+02 3.727978515625000000e+03 1.408408813476562500e+02 1.213089294433593750e+02 1.660665893554687500e+03 3.135942687988281250e+02 2.604813842773437500e+02 3.062615051269531250e+02 5.328653564453125000e+02 1.267284088134765625e+02 2.600893249511718750e+02 3.937663574218750000e+02
7.945088195800781250e+01 4.632739257812500000e+02 4.828569412231445312e+01 1.334768829345703125e+02 1.446128540039062500e+02 3.772199951171875000e+03 1.381500244140625000e+02 1.120771789550781250e+02 1.665830200195312500e+03 3.162875976562500000e+02 2.535456237792968750e+02 2.938696594238281250e+02 5.352188720703125000e+02 1.298800201416015625e+02 2.427264556884765625e+02 3.894397583007812500e+02
7.434951782226562500e+01 4.878179321289062500e+02 5.458245849609375000e+01 1.471436157226562500e+02 1.661786804199218750e+02 3.736717041015625000e+03 1.375183410644531250e+02 1.205163803100585938e+02 1.598644287109375000e+03 3.266695251464843750e+02 2.622167053222656250e+02 3.288966979980468750e+02 5.477430419921875000e+02 1.241616134643554688e+02 2.473756561279296875e+02 3.934809570312500000e+02
8.009146881103515625e+01 4.851264038085937500e+02 5.778418731689453125e+01 1.407678070068359375e+02 1.806750640869140625e+02 3.679658935546875000e+03 1.378367309570312500e+02 1.202833786010742188e+02 1.516409423828125000e+03 3.672701110839843750e+02 2.709234619140625000e+02 3.478614807128906250e+02 5.370463256835937500e+02 1.193815155029296875e+02 2.485594177246093750e+02 3.992467346191406250e+02
7.653925323486328125e+01 5.008380432128906250e+02 5.490225982666015625e+01 1.291066589355468750e+02 1.775393676757812500e+02 3.608780273437500000e+03 1.309426574707031250e+02 1.145961532592773438e+02 1.466692260742187500e+03 3.608601074218750000e+02 2.736916198730468750e+02 3.443190307617187500e+02 5.279366455078125000e+02 1.093950424194335938e+02 2.497925567626953125e+02 4.034961242675781250e+02
8.333697509765625000e+01 5.050612182617187500e+02 5.688064575195312500e+01 1.269039688110351562e+02 1.873670349121093750e+02 3.584927246093750000e+03 1.314975891113281250e+02 1.146797714233398438e+02 1.453041748046875000e+03 3.628945922851562500e+02 2.880944824218750000e+02 3.572233886718750000e+02 5.438380126953125000e+02 9.997106933593750000e+01 2.540532531738281250e+02 4.095678100585937500e+02
8.571086120605468750e+01 5.121857910156250000e+02 5.649695205688476562e+01 1.386678466796875000e+02 1.922579956054687500e+02 3.548078125000000000e+03 1.326926727294921875e+02 1.156752243041992188e+02 1.436390136718750000e+03 3.495634765625000000e+02 2.855726318359375000e+02 3.515548095703125000e+02 5.543651733398437500e+02 9.763375854492187500e+01 2.465976562500000000e+02 4.155422058105468750e+02
9.184425354003906250e+01 5.122017822265625000e+02 5.919221496582031250e+01 1.355219116210937500e+02 1.984845123291015625e+02 3.663922851562500000e+03 1.393734436035156250e+02 1.202819442749023438e+02 1.398557128906250000e+03 3.445697021484375000e+02 2.831187133789062500e+02 3.553197021484375000e+02 5.625689697265625000e+02 1.015413665771484375e+02 2.343783874511718750e+02 4.283892822265625000e+02
8.786323547363281250e+01 5.026548461914062500e+02 5.612703323364257812e+01 1.335887756347656250e+02 1.973752899169921875e+02 3.508799804687500000e+03 1.505796508789062500e+02 1.154895172119140625e+02 1.335549560546875000e+03 3.594621582031250000e+02 2.728702392578125000e+02 3.587899475097656250e+02 5.502989501953125000e+02 1.074862747192382812e+02 2.253145751953125000e+02 4.064230651855468750e+02
9.787872314453125000e+01 4.676793823242187500e+02 5.329216003417968750e+01 1.289541625976562500e+02 1.936919708251953125e+02 3.404112304687500000e+03 1.395370330810546875e+02 1.124005508422851562e+02 1.282925292968750000e+03 3.347763977050781250e+02 2.584194335937500000e+02 3.358763122558593750e+02 5.676341552734375000e+02 1.046640243530273438e+02 2.110580902099609375e+02 3.942999877929687500e+02
9.529269409179687500e+01 4.786373291015625000e+02 5.069210052490234375e+01 1.321004180908203125e+02 1.924490814208984375e+02 3.523309570312500000e+03 1.375662994384765625e+02 1.113645019531250000e+02 1.338006347656250000e+03 3.449113769531250000e+02 2.595603637695312500e+02 3.375277099609375000e+02 5.819449462890625000e+02 1.004968414306640625e+02 2.099865264892578125e+02 4.114217224121093750e+02
1.023253326416015625e+02 4.622148437500000000e+02 4.993936157226562500e+01 1.327713928222656250e+02 1.877505798339843750e+02 3.672959960937500000e+03 1.395748901367187500e+02 1.121879577636718750e+02 1.299585937500000000e+03 3.245300292968750000e+02 2.608802490234375000e+02 3.297928466796875000e+02 5.810234375000000000e+02 1.084225616455078125e+02 2.006502532958984375e+02 4.057149658203125000e+02
1.075770416259765625e+02 4.706415710449218750e+02 5.365530395507812500e+01 1.348646087646484375e+02 1.936366119384765625e+02 3.809929199218750000e+03 1.425838775634765625e+02 1.157210769653320312e+02 1.251902343750000000e+03 3.314804077148437500e+02 2.706306762695312500e+02 3.241109619140625000e+02 5.760186767578125000e+02 1.113317565917968750e+02 1.994184112548828125e+02 4.159962768554687500e+02
9.852453613281250000e+01 4.811793823242187500e+02 5.552398300170898438e+01 1.435260620117187500e+02 1.972197265625000000e+02 3.900630371093750000e+03 1.405981292724609375e+02 1.174849243164062500e+02 1.314745605468750000e+03 3.450458068847656250e+02 2.882292480468750000e+02 3.350365295410156250e+02 5.667098999023437500e+02 1.128662719726562500e+02 2.033007354736328125e+02 4.222302551269531250e+02
1.077646026611328125e+02 4.869889221191406250e+02 5.921255111694335938e+01 1.422783050537109375e+02 2.006347045898437500e+02 4.028622558593750000e+03 1.374295043945312500e+02 1.264440765380859375e+02 1.277863281250000000e+03 3.621945190429687500e+02 2.878247985839843750e+02 3.472585449218750000e+02 5.655743408203125000e+02 1.134672851562500000e+02 2.019417724609375000e+02 4.220465698242187500e+02
