1.190052947998046875e+02 5.562861328125000000e+02 8.175323486328125000e+01 1.668084716796875000e+02 1.444882507324218750e+02 3.939340087890625000e+03 1.871595916748046875e+02 1.958814697265625000e+02 1.656687500000000000e+03 3.911213073730468750e+02 3.365321044921875000e+02 3.796256713867187500e+02 5.396913452148437500e+02 1.382812957763671875e+02 2.698230285644531250e+02 3.904703063964843750e+02
1.167098770141601562e+02 5.637958374023437500e+02 8.191378784179687500e+01 1.704412841796875000e+02 1.478843994140625000e+02 4.012904541015625000e+03 1.872359313964843750e+02 1.971607055664062500e+02 1.647499755859375000e+03 3.833248901367187500e+02 3.451661682128906250e+02 3.879888610839843750e+02 5.412474365234375000e+02 1.314265136718750000e+02 2.774476928710937500e+02 3.986797180175781250e+02
1.124183197021484375e+02 5.697553710937500000e+02 8.074693298339843750e+01 1.724130096435546875e+02 1.515468902587890625e+02 3.950533691406250000e+03 1.884476928710937500e+02 1.983239593505859375e+02 1.696845703125000000e+03 3.816135253906250000e+02 3.460363464355468750e+02 3.870346069335937500e+02 5.320515747070312500e+02 1.232535018920898438e+02 2.795541687011718750e+02 4.017407836914062500e+02
1.193768844604492188e+02 5.738913574218750000e+02 7.794849395751953125e+01 1.708403015136718750e+02 1.550725097656250000e+02 3.848062744140625000e+03 1.858145599365234375e+02 1.941073913574218750e+02 1.696023437500000000e+03 3.826648254394531250e+02 3.406445922851562500e+02 3.846655578613281250e+02 5.496766357421875000e+02 1.279097290039062500e+02 2.792818603515625000e+02 3.961065673828125000e+02
1.182118988037109375e+02 5.832486572265625000e+02 7.720838165283203125e+01 1.673022155761718750e+02 1.590871582031250000e+02 3.858876464843750000e+03 1.852826995849609375e+02 1.945163726806640625e+02 1.676983154296875000e+03 3.959786071777343750e+02 3.490986633300781250e+02 3.880915527343750000e+02 5.417025146484375000e+02 1.293703002929687500e+02 2.798604736328125000e+02 3.959533691406250000e+02
1.094317321777343750e+02 5.805370483398437500e+02 7.509896850585937500e+01 1.645877990722656250e+02 1.602963562011718750e+02 3.781847900390625000e+03 1.808936004638671875e+02 1.976556549072265625e+02 1.661846801757812500e+03 3.995699462890625000e+02 3.519700012207031250e+02 3.850292053222656250e+02 5.348691406250000000e+02 1.292457885742187500e+02 2.728647155761718750e+02 3.994798278808593750e+02
1.042992858886718750e+02 5.882680664062500000e+02 7.192926025390625000e+01 1.595100402832031250e+02 1.618395996093750000e+02 3.711265136718750000e+03 1.867035064697265625e+02 1.968713836669921875e+02 1.634406127929687500e+03 4.088980712890625000e+02 3.577684326171875000e+02 3.841015625000000000e+02 5.392698364257812500e+02 1.275517654418945312e+02 2.715991516113281250e+02 3.964385070800781250e+02
1.026234741210937500e+02 5.854700927734375000e+02 7.105126190185546875e+01 1.562191925048828125e+02 1.681414947509765625e+02 3.635013671875000000e+03 1.815111083984375000e+02 1.961368713378906250e+02 1.609937744140625000e+03 4.027467956542968750e+02 3.619388122558593750e+02 3.846943359375000000e+02 5.465440673828125000e+02 1.257830352783203125e+02 2.567735595703125000e+02 3.902484741210937500e+02
9.741137695312500000e+01 5.717151489257812500e+02 6.626767730712890625e+01 1.475472564697265625e+02 1.662742004394531250e+02 3.542016601562500000e+03 1.799792938232421875e+02 1.864534606933593750e+02 1.574363037109375000e+03 3.883504028320312500e+02 3.558919982910156250e+02 3.778817749023437500e+02 5.368759765625000000e+02 1.229971237182617188e+02 2.498133239746093750e+02 3.854156494140625000e+02
9.698345947265625000e+01 5.540753173828125000e+02 6.123524856567382812e+01 1.398866882324218750e+02 1.649552001953125000e+02 3.516969726562500000e+03 1.733167419433593750e+02 1.831278076171875000e+02 1.518102416992187500e+03 3.754457397460937500e+02 3.494037170410156250e+02 3.774129638671875000e+02 5.147856445312500000e+02 1.196679382324218750e+02 2.417768096923828125e+02 3.730451660156250000e+02
9.108067321777343750e+01 5.398676757812500000e+02 5.845096588134765625e+01 1.290538635253906250e+02 1.655222778320312500e+02 3.450342041015625000e+03 1.667717437744140625e+02 1.759013366699218750e+02 1.455012329101562500e+03 3.666996765136718750e+02 3.395299682617187500e+02 3.714370117187500000e+02 5.059680175781250000e+02 1.140668792724609375e+02 2.362101287841796875e+02 3.654044189453125000e+02
8.469341278076171875e+01 5.220533447265625000e+02 5.212961959838867188e+01 1.178440551757812500e+02 1.619921417236328125e+02 3.296806640625000000e+03 1.598485260009765625e+02 1.669076843261718750e+02 1.396679809570312500e+03 3.599123840332031250e+02 3.294012145996093750e+02 3.626219787597656250e+02 4.862589111328125000e+02 1.116356048583984375e+02 2.259794158935546875e+02 3.552233276367187500e+02
8.007654571533203125e+01 5.019655151367187500e+02 4.621401596069335938e+01 1.055227966308593750e+02 1.617430419921875000e+02 3.217050292968750000e+03 1.514051513671875000e+02 1.579750366210937500e+02 1.351219360351562500e+03 3.509282836914062500e+02 3.159010620117187500e+02 3.537687072753906250e+02 4.640606079101562500e+02 1.092685012817382812e+02 2.251369628906250000e+02 3.515184631347656250e+02
8.017390441894531250e+01 4.847801818847656250e+02 4.250448226928710938e+01 9.507409667968750000e+01 1.569214782714843750e+02 3.092945556640625000e+03 1.455203857421875000e+02 1.526573333740234375e+02 1.290813232421875000e+03 3.331015930175781250e+02 3.023811645507812500e+02 3.450320434570312500e+02 4.439253540039062500e+02 1.074770050048828125e+02 2.132590332031250000e+02 3.458121948242187500e+02
7.566978454589843750e+01 4.638792724609375000e+02 3.887234878540039062e+01 8.704722595214843750e+01 1.537665100097656250e+02 3.048068359375000000e+03 1.423912353515625000e+02 1.465783691406250000e+02 1.249472412109375000e+03 3.317376708984375000e+02 2.882898864746093750e+02 3.328439025878906250e+02 4.234140625000000000e+02 1.055065231323242188e+02 2.073700561523437500e+02 3.410537414550781250e+02
7.333250427246093750e+01 4.512644653320312500e+02 3.580591964721679688e+01 8.197389221191406250e+01 1.471860046386718750e+02 2.927040527343750000e+03 1.365995941162109375e+02 1.383145751953125000e+02 1.198509277343750000e+03 3.327333374023437500e+02 2.791271362304687500e+02 3.204118347167968750e+02 4.108182983398437500e+02 1.051231536865234375e+02 2.025445861816406250e+02 3.371894836425781250e+02
7.518354797363281250e+01 4.516697998046875000e+02 3.694733428955078125e+01 8.490104675292968750e+01 1.452396545410156250e+02 3.000165527343750000e+03 1.386564331054687500e+02 1.421866149902343750e+02 1.203225708007812500e+03 3.392066650390625000e+02 2.814219970703125000e+02 3.227038269042968750e+02 4.039745788574218750e+02 1.060475006103515625e+02 2.001453704833984375e+02 3.424086914062500000e+02
7.496547698974609375e+01 4.545905761718750000e+02 3.964999389648437500e+01 9.042451477050781250e+01 1.406075439453125000e+02 3.069443847656250000e+03 1.404007415771484375e+02 1.426828765869140625e+02 1.221965942382812500e+03 3.459792480468750000e+02 2.809875488281250000e+02 3.186978759765625000e+02 4.048490600585937500e+02 1.068225784301757812e+02 2.011790771484375000e+02 3.528119812011718750e+02
7.903738403320312500e+01 4.666929931640625000e+02 4.436829757690429688e+01 9.946640014648437500e+01 1.414909362792968750e+02 3.226450927734375000e+03 1.425262145996093750e+02 1.478211364746093750e+02 1.237762084960937500e+03 3.537293090820312500e+02 2.912053833007812500e+02 3.180147705078125000e+02 4.236887207031250000e+02 1.123563385009765625e+02 2.113319396972656250e+02 3.696795043945312500e+02
8.398735046386718750e+01 4.771735839843750000e+02 4.967762374877929688e+01 1.152386779785156250e+02 1.426670379638671875e+02 3.348731689453125000e+03 1.445952606201171875e+02 1.567300720214843750e+02 1.277940551757812500e+03 3.692740478515625000e+02 3.079648742675781250e+02 3.204824523925781250e+02 4.381470642089843750e+02 1.188212432861328125e+02 2.209750366210937500e+02 3.888065795898437500e+02
9.447125244140625000e+01 4.921533203125000000e+02 5.510681533813476562e+01 1.312556152343750000e+02 1.397263031005859375e+02 3.412936035156250000e+03 1.522729797363281250e+02 1.629480590820312500e+02 1.301251464843750000e+03 3.821100158691406250e+02 3.196429138183593750e+02 3.173930969238281250e+02 4.481028747558593750e+02 1.243073196411132812e+02 2.291034088134765625e+02 4.079982910156250000e+02
1.029485931396484375e+02 5.194241943359375000e+02 6.490148925781250000e+01 1.530570983886718750e+02 1.388998718261718750e+02 3.528192382812500000e+03 1.588491363525390625e+02 1.741299743652343750e+02 1.393139892578125000e+03 3.866720886230468750e+02 3.401531982421875000e+02 3.222562866210937500e+02 4.583648376464843750e+02 1.281926727294921875e+02 2.348814086914062500e+02 4.227415161132812500e+02
9.345730590820312500e+01 4.481500244140625000e+02 6.102418899536132812e+01 1.357604522705078125e+02 1.241386642456054688e+02 3.558195312500000000e+03 1.413299255371093750e+02 1.492636718750000000e+02 1.295935668945312500e+03 3.410943298339843750e+02 2.958966979980468750e+02 2.732854614257812500e+02 5.032318725585937500e+02 1.083462524414062500e+02 2.293425445556640625e+02 3.848393554687500000e+02
9.918437194824218750e+01 4.654782104492187500e+02 6.552778625488281250e+01 1.543744812011718750e+02 1.260524749755859375e+02 3.897104492187500000e+03 1.480731048583984375e+02 1.570379638671875000e+02 1.406061767578125000e+03 3.954560852050781250e+02 3.070031127929687500e+02 2.735235595703125000e+02 5.437731933593750000e+02 1.115018157958984375e+02 2.396560363769531250e+02 3.923716430664062500e+02
9.968790435791015625e+01 4.745213012695312500e+02 6.493829345703125000e+01 1.601764526367187500e+02 1.252813873291015625e+02 4.108204101562500000e+03 1.471753540039062500e+02 1.614264373779296875e+02 1.441759765625000000e+03 4.147714538574218750e+02 3.094537963867187500e+02 2.853907165527343750e+02 5.524982299804687500e+02 1.137358016967773438e+02 2.433429718017578125e+02 3.962575073242187500e+02
9.406962585449218750e+01 4.495523376464843750e+02 5.739145660400390625e+01 1.493638000488281250e+02 1.166900253295898438e+02 4.008108642578125000e+03 1.455993957519531250e+02 1.506394348144531250e+02 1.380583862304687500e+03 4.077441711425781250e+02 2.918636169433593750e+02 2.787915954589843750e+02 5.341567993164062500e+02 1.095896148681640625e+02 2.322191925048828125e+02 3.790180664062500000e+02
8.212385559082031250e+01 4.266038513183593750e+02 4.953260803222656250e+01 1.341551055908203125e+02 1.114095153808593750e+02 3.766816894531250000e+03 1.398423461914062500e+02 1.391002807617187500e+02 1.328632812500000000e+03 3.782571716308593750e+02 2.674320983886718750e+02 2.706664123535156250e+02 5.016923828125000000e+02 1.025851593017578125e+02 2.193997802734375000e+02 3.631043395996093750e+02
7.778247833251953125e+01 4.215795288085937500e+02 4.305775451660156250e+01 1.244708328247070312e+02 1.103189849853515625e+02 3.697553710937500000e+03 1.319146118164062500e+02 1.290206604003906250e+02 1.290096923828125000e+03 3.734576110839843750e+02 2.603906250000000000e+02 2.796737060546875000e+02 4.818862304687500000e+02 9.697017669677734375e+01 2.125112915039062500e+02 3.561241455078125000e+02
7.073704528808593750e+01 4.188457031250000000e+02 4.046193695068359375e+01 1.165743255615234375e+02 1.090699005126953125e+02 3.554191406250000000e+03 1.277897796630859375e+02 1.281701660156250000e+02 1.285486694335937500e+03 3.750581054687500000e+02 2.503691101074218750e+02 2.851668090820312500e+02 4.701129150390625000e+02 9.663027191162109375e+01 2.041753845214843750e+02 3.534623413085937500e+02
7.061814880371093750e+01 4.185765075683593750e+02 3.708374404907226562e+01 1.086248931884765625e+02 1.087309112548828125e+02 3.433377929687500000e+03 1.279847564697265625e+02 1.242235336303710938e+02 1.278592895507812500e+03 3.550399169921875000e+02 2.442374572753906250e+02 2.830181274414062500e+02 4.521849365234375000e+02 9.737936401367187500e+01 1.927057189941406250e+02 3.519054565429687500e+02
6.908934020996093750e+01 4.315060424804687500e+02 3.714378356933593750e+01 1.121369934082031250e+02 1.170430755615234375e+02 3.395734863281250000e+03 1.272760467529296875e+02 1.319869537353515625e+02 1.287164550781250000e+03 3.511072692871093750e+02 2.481189117431640625e+02 2.979429016113281250e+02 4.519637451171875000e+02 9.487689208984375000e+01 1.801878356933593750e+02 3.504302368164062500e+02
6.849990081787109375e+01 4.302213134765625000e+02 3.960943222045898438e+01 1.146214294433593750e+02 1.209570541381835938e+02 3.348076171875000000e+03 1.227410964965820312e+02 1.332057495117187500e+02 1.252311279296875000e+03 3.485253295898437500e+02 2.474892120361328125e+02 3.045802917480468750e+02 4.596652221679687500e+02 9.599853515625000000e+01 1.824980468750000000e+02 3.512487182617187500e+02
6.895384979248046875e+01 4.368958740234375000e+02 4.234511184692382812e+01 1.240023651123046875e+02 1.196606750488281250e+02 3.526115966796875000e+03 1.200309829711914062e+02 1.319922485351562500e+02 1.270166381835937500e+03 3.560467224121093750e+02 2.502649383544921875e+02 3.126791381835937500e+02 4.698235778808593750e+02 9.900876617431640625e+01 1.872391967773437500e+02 3.556829833984375000e+02
7.679953002929687500e+01 4.425079956054687500e+02 4.592307662963867188e+01 1.295687866210937500e+02 1.165108566284179688e+02 3.559933837890625000e+03 1.241267471313476562e+02 1.346496276855468750e+02 1.256381469726562500e+03 3.467607421875000000e+02 2.532706604003906250e+02 3.199044799804687500e+02 4.764393615722656250e+02 9.974109649658203125e+01 1.958263854980468750e+02 3.644581298828125000e+02
7.941379547119140625e+01 4.661765747070312500e+02 5.164922332763671875e+01 1.373232116699218750e+02 1.220757446289062500e+02 3.713938964843750000e+03 1.352282867431640625e+02 1.418955078125000000e+02 1.329741699218750000e+03 3.443862609863281250e+02 2.661511840820312500e+02 3.217835388183593750e+02 4.885592651367187500e+02 1.007697906494140625e+02 2.092865447998046875e+02 3.693195800781250000e+02
9.047692871093750000e+01 5.068697509765625000e+02 6.074723434448242188e+01 1.537289733886718750e+02 1.261897583007812500e+02 3.928407958984375000e+03 1.498000488281250000e+02 1.553425140380859375e+02 1.343531616210937500e+03 3.523620300292968750e+02 2.878591308593750000e+02 3.340274047851562500e+02 4.962341918945312500e+02 1.042307739257812500e+02 2.212728424072265625e+02 3.962577819824218750e+02
9.804219055175781250e+01 5.076121826171875000e+02 6.128478622436523438e+01 1.483046264648437500e+02 1.244124984741210938e+02 4.085906250000000000e+03 1.516428070068359375e+02 1.559362792968750000e+02 1.353997192382812500e+03 3.550908203125000000e+02 2.812584228515625000e+02 3.305722351074218750e+02 5.010774230957031250e+02 1.036408615112304688e+02 2.207218475341796875e+02 3.981966552734375000e+02
9.961297607421875000e+01 5.013367919921875000e+02 5.900296401977539062e+01 1.410149688720703125e+02 1.231819534301757812e+02 4.009538330078125000e+03 1.500367431640625000e+02 1.534662475585937500e+02 1.386413696289062500e+03 3.651702270507812500e+02 2.793517150878906250e+02 3.282358093261718750e+02 5.194863281250000000e+02 1.011675415039062500e+02 2.153151092529296875e+02 3.916750793457031250e+02
9.122221374511718750e+01 4.978175354003906250e+02 5.998929595947265625e+01 1.363646850585937500e+02 1.244785385131835938e+02 3.968265869140625000e+03 1.492679748535156250e+02 1.492924499511718750e+02 1.440180786132812500e+03 3.650389404296875000e+02 2.763108520507812500e+02 3.194442138671875000e+02 5.299777221679687500e+02 1.066442718505859375e+02 2.152277069091796875e+02 3.799471435546875000e+02
9.421189880371093750e+01 4.982428283691406250e+02 6.540875244140625000e+01 1.364244079589843750e+02 1.242040634155273438e+02 3.979229736328125000e+03 1.487449951171875000e+02 1.508612976074218750e+02 1.457140625000000000e+03 3.491479797363281250e+02 2.717583007812500000e+02 3.232760620117187500e+02 5.401129150390625000e+02 1.161409988403320312e+02 2.269705963134765625e+02 3.746609191894531250e+02
9.980081176757812500e+01 5.176217041015625000e+02 6.861347198486328125e+01 1.439368591308593750e+02 1.259138336181640625e+02 4.118500000000000000e+03 1.484971008300781250e+02 1.572211761474609375e+02 1.453226562500000000e+03 3.360184326171875000e+02 2.842400207519531250e+02 3.304159240722656250e+02 5.392635498046875000e+02 1.233369216918945312e+02 2.429734039306640625e+02 3.822443847656250000e+02
9.826047515869140625e+01 5.164536132812500000e+02 6.870325469970703125e+01 1.447570953369140625e+02 1.285578613281250000e+02 4.189433105468750000e+03 1.536091156005859375e+02 1.530371398925781250e+02 1.451963867187500000e+03 3.354248352050781250e+02 2.893722534179687500e+02 3.251501464843750000e+02 5.327819824218750000e+02 1.252258453369140625e+02 2.554076385498046875e+02 3.874627990722656250e+02
1.035122375488281250e+02 5.259692993164062500e+02 6.876941680908203125e+01 1.510075225830078125e+02 1.311136779785156250e+02 4.295784667968750000e+03 1.585814056396484375e+02 1.530515747070312500e+02 1.449072021484375000e+03 3.488970947265625000e+02 2.970736694335937500e+02 3.292182922363281250e+02 5.302368164062500000e+02 1.321690673828125000e+02 2.612060241699218750e+02 3.971426696777343750e+02
1.059512023925781250e+02 5.362039184570312500e+02 6.805873870849609375e+01 1.632221069335937500e+02 1.316318359375000000e+02 4.273407714843750000e+03 1.613939208984375000e+02 1.536782836914062500e+02 1.566007080078125000e+03 3.488360900878906250e+02 3.093427734375000000e+02 3.286231994628906250e+02 5.342009277343750000e+02 1.329316864013671875e+02 2.656831054687500000e+02 4.076245727539062500e+02
1.054995346069335938e+02 5.317144775390625000e+02 6.741266632080078125e+01 1.648341979980468750e+02 1.300537719726562500e+02 4.084690673828125000e+03 1.596039123535156250e+02 1.506047058105468750e+02 1.606654296875000000e+03 3.460324707031250000e+02 3.077491455078125000e+02 3.192355957031250000e+02 5.339709472656250000e+02 1.294918518066406250e+02 2.608532104492187500e+02 4.128540954589843750e+02
1.102368087768554688e+02 5.355421142578125000e+02 6.968251037597656250e+01 1.679162902832031250e+02 1.326056518554687500e+02 4.041492919921875000e+03 1.626715850830078125e+02 1.530801391601562500e+02 1.605998046875000000e+03 3.396083374023437500e+02 3.109006958007812500e+02 3.206554565429687500e+02 5.307713012695312500e+02 1.377844543457031250e+02 2.656357727050781250e+02 4.112970275878906250e+02
1.134101943969726562e+02 5.480467529296875000e+02 7.062567138671875000e+01 1.743442687988281250e+02 1.474565124511718750e+02 4.134389160156250000e+03 1.686168975830078125e+02 1.511047821044921875e+02 1.656398925781250000e+03 3.483241882324218750e+02 3.215053710937500000e+02 3.240020751953125000e+02 5.313291015625000000e+02 1.429341735839843750e+02 2.578381652832031250e+02 4.238477478027343750e+02
1.085776596069335938e+02 5.544147949218750000e+02 6.829531097412109375e+01 1.749955749511718750e+02 1.505034179687500000e+02 4.085875244140625000e+03 1.672826232910156250e+02 1.464812011718750000e+02 1.685701293945312500e+03 3.549271850585937500e+02 3.159787597656250000e+02 3.200631408691406250e+02 5.239982910156250000e+02 1.368722229003906250e+02 2.630701904296875000e+02 4.259961547851562500e+02
1.037471008300781250e+02 5.424499511718750000e+02 6.344338607788085938e+01 1.789286499023437500e+02 1.462539062500000000e+02 4.143884765625000000e+03 1.629570159912109375e+02 1.482827148437500000e+02 1.651359497070312500e+03 3.594093017578125000e+02 3.112896118164062500e+02 3.049237365722656250e+02 5.192369995117187500e+02 1.361737976074218750e+02 2.615292663574218750e+02 4.211665954589843750e+02
9.951125335693359375e+01 5.370753173828125000e+02 6.148030853271484375e+01 1.800829467773437500e+02 1.416221008300781250e+02 4.172496582031250000e+03 1.623129272460937500e+02 1.438199005126953125e+02 1.670386474609375000e+03 3.634837646484375000e+02 3.097341308593750000e+02 2.954154663085937500e+02 5.227698974609375000e+02 1.391492767333984375e+02 2.521888885498046875e+02 4.219786987304687500e+02
9.709426879882812500e+01 5.590888671875000000e+02 6.690457916259765625e+01 1.938091735839843750e+02 1.559970550537109375e+02 4.221270507812500000e+03 1.634211425781250000e+02 1.510924987792968750e+02 1.647750122070312500e+03 3.758789062500000000e+02 3.197303161621093750e+02 3.178650207519531250e+02 5.343601684570312500e+02 1.372403411865234375e+02 2.563219909667968750e+02 4.289468078613281250e+02
1.022318115234375000e+02 5.675681152343750000e+02 7.145575714111328125e+01 1.963043975830078125e+02 1.687197113037109375e+02 4.277330078125000000e+03 1.658337249755859375e+02 1.543408203125000000e+02 1.609660766601562500e+03 4.090568542480468750e+02 3.319091796875000000e+02 3.344454345703125000e+02 5.338132324218750000e+02 1.354873962402343750e+02 2.597708740234375000e+02 4.380230407714843750e+02
1.019948730468750000e+02 5.859932250976562500e+02 7.217838287353515625e+01 1.936755065917968750e+02 1.692598724365234375e+02 4.324523925781250000e+03 1.633876647949218750e+02 1.533678894042968750e+02 1.585974243164062500e+03 4.146037597656250000e+02 3.403964843750000000e+02 3.366287841796875000e+02 5.332035522460937500e+02 1.303625488281250000e+02 2.625641784667968750e+02 4.458796691894531250e+02
1.075045166015625000e+02 5.970534667968750000e+02 7.516244506835937500e+01 1.953015136718750000e+02 1.767241210937500000e+02 4.348298828125000000e+03 1.647380371093750000e+02 1.551539764404296875e+02 1.586340209960937500e+03 4.224248962402343750e+02 3.549218444824218750e+02 3.468093261718750000e+02 5.466146240234375000e+02 1.245126571655273438e+02 2.674007263183593750e+02 4.539875793457031250e+02
1.107400436401367188e+02 6.074099731445312500e+02 7.632063293457031250e+01 2.049532470703125000e+02 1.816605377197265625e+02 4.418532714843750000e+03 1.662164306640625000e+02 1.570959014892578125e+02 1.584171020507812500e+03 4.172940368652343750e+02 3.581692199707031250e+02 3.458881225585937500e+02 5.562227783203125000e+02 1.223863906860351562e+02 2.648910522460937500e+02 4.609233703613281250e+02
1.149082870483398438e+02 6.096683349609375000e+02 7.831899261474609375e+01 2.041858062744140625e+02 1.872270202636718750e+02 4.514868652343750000e+03 1.707310485839843750e+02 1.603963012695312500e+02 1.569584106445312500e+03 4.138538208007812500e+02 3.578300170898437500e+02 3.484080810546875000e+02 5.626773681640625000e+02 1.240223083496093750e+02 2.582636108398437500e+02 4.698362426757812500e+02
1.125633316040039062e+02 6.014882812500000000e+02 7.615370178222656250e+01 2.007838745117187500e+02 1.875168609619140625e+02 4.447699218750000000e+03 1.777013397216796875e+02 1.566087341308593750e+02 1.523933959960937500e+03 4.201451416015625000e+02 3.492208557128906250e+02 3.502704162597656250e+02 5.542877197265625000e+02 1.271429748535156250e+02 2.514858398437500000e+02 4.566506652832031250e+02
1.169623184204101562e+02 5.734931640625000000e+02 7.285538482666015625e+01 1.937207183837890625e+02 1.845394744873046875e+02 4.376371093750000000e+03 1.704163055419921875e+02 1.520696105957031250e+02 1.477722412109375000e+03 4.017689514160156250e+02 3.349975585937500000e+02 3.343313293457031250e+02 5.595620117187500000e+02 1.246423645019531250e+02 2.405352783203125000e+02 4.449125366210937500e+02
