1.044992599487304688e+02 4.870515747070312500e+02 7.339042663574218750e+01 1.228208923339843750e+02 1.444812622070312500e+02 3.389857666015625000e+03 1.678253784179687500e+02 1.747818603515625000e+02 1.580902832031250000e+03 3.447592163085937500e+02 2.868212890625000000e+02 3.780474853515625000e+02 5.403435058593750000e+02 1.253333282470703125e+02 2.696455688476562500e+02 3.513794860839843750e+02
1.014011993408203125e+02 4.866227111816406250e+02 7.227420806884765625e+01 1.219949493408203125e+02 1.485003356933593750e+02 3.382807617187500000e+03 1.647527008056640625e+02 1.730855712890625000e+02 1.563852661132812500e+03 3.330469970703125000e+02 2.900290832519531250e+02 3.857369384765625000e+02 5.472530517578125000e+02 1.160519104003906250e+02 2.794396362304687500e+02 3.567298583984375000e+02
9.553831481933593750e+01 4.931002807617187500e+02 7.088120269775390625e+01 1.222832183837890625e+02 1.522031555175781250e+02 3.378246582031250000e+03 1.660977935791015625e+02 1.741233215332031250e+02 1.625185791015625000e+03 3.283022766113281250e+02 2.908538513183593750e+02 3.873220825195312500e+02 5.406350097656250000e+02 1.068072509765625000e+02 2.834718627929687500e+02 3.607248840332031250e+02
1.043949966430664062e+02 5.047637023925781250e+02 6.736610412597656250e+01 1.232694549560546875e+02 1.554207763671875000e+02 3.359348144531250000e+03 1.647881774902343750e+02 1.707808074951171875e+02 1.647646850585937500e+03 3.320616455078125000e+02 2.886311645507812500e+02 3.869167175292968750e+02 5.638994140625000000e+02 1.112704162597656250e+02 2.830078125000000000e+02 3.576477661132812500e+02
1.056914443969726562e+02 5.253908081054687500e+02 6.663627624511718750e+01 1.234558563232421875e+02 1.585109863281250000e+02 3.415284667968750000e+03 1.657274322509765625e+02 1.722259979248046875e+02 1.629514770507812500e+03 3.540183715820312500e+02 3.028991088867187500e+02 3.895825195312500000e+02 5.635826416015625000e+02 1.157466201782226562e+02 2.835874633789062500e+02 3.597338256835937500e+02
9.649025726318359375e+01 5.309025878906250000e+02 6.540718841552734375e+01 1.239193267822265625e+02 1.599780273437500000e+02 3.407169921875000000e+03 1.625532531738281250e+02 1.787628479003906250e+02 1.613820678710937500e+03 3.680910949707031250e+02 3.137702331542968750e+02 3.888447875976562500e+02 5.611788330078125000e+02 1.179297103881835938e+02 2.735678100585937500e+02 3.675564575195312500e+02
9.033860778808593750e+01 5.498450927734375000e+02 6.333403015136718750e+01 1.226657257080078125e+02 1.613047180175781250e+02 3.371146972656250000e+03 1.727136077880859375e+02 1.820316772460937500e+02 1.591303466796875000e+03 3.875175170898437500e+02 3.289980468750000000e+02 3.890831298828125000e+02 5.733295898437500000e+02 1.183436279296875000e+02 2.709876403808593750e+02 3.690372924804687500e+02
8.947161865234375000e+01 5.597180175781250000e+02 6.479031372070312500e+01 1.237923736572265625e+02 1.645180969238281250e+02 3.372031738281250000e+03 1.711115417480468750e+02 1.853473510742187500e+02 1.580262817382812500e+03 3.890416259765625000e+02 3.452202148437500000e+02 3.903016357421875000e+02 5.914305419921875000e+02 1.183069915771484375e+02 2.527811279296875000e+02 3.662402038574218750e+02
8.594631958007812500e+01 5.533109130859375000e+02 6.227599334716796875e+01 1.192798156738281250e+02 1.642547454833984375e+02 3.315746582031250000e+03 1.721759643554687500e+02 1.767157592773437500e+02 1.557457763671875000e+03 3.785058593750000000e+02 3.467033691406250000e+02 3.871529846191406250e+02 5.926117553710937500e+02 1.169317016601562500e+02 2.428614807128906250e+02 3.635231933593750000e+02
8.709115600585937500e+01 5.366442260742187500e+02 5.856074523925781250e+01 1.151207122802734375e+02 1.638414611816406250e+02 3.312606201171875000e+03 1.662047576904296875e+02 1.741053771972656250e+02 1.506094482421875000e+03 3.633186340332031250e+02 3.436986694335937500e+02 3.875841064453125000e+02 5.755762329101562500e+02 1.145801162719726562e+02 2.344068603515625000e+02 3.529230346679687500e+02
8.352238464355468750e+01 5.253038330078125000e+02 5.721715927124023438e+01 1.095223846435546875e+02 1.643616790771484375e+02 3.334229980468750000e+03 1.600390930175781250e+02 1.689366149902343750e+02 1.447181030273437500e+03 3.558236694335937500e+02 3.368971252441406250e+02 3.858071899414062500e+02 5.679010620117187500e+02 1.098549194335937500e+02 2.302448730468750000e+02 3.484586181640625000e+02
7.843373107910156250e+01 5.131668701171875000e+02 5.235822296142578125e+01 1.049289855957031250e+02 1.626877441406250000e+02 3.189941894531250000e+03 1.548729248046875000e+02 1.621395263671875000e+02 1.392144531250000000e+03 3.553109741210937500e+02 3.322604370117187500e+02 3.803435058593750000e+02 5.484781494140625000e+02 1.092219390869140625e+02 2.211716308593750000e+02 3.438559570312500000e+02
7.658714294433593750e+01 5.002177734375000000e+02 4.791121292114257812e+01 1.003343200683593750e+02 1.612218475341796875e+02 3.075189941406250000e+03 1.487564086914062500e+02 1.558966369628906250e+02 1.357729248046875000e+03 3.539352416992187500e+02 3.237207336425781250e+02 3.727955017089843750e+02 5.232125244140625000e+02 1.093322143554687500e+02 2.261673278808593750e+02 3.482413635253906250e+02
8.114405059814453125e+01 4.877561035156250000e+02 4.567361450195312500e+01 9.566522216796875000e+01 1.574226684570312500e+02 2.933418457031250000e+03 1.441049346923828125e+02 1.531372070312500000e+02 1.308345092773437500e+03 3.393831787109375000e+02 3.116591796875000000e+02 3.648014526367187500e+02 4.995049743652343750e+02 1.096354141235351562e+02 2.186768493652343750e+02 3.501315002441406250e+02
7.860645294189453125e+01 4.669819030761718750e+02 4.258501815795898438e+01 9.053436279296875000e+01 1.540380859375000000e+02 2.838012451171875000e+03 1.419518890380859375e+02 1.481372985839843750e+02 1.265142089843750000e+03 3.361507873535156250e+02 2.954855346679687500e+02 3.520762329101562500e+02 4.687118530273437500e+02 1.078402709960937500e+02 2.138415985107421875e+02 3.495354614257812500e+02
7.430522155761718750e+01 4.447226867675781250e+02 3.665614318847656250e+01 8.346792602539062500e+01 1.450032958984375000e+02 2.775378906250000000e+03 1.351367492675781250e+02 1.369473419189453125e+02 1.198566894531250000e+03 3.326450195312500000e+02 2.765564880371093750e+02 3.295752258300781250e+02 4.297442321777343750e+02 1.049685592651367188e+02 2.052998046875000000e+02 3.424024658203125000e+02
7.207135009765625000e+01 4.239403076171875000e+02 3.147027587890625000e+01 7.571604919433593750e+01 1.374893646240234375e+02 2.794318115234375000e+03 1.311842651367187500e+02 1.321271057128906250e+02 1.174350219726562500e+03 3.281707763671875000e+02 2.602901916503906250e+02 3.183799743652343750e+02 3.996103515625000000e+02 1.021842422485351562e+02 1.947086181640625000e+02 3.347953491210937500e+02
6.803504943847656250e+01 4.105009765625000000e+02 2.979063034057617188e+01 7.102812194824218750e+01 1.299478607177734375e+02 2.798452148437500000e+03 1.285726623535156250e+02 1.268753738403320312e+02 1.177201782226562500e+03 3.276752929687500000e+02 2.468424682617187500e+02 3.082609863281250000e+02 3.815788269042968750e+02 9.965399169921875000e+01 1.897640075683593750e+02 3.353996276855468750e+02
6.762937164306640625e+01 4.090779724121093750e+02 3.188513565063476562e+01 7.188801574707031250e+01 1.270578918457031250e+02 2.815486328125000000e+03 1.268181152343750000e+02 1.276893997192382812e+02 1.181698242187500000e+03 3.285033569335937500e+02 2.466284790039062500e+02 3.033289794921875000e+02 3.937678833007812500e+02 1.029059829711914062e+02 1.967891693115234375e+02 3.485635681152343750e+02
6.896838378906250000e+01 4.088621826171875000e+02 3.474204254150390625e+01 8.005340576171875000e+01 1.254636230468750000e+02 2.869679687500000000e+03 1.259655456542968750e+02 1.333197326660156250e+02 1.207630737304687500e+03 3.386919860839843750e+02 2.567830200195312500e+02 3.031270751953125000e+02 4.093902587890625000e+02 1.083083038330078125e+02 2.068982238769531250e+02 3.657259521484375000e+02
7.709074401855468750e+01 4.099089965820312500e+02 3.737659454345703125e+01 8.889434814453125000e+01 1.216946563720703125e+02 2.949287597656250000e+03 1.291581573486328125e+02 1.356723327636718750e+02 1.212605590820312500e+03 3.429407653808593750e+02 2.613029785156250000e+02 2.989217834472656250e+02 4.190338134765625000e+02 1.119640655517578125e+02 2.103542633056640625e+02 3.802327270507812500e+02
8.328993225097656250e+01 4.209075927734375000e+02 4.449434280395507812e+01 1.021422882080078125e+02 1.190531387329101562e+02 3.025488769531250000e+03 1.320660552978515625e+02 1.403355712890625000e+02 1.285961547851562500e+03 3.317584533691406250e+02 2.711714782714843750e+02 3.005859375000000000e+02 4.228446960449218750e+02 1.121312255859375000e+02 2.094046325683593750e+02 3.855164184570312500e+02
1.099561004638671875e+02 4.960765991210937500e+02 7.740268707275390625e+01 1.679797363281250000e+02 1.370098724365234375e+02 3.404507812500000000e+03 1.558760528564453125e+02 1.694056854248046875e+02 1.430060913085937500e+03 3.589365234375000000e+02 3.320310363769531250e+02 3.272296752929687500e+02 5.420806274414062500e+02 1.241240692138671875e+02 2.380471343994140625e+02 4.331865844726562500e+02
1.049347839355468750e+02 4.735832519531250000e+02 7.453255462646484375e+01 1.616011657714843750e+02 1.357201232910156250e+02 3.496748046875000000e+03 1.505271911621093750e+02 1.611712036132812500e+02 1.429484130859375000e+03 3.815117797851562500e+02 3.131503601074218750e+02 3.138174743652343750e+02 5.781774291992187500e+02 1.169373779296875000e+02 2.348435516357421875e+02 4.116483764648437500e+02
9.761911010742187500e+01 4.580569458007812500e+02 6.704463958740234375e+01 1.515051116943359375e+02 1.342826538085937500e+02 3.700789306640625000e+03 1.429570159912109375e+02 1.557579193115234375e+02 1.419866088867187500e+03 3.981999206542968750e+02 2.966614990234375000e+02 3.161828613281250000e+02 5.936659545898437500e+02 1.126761932373046875e+02 2.324975891113281250e+02 3.951421508789062500e+02
9.102037048339843750e+01 4.374172058105468750e+02 5.770075988769531250e+01 1.407549438476562500e+02 1.295735168457031250e+02 3.780020019531250000e+03 1.412686157226562500e+02 1.458685302734375000e+02 1.366759765625000000e+03 4.023484191894531250e+02 2.800253601074218750e+02 3.116268615722656250e+02 5.907885131835937500e+02 1.084709854125976562e+02 2.238710937500000000e+02 3.749749755859375000e+02
8.200933837890625000e+01 4.279849548339843750e+02 5.128415298461914062e+01 1.326363525390625000e+02 1.281274414062500000e+02 3.811357666015625000e+03 1.401264953613281250e+02 1.386711883544921875e+02 1.343091796875000000e+03 3.826198120117187500e+02 2.644158325195312500e+02 3.070675048828125000e+02 5.756145019531250000e+02 1.040168380737304688e+02 2.157508087158203125e+02 3.634200439453125000e+02
7.995291137695312500e+01 4.397076416015625000e+02 4.770087432861328125e+01 1.316477813720703125e+02 1.306067199707031250e+02 3.820470458984375000e+03 1.372972106933593750e+02 1.335358581542968750e+02 1.351749145507812500e+03 3.906571655273437500e+02 2.674255981445312500e+02 3.186421508789062500e+02 5.727093505859375000e+02 1.012200393676757812e+02 2.158909454345703125e+02 3.652358703613281250e+02
7.502005004882812500e+01 4.510582885742187500e+02 4.785608673095703125e+01 1.295932464599609375e+02 1.329728698730468750e+02 3.865506347656250000e+03 1.354847564697265625e+02 1.354674072265625000e+02 1.398464599609375000e+03 4.109620971679687500e+02 2.655335083007812500e+02 3.289602050781250000e+02 5.782035522460937500e+02 1.030768280029296875e+02 2.134390716552734375e+02 3.710633239746093750e+02
7.441921997070312500e+01 4.509060668945312500e+02 4.511644363403320312e+01 1.205841217041015625e+02 1.340206909179687500e+02 3.794520263671875000e+03 1.350218963623046875e+02 1.314788513183593750e+02 1.426299438476562500e+03 3.991170654296875000e+02 2.582716064453125000e+02 3.296685791015625000e+02 5.712264404296875000e+02 1.045062026977539062e+02 2.024099884033203125e+02 3.716032714843750000e+02
6.953076171875000000e+01 4.483484191894531250e+02 4.195790863037109375e+01 1.133834228515625000e+02 1.373359069824218750e+02 3.663892822265625000e+03 1.296464843750000000e+02 1.341376342773437500e+02 1.431135131835937500e+03 3.891658020019531250e+02 2.503441772460937500e+02 3.369049377441406250e+02 5.700938110351562500e+02 9.871156311035156250e+01 1.837416839599609375e+02 3.612870178222656250e+02
6.440431213378906250e+01 4.285742492675781250e+02 3.977320861816406250e+01 1.041490936279296875e+02 1.376985778808593750e+02 3.415628906250000000e+03 1.202832946777343750e+02 1.302086486816406250e+02 1.363753784179687500e+03 3.738525390625000000e+02 2.371964874267578125e+02 3.367717285156250000e+02 5.688409423828125000e+02 9.548058319091796875e+01 1.782919006347656250e+02 3.502920532226562500e+02
6.133357238769531250e+01 4.180570068359375000e+02 3.929288864135742188e+01 1.048257293701171875e+02 1.347647247314453125e+02 3.355514160156250000e+03 1.134804763793945312e+02 1.237182235717773438e+02 1.350743041992187500e+03 3.725506286621093750e+02 2.294963378906250000e+02 3.379263610839843750e+02 5.720035400390625000e+02 9.571072387695312500e+01 1.801161041259765625e+02 3.459547729492187500e+02
6.805255126953125000e+01 4.161528930664062500e+02 4.274390411376953125e+01 1.082892913818359375e+02 1.303196716308593750e+02 3.368739501953125000e+03 1.147452621459960938e+02 1.233082427978515625e+02 1.316974487304687500e+03 3.574173278808593750e+02 2.281304626464843750e+02 3.408942260742187500e+02 5.720733032226562500e+02 9.553910827636718750e+01 1.909916381835937500e+02 3.527126770019531250e+02
7.494642639160156250e+01 4.523826599121093750e+02 5.438931655883789062e+01 1.257961959838867188e+02 1.326898498535156250e+02 3.553615478515625000e+03 1.285026855468750000e+02 1.349062347412109375e+02 1.403990844726562500e+03 3.566044311523437500e+02 2.497311248779296875e+02 3.417011718750000000e+02 5.755597534179687500e+02 9.849006652832031250e+01 2.141100158691406250e+02 3.673930664062500000e+02
9.420425415039062500e+01 5.240383911132812500e+02 7.382896423339843750e+01 1.638179626464843750e+02 1.353665161132812500e+02 3.719322753906250000e+03 1.516698150634765625e+02 1.599532775878906250e+02 1.412770629882812500e+03 3.639181213378906250e+02 2.948712463378906250e+02 3.512390136718750000e+02 5.678236694335937500e+02 1.057194290161132812e+02 2.383325805664062500e+02 4.159005432128906250e+02
1.043671722412109375e+02 5.282277832031250000e+02 7.540589904785156250e+01 1.579096069335937500e+02 1.332335815429687500e+02 3.814908447265625000e+03 1.552233886718750000e+02 1.613998413085937500e+02 1.428200439453125000e+03 3.672022705078125000e+02 2.887724609375000000e+02 3.468676757812500000e+02 5.667695312500000000e+02 1.046317749023437500e+02 2.396152801513671875e+02 4.212510986328125000e+02
1.079757308959960938e+02 5.214556884765625000e+02 7.280192565917968750e+01 1.486974029541015625e+02 1.307916259765625000e+02 3.679037597656250000e+03 1.537917480468750000e+02 1.586828460693359375e+02 1.479728027343750000e+03 3.788688964843750000e+02 2.850295410156250000e+02 3.423135070800781250e+02 5.773548583984375000e+02 1.018266601562500000e+02 2.330046081542968750e+02 4.146699218750000000e+02
9.869918060302734375e+01 5.159482421875000000e+02 7.306390380859375000e+01 1.414827270507812500e+02 1.302702331542968750e+02 3.637405517578125000e+03 1.515220947265625000e+02 1.534993438720703125e+02 1.554664306640625000e+03 3.806606445312500000e+02 2.806678466796875000e+02 3.321633911132812500e+02 5.810789184570312500e+02 1.073137054443359375e+02 2.303396453857421875e+02 3.997452087402343750e+02
9.912118530273437500e+01 5.128106689453125000e+02 7.850302886962890625e+01 1.386030883789062500e+02 1.289020385742187500e+02 3.673831542968750000e+03 1.494793243408203125e+02 1.531026611328125000e+02 1.575704833984375000e+03 3.645384216308593750e+02 2.736315612792968750e+02 3.321819763183593750e+02 5.844359130859375000e+02 1.195187911987304688e+02 2.424320526123046875e+02 3.889733581542968750e+02
1.044395904541015625e+02 5.306071777343750000e+02 8.212525177001953125e+01 1.438893432617187500e+02 1.289890747070312500e+02 3.770757324218750000e+03 1.476719818115234375e+02 1.589526062011718750e+02 1.567536132812500000e+03 3.422238769531250000e+02 2.826145324707031250e+02 3.368721923828125000e+02 5.782903442382812500e+02 1.300019073486328125e+02 2.611310729980468750e+02 3.933164062500000000e+02
1.027800445556640625e+02 5.292127685546875000e+02 8.168753051757812500e+01 1.436202697753906250e+02 1.301237487792968750e+02 3.800518066406250000e+03 1.515612792968750000e+02 1.541297607421875000e+02 1.561308227539062500e+03 3.319898071289062500e+02 2.877802429199218750e+02 3.320071411132812500e+02 5.665081176757812500e+02 1.330494842529296875e+02 2.751581420898437500e+02 3.984919128417968750e+02
1.074724197387695312e+02 5.363501586914062500e+02 8.055487060546875000e+01 1.485684814453125000e+02 1.314873962402343750e+02 3.944050048828125000e+03 1.566799621582031250e+02 1.520017852783203125e+02 1.550903442382812500e+03 3.411994323730468750e+02 2.950578308105468750e+02 3.335484924316406250e+02 5.583348388671875000e+02 1.406539306640625000e+02 2.804282836914062500e+02 4.095188598632812500e+02
1.102770385742187500e+02 5.457355957031250000e+02 7.842109680175781250e+01 1.614798583984375000e+02 1.314796447753906250e+02 3.983030517578125000e+03 1.597901458740234375e+02 1.505253448486328125e+02 1.669439575195312500e+03 3.415031127929687500e+02 3.080667724609375000e+02 3.327094421386718750e+02 5.577934570312500000e+02 1.417203521728515625e+02 2.823756408691406250e+02 4.224467163085937500e+02
1.088732986450195312e+02 5.382496948242187500e+02 7.614078521728515625e+01 1.635241394042968750e+02 1.296447448730468750e+02 3.876432128906250000e+03 1.574488525390625000e+02 1.459537353515625000e+02 1.711898071289062500e+03 3.345463256835937500e+02 3.060334472656250000e+02 3.237313537597656250e+02 5.553279418945312500e+02 1.362639007568359375e+02 2.754909973144531250e+02 4.284876708984375000e+02
1.125397567749023438e+02 5.351420898437500000e+02 7.698851013183593750e+01 1.640893402099609375e+02 1.307338867187500000e+02 3.838290771484375000e+03 1.586927337646484375e+02 1.461875457763671875e+02 1.704361694335937500e+03 3.255137329101562500e+02 3.052732238769531250e+02 3.232718200683593750e+02 5.496359863281250000e+02 1.431487731933593750e+02 2.776901245117187500e+02 4.239699707031250000e+02
1.153313217163085938e+02 5.425159912109375000e+02 7.672045898437500000e+01 1.674819946289062500e+02 1.393218688964843750e+02 3.886342529296875000e+03 1.636901397705078125e+02 1.425845031738281250e+02 1.729335815429687500e+03 3.307427978515625000e+02 3.126673583984375000e+02 3.260444335937500000e+02 5.478542480468750000e+02 1.487758636474609375e+02 2.676327819824218750e+02 4.334774169921875000e+02
1.085107650756835938e+02 5.436618041992187500e+02 7.209828948974609375e+01 1.644596862792968750e+02 1.425208435058593750e+02 3.856871582031250000e+03 1.613609771728515625e+02 1.360424194335937500e+02 1.741026611328125000e+03 3.327841186523437500e+02 3.035436096191406250e+02 3.222353210449218750e+02 5.382846069335937500e+02 1.409079284667968750e+02 2.696322021484375000e+02 4.327922973632812500e+02
9.972448730468750000e+01 5.227973632812500000e+02 6.332128524780273438e+01 1.623654632568359375e+02 1.398694458007812500e+02 3.890393554687500000e+03 1.546082763671875000e+02 1.344617614746093750e+02 1.674101928710937500e+03 3.320350036621093750e+02 2.915517578125000000e+02 3.061922607421875000e+02 5.279136962890625000e+02 1.357246398925781250e+02 2.664899597167968750e+02 4.206978149414062500e+02
9.121636962890625000e+01 5.029623413085937500e+02 5.652592468261718750e+01 1.566682281494140625e+02 1.358494567871093750e+02 3.942821289062500000e+03 1.501449584960937500e+02 1.281871337890625000e+02 1.660027832031250000e+03 3.319825439453125000e+02 2.811812133789062500e+02 2.928853759765625000e+02 5.262858276367187500e+02 1.353894042968750000e+02 2.516286315917968750e+02 4.119979553222656250e+02
8.486097717285156250e+01 5.120455932617187500e+02 5.897187805175781250e+01 1.635907897949218750e+02 1.451374511718750000e+02 4.048319580078125000e+03 1.477235107421875000e+02 1.310594177246093750e+02 1.608095092773437500e+03 3.414391479492187500e+02 2.821091918945312500e+02 3.130877075195312500e+02 5.379666748046875000e+02 1.303200225830078125e+02 2.502010192871093750e+02 4.111607360839843750e+02
8.625238037109375000e+01 5.123875122070312500e+02 6.257989883422851562e+01 1.606345520019531250e+02 1.549984130859375000e+02 4.092175292968750000e+03 1.469287109375000000e+02 1.319270019531250000e+02 1.534268432617187500e+03 3.759812927246093750e+02 2.881972351074218750e+02 3.340813598632812500e+02 5.405931396484375000e+02 1.249395217895507812e+02 2.508789520263671875e+02 4.145812377929687500e+02
8.398535919189453125e+01 5.243804321289062500e+02 6.204182434082031250e+01 1.509459533691406250e+02 1.587451477050781250e+02 4.148680664062500000e+03 1.421170349121093750e+02 1.287420349121093750e+02 1.473963012695312500e+03 3.829514465332031250e+02 2.920494384765625000e+02 3.429799194335937500e+02 5.415850830078125000e+02 1.165612792968750000e+02 2.538268280029296875e+02 4.187448730468750000e+02
8.856835937500000000e+01 5.332656860351562500e+02 6.482377624511718750e+01 1.462880249023437500e+02 1.636908874511718750e+02 4.224188476562500000e+03 1.407478027343750000e+02 1.279745864868164062e+02 1.455458496093750000e+03 3.882814331054687500e+02 3.049035034179687500e+02 3.551760864257812500e+02 5.593120117187500000e+02 1.080959167480468750e+02 2.615739746093750000e+02 4.271950073242187500e+02
9.313205718994140625e+01 5.471253051757812500e+02 6.730312347412109375e+01 1.560105285644531250e+02 1.670143737792968750e+02 4.333040039062500000e+03 1.416295776367187500e+02 1.287127380371093750e+02 1.452373535156250000e+03 3.784802856445312500e+02 3.098166503906250000e+02 3.580009460449218750e+02 5.756178588867187500e+02 1.046587677001953125e+02 2.606880187988281250e+02 4.394446105957031250e+02
1.007578277587890625e+02 5.562150878906250000e+02 7.136135101318359375e+01 1.600646972656250000e+02 1.698912658691406250e+02 4.482432128906250000e+03 1.481733703613281250e+02 1.333617553710937500e+02 1.440445922851562500e+03 3.738559265136718750e+02 3.129190979003906250e+02 3.619191284179687500e+02 5.896774902343750000e+02 1.070333404541015625e+02 2.514716186523437500e+02 4.568917541503906250e+02
1.006321029663085938e+02 5.513684082031250000e+02 6.986203765869140625e+01 1.603849792480468750e+02 1.705191955566406250e+02 4.471784667968750000e+03 1.603439941406250000e+02 1.329301147460937500e+02 1.393763183593750000e+03 3.830561523437500000e+02 3.066470336914062500e+02 3.655480346679687500e+02 5.860792846679687500e+02 1.129687576293945312e+02 2.411574707031250000e+02 4.435137023925781250e+02
1.081997222900390625e+02 5.196368408203125000e+02 6.585851287841796875e+01 1.553042297363281250e+02 1.694582672119140625e+02 4.426437988281250000e+03 1.556186523437500000e+02 1.302973937988281250e+02 1.348427001953125000e+03 3.646969604492187500e+02 2.920423583984375000e+02 3.514960021972656250e+02 5.948047485351562500e+02 1.123762664794921875e+02 2.255641937255859375e+02 4.259637451171875000e+02
1.072352447509765625e+02 5.106249389648437500e+02 6.107788848876953125e+01 1.525994873046875000e+02 1.683947448730468750e+02 4.484567382812500000e+03 1.508873901367187500e+02 1.271681442260742188e+02 1.379395507812500000e+03 3.625436401367187500e+02 2.838651733398437500e+02 3.470081787109375000e+02 6.063246459960937500e+02 1.083160629272460938e+02 2.185487365722656250e+02 4.314143676757812500e+02
1.116611938476562500e+02 4.897134399414062500e+02 5.767074203491210938e+01 1.484845581054687500e+02 1.659190368652343750e+02 4.478648437500000000e+03 1.486863708496093750e+02 1.244457321166992188e+02 1.348616088867187500e+03 3.425414733886718750e+02 2.780013122558593750e+02 3.394334716796875000e+02 6.068355712890625000e+02 1.122718429565429688e+02 2.077463073730468750e+02 4.260004577636718750e+02
1.159655990600585938e+02 4.817640380859375000e+02 5.849600982666015625e+01 1.436906127929687500e+02 1.667183532714843750e+02 4.525877441406250000e+03 1.474828948974609375e+02 1.225748138427734375e+02 1.292024780273437500e+03 3.374401855468750000e+02 2.777223510742187500e+02 3.311245422363281250e+02 6.001768798828125000e+02 1.144080352783203125e+02 2.019060516357421875e+02 4.305423583984375000e+02
