9.283390808105468750e+01 4.555982360839843750e+02 6.237615203857421875e+01 1.057846679687500000e+02 1.402308044433593750e+02 3.286573486328125000e+03 1.572373504638671875e+02 1.612368774414062500e+02 1.479694458007812500e+03 3.242288208007812500e+02 2.654460449218750000e+02 3.765675659179687500e+02 4.959320068359375000e+02 1.180042419433593750e+02 2.514286041259765625e+02 3.339170227050781250e+02
9.159944915771484375e+01 4.569577026367187500e+02 6.045064544677734375e+01 1.065564727783203125e+02 1.433245086669921875e+02 3.329118164062500000e+03 1.548023986816406250e+02 1.604342193603515625e+02 1.458146972656250000e+03 3.161790771484375000e+02 2.692769775390625000e+02 3.839962463378906250e+02 4.945267028808593750e+02 1.096704788208007812e+02 2.598055725097656250e+02 3.395555114746093750e+02
8.666554260253906250e+01 4.617487487792968750e+02 5.804703521728515625e+01 1.074344177246093750e+02 1.473605041503906250e+02 3.364495117187500000e+03 1.551981811523437500e+02 1.605467529296875000e+02 1.496211791992187500e+03 3.127654418945312500e+02 2.702601928710937500e+02 3.839635925292968750e+02 4.844849243164062500e+02 1.005477294921875000e+02 2.621363220214843750e+02 3.431831359863281250e+02
9.217262268066406250e+01 4.684431152343750000e+02 5.453350830078125000e+01 1.069108123779296875e+02 1.517639465332031250e+02 3.327980224609375000e+03 1.534947814941406250e+02 1.569178771972656250e+02 1.509230590820312500e+03 3.144889221191406250e+02 2.669414672851562500e+02 3.813046875000000000e+02 5.031796264648437500e+02 1.029523315429687500e+02 2.611692504882812500e+02 3.397199096679687500e+02
9.344761657714843750e+01 4.826024475097656250e+02 5.367001342773437500e+01 1.056988372802734375e+02 1.564990234375000000e+02 3.392709960937500000e+03 1.539850463867187500e+02 1.572784881591796875e+02 1.497401489257812500e+03 3.287080078125000000e+02 2.760923156738281250e+02 3.837043151855468750e+02 5.036172790527343750e+02 1.065138397216796875e+02 2.615049438476562500e+02 3.401302795410156250e+02
8.735697174072265625e+01 4.891501464843750000e+02 5.299552154541015625e+01 1.063512573242187500e+02 1.587591705322265625e+02 3.375664550781250000e+03 1.522302856445312500e+02 1.624021606445312500e+02 1.490526123046875000e+03 3.395560913085937500e+02 2.852672729492187500e+02 3.818476562500000000e+02 5.030082397460937500e+02 1.089988708496093750e+02 2.543721618652343750e+02 3.463322753906250000e+02
8.332508087158203125e+01 5.065455932617187500e+02 5.217490386962890625e+01 1.072302551269531250e+02 1.608264770507812500e+02 3.360554443359375000e+03 1.601477661132812500e+02 1.663328857421875000e+02 1.477217163085937500e+03 3.553210449218750000e+02 2.991622009277343750e+02 3.816104431152343750e+02 5.166478271484375000e+02 1.103673706054687500e+02 2.530407104492187500e+02 3.497582092285156250e+02
8.364440917968750000e+01 5.199051513671875000e+02 5.424897003173828125e+01 1.111615905761718750e+02 1.666074523925781250e+02 3.343835937500000000e+03 1.610587158203125000e+02 1.708463134765625000e+02 1.476652587890625000e+03 3.612052917480468750e+02 3.150635681152343750e+02 3.832373046875000000e+02 5.389357299804687500e+02 1.116566696166992188e+02 2.402921905517578125e+02 3.509339904785156250e+02
8.264878845214843750e+01 5.235859375000000000e+02 5.382833862304687500e+01 1.124420776367187500e+02 1.664738159179687500e+02 3.310967285156250000e+03 1.639902954101562500e+02 1.674956512451171875e+02 1.472123901367187500e+03 3.588134460449218750e+02 3.227246093750000000e+02 3.787171630859375000e+02 5.458402099609375000e+02 1.123013610839843750e+02 2.340315399169921875e+02 3.532586059570312500e+02
8.547288513183593750e+01 5.213540039062500000e+02 5.288483428955078125e+01 1.142788543701171875e+02 1.654064941406250000e+02 3.316323242187500000e+03 1.626372070312500000e+02 1.686325225830078125e+02 1.451803466796875000e+03 3.540735778808593750e+02 3.280593566894531250e+02 3.788947143554687500e+02 5.352996215820312500e+02 1.124105453491210938e+02 2.290815124511718750e+02 3.502424316406250000e+02
8.451220703125000000e+01 5.210002441406250000e+02 5.389030456542968750e+01 1.137129821777343750e+02 1.656202697753906250e+02 3.282740966796875000e+03 1.602568206787109375e+02 1.677030181884765625e+02 1.421967529296875000e+03 3.527734069824218750e+02 3.296403503417968750e+02 3.762241516113281250e+02 5.344742431640625000e+02 1.102847061157226562e+02 2.275160675048828125e+02 3.505029907226562500e+02
8.142630004882812500e+01 5.168787231445312500e+02 5.174164581298828125e+01 1.115752563476562500e+02 1.627887573242187500e+02 3.221795166015625000e+03 1.573129730224609375e+02 1.642632293701171875e+02 1.390194946289062500e+03 3.551405029296875000e+02 3.299643554687500000e+02 3.692120971679687500e+02 5.238034057617187500e+02 1.103121032714843750e+02 2.221051330566406250e+02 3.489367980957031250e+02
7.942768859863281250e+01 5.081262817382812500e+02 4.873934936523437500e+01 1.069591827392578125e+02 1.615851745605468750e+02 3.161145019531250000e+03 1.523460235595703125e+02 1.595701141357421875e+02 1.365778564453125000e+03 3.546708068847656250e+02 3.252276916503906250e+02 3.608988037109375000e+02 5.057189941406250000e+02 1.104619522094726562e+02 2.252397003173828125e+02 3.517989501953125000e+02
8.172187805175781250e+01 4.975109252929687500e+02 4.682450866699218750e+01 1.011349639892578125e+02 1.566596221923828125e+02 3.097311523437500000e+03 1.478447723388671875e+02 1.566654968261718750e+02 1.323380371093750000e+03 3.423325805664062500e+02 3.164004821777343750e+02 3.520145874023437500e+02 4.876479492187500000e+02 1.104737091064453125e+02 2.191880645751953125e+02 3.524402770996093750e+02
7.933121490478515625e+01 4.780360107421875000e+02 4.398806381225585938e+01 9.434555053710937500e+01 1.519351043701171875e+02 3.016820800781250000e+03 1.448164825439453125e+02 1.516031799316406250e+02 1.284943847656250000e+03 3.382782592773437500e+02 3.023747863769531250e+02 3.386942749023437500e+02 4.645235290527343750e+02 1.089152526855468750e+02 2.144869995117187500e+02 3.506495056152343750e+02
7.554663085937500000e+01 4.576215820312500000e+02 3.946777343750000000e+01 8.644128417968750000e+01 1.430863342285156250e+02 2.975237060546875000e+03 1.382798461914062500e+02 1.415650329589843750e+02 1.229061645507812500e+03 3.363031311035156250e+02 2.865641479492187500e+02 3.203466186523437500e+02 4.402890930175781250e+02 1.067610473632812500e+02 2.084470977783203125e+02 3.447440185546875000e+02
7.388784790039062500e+01 4.415650024414062500e+02 3.613902664184570312e+01 8.087632751464843750e+01 1.361542968750000000e+02 2.960821777343750000e+03 1.352451019287109375e+02 1.379935302734375000e+02 1.205588134765625000e+03 3.351292419433593750e+02 2.748738403320312500e+02 3.128683471679687500e+02 4.155142822265625000e+02 1.047864837646484375e+02 2.009385223388671875e+02 3.407913818359375000e+02
6.895841979980468750e+01 4.204775390625000000e+02 3.200409317016601562e+01 7.313319396972656250e+01 1.246383895874023438e+02 2.879047363281250000e+03 1.305502624511718750e+02 1.301970062255859375e+02 1.181678100585937500e+03 3.288911743164062500e+02 2.560960998535156250e+02 2.982311706542968750e+02 3.829177246093750000e+02 1.009746093750000000e+02 1.929326782226562500e+02 3.363818969726562500e+02
6.340540313720703125e+01 3.946073303222656250e+02 2.657942199707031250e+01 6.121145629882812500e+01 1.148929977416992188e+02 2.816734863281250000e+03 1.226114196777343750e+02 1.214954986572265625e+02 1.135505371093750000e+03 3.145563964843750000e+02 2.368789978027343750e+02 2.801408691406250000e+02 3.582629699707031250e+02 9.820272827148437500e+01 1.888110961914062500e+02 3.312019042968750000e+02
5.957145690917968750e+01 3.728980712890625000e+02 2.268125152587890625e+01 5.585563659667968750e+01 1.090848693847656250e+02 2.789243652343750000e+03 1.160911712646484375e+02 1.175164337158203125e+02 1.113145019531250000e+03 3.086687622070312500e+02 2.275256958007812500e+02 2.697205200195312500e+02 3.436051635742187500e+02 9.748964691162109375e+01 1.876528320312500000e+02 3.304321594238281250e+02
6.171514892578125000e+01 3.600517272949218750e+02 2.039203643798828125e+01 5.500486755371093750e+01 1.015858840942382812e+02 2.811672607421875000e+03 1.147364349365234375e+02 1.141260147094726562e+02 1.090753295898437500e+03 3.039304809570312500e+02 2.199713592529296875e+02 2.573307495117187500e+02 3.306322021484375000e+02 9.711706542968750000e+01 1.853155517578125000e+02 3.320278320312500000e+02
6.305371093750000000e+01 3.559554138183593750e+02 2.132318496704101562e+01 5.783685302734375000e+01 9.465507507324218750e+01 2.852350097656250000e+03 1.136906204223632812e+02 1.130502929687500000e+02 1.113352172851562500e+03 2.896278076171875000e+02 2.173899078369140625e+02 2.511340179443359375e+02 3.141483154296875000e+02 9.481512451171875000e+01 1.798962860107421875e+02 3.281299743652343750e+02
1.049248962402343750e+02 4.884776000976562500e+02 6.943226623535156250e+01 1.613690032958984375e+02 1.372878570556640625e+02 3.533312011718750000e+03 1.549190673828125000e+02 1.647746276855468750e+02 1.364492553710937500e+03 3.610042114257812500e+02 3.230241088867187500e+02 3.133016357421875000e+02 5.154048461914062500e+02 1.188952865600585938e+02 2.298228302001953125e+02 4.163215637207031250e+02
1.045332336425781250e+02 4.761566162109375000e+02 7.094181060791015625e+01 1.646415557861328125e+02 1.367818298339843750e+02 3.663107910156250000e+03 1.524812011718750000e+02 1.618019714355468750e+02 1.375944702148437500e+03 3.800663146972656250e+02 3.151806945800781250e+02 3.045617065429687500e+02 5.566293334960937500e+02 1.141161346435546875e+02 2.308933715820312500e+02 4.068141479492187500e+02
9.901100921630859375e+01 4.618953857421875000e+02 6.584293365478515625e+01 1.573636627197265625e+02 1.337013549804687500e+02 3.764604980468750000e+03 1.451160278320312500e+02 1.576095428466796875e+02 1.371556152343750000e+03 3.930114746093750000e+02 3.016992492675781250e+02 3.072781982421875000e+02 5.680278320312500000e+02 1.105721588134765625e+02 2.293220062255859375e+02 3.948678894042968750e+02
9.279389953613281250e+01 4.412434082031250000e+02 5.795434951782226562e+01 1.469619445800781250e+02 1.272026290893554688e+02 3.719437988281250000e+03 1.423202514648437500e+02 1.485093688964843750e+02 1.326985961914062500e+03 3.943608093261718750e+02 2.859409790039062500e+02 3.040677795410156250e+02 5.606517333984375000e+02 1.069409866333007812e+02 2.213065185546875000e+02 3.777478027343750000e+02
8.397807312011718750e+01 4.296234130859375000e+02 5.185666656494140625e+01 1.384063720703125000e+02 1.249913101196289062e+02 3.655667968750000000e+03 1.405133056640625000e+02 1.409862518310546875e+02 1.299520874023437500e+03 3.753254699707031250e+02 2.704327392578125000e+02 3.011672973632812500e+02 5.410957641601562500e+02 1.028703536987304688e+02 2.129311828613281250e+02 3.668184204101562500e+02
8.109130096435546875e+01 4.364095764160156250e+02 4.798454666137695312e+01 1.357532348632812500e+02 1.278637771606445312e+02 3.659658935546875000e+03 1.372688903808593750e+02 1.353475036621093750e+02 1.292376831054687500e+03 3.745268249511718750e+02 2.704371032714843750e+02 3.147323913574218750e+02 5.328211669921875000e+02 9.987356567382812500e+01 2.103202667236328125e+02 3.666193237304687500e+02
7.627137756347656250e+01 4.462225952148437500e+02 4.723131942749023438e+01 1.333302917480468750e+02 1.304432220458984375e+02 3.619841308593750000e+03 1.352785339355468750e+02 1.364630737304687500e+02 1.312383178710937500e+03 3.842742309570312500e+02 2.688933105468750000e+02 3.269149475097656250e+02 5.303491210937500000e+02 1.009282836914062500e+02 2.064269104003906250e+02 3.709277343750000000e+02
7.577532958984375000e+01 4.524890136718750000e+02 4.481475067138671875e+01 1.270569839477539062e+02 1.317506103515625000e+02 3.594497314453125000e+03 1.358945159912109375e+02 1.347222290039062500e+02 1.326172485351562500e+03 3.729028625488281250e+02 2.655598144531250000e+02 3.280187988281250000e+02 5.176430053710937500e+02 1.029841537475585938e+02 1.964786682128906250e+02 3.732544555664062500e+02
7.398394775390625000e+01 4.638571777343750000e+02 4.382341003417968750e+01 1.266658401489257812e+02 1.384583587646484375e+02 3.562917724609375000e+03 1.349392547607421875e+02 1.408892822265625000e+02 1.334567504882812500e+03 3.658054199218750000e+02 2.666981201171875000e+02 3.390096130371093750e+02 5.125531005859375000e+02 1.009694137573242188e+02 1.817902832031250000e+02 3.712837219238281250e+02
7.160478210449218750e+01 4.583414916992187500e+02 4.443030929565429688e+01 1.245856246948242188e+02 1.418470306396484375e+02 3.409216796875000000e+03 1.289148406982421875e+02 1.415360107421875000e+02 1.291025878906250000e+03 3.573006591796875000e+02 2.618168945312500000e+02 3.434720153808593750e+02 5.150911254882812500e+02 1.001582794189453125e+02 1.790204620361328125e+02 3.673685302734375000e+02
6.936429595947265625e+01 4.519284667968750000e+02 4.491934204101562500e+01 1.267260742187500000e+02 1.391239929199218750e+02 3.359988281250000000e+03 1.223135299682617188e+02 1.370016174316406250e+02 1.279242797851562500e+03 3.568676757812500000e+02 2.563848266601562500e+02 3.460500183105468750e+02 5.194153442382812500e+02 1.009516448974609375e+02 1.815779113769531250e+02 3.646901855468750000e+02
7.356004333496093750e+01 4.426204223632812500e+02 4.563222885131835938e+01 1.253867034912109375e+02 1.326134185791015625e+02 3.281896728515625000e+03 1.212139282226562500e+02 1.338482360839843750e+02 1.240789306640625000e+03 3.418140258789062500e+02 2.498003234863281250e+02 3.471544799804687500e+02 5.184243164062500000e+02 9.965312194824218750e+01 1.884576263427734375e+02 3.653379516601562500e+02
7.477374267578125000e+01 4.495351562500000000e+02 4.867889404296875000e+01 1.249537353515625000e+02 1.332499847412109375e+02 3.366735351562500000e+03 1.277393264770507812e+02 1.352899780273437500e+02 1.280526123046875000e+03 3.278960571289062500e+02 2.516999053955078125e+02 3.432178649902343750e+02 5.228599243164062500e+02 9.775506591796875000e+01 2.004102478027343750e+02 3.629714355468750000e+02
8.374752807617187500e+01 4.810767517089843750e+02 5.974594879150390625e+01 1.374931030273437500e+02 1.375960693359375000e+02 3.425066406250000000e+03 1.399058837890625000e+02 1.453568420410156250e+02 1.294279296875000000e+03 3.291497802734375000e+02 2.676976318359375000e+02 3.514073486328125000e+02 5.319061889648437500e+02 9.840489196777343750e+01 2.172606506347656250e+02 3.860207519531250000e+02
9.224726867675781250e+01 4.851033325195312500e+02 6.156834793090820312e+01 1.326103057861328125e+02 1.354847717285156250e+02 3.429636230468750000e+03 1.438273010253906250e+02 1.468106994628906250e+02 1.306306640625000000e+03 3.314765014648437500e+02 2.626346435546875000e+02 3.471862487792968750e+02 5.361072998046875000e+02 9.713268280029296875e+01 2.193177490234375000e+02 3.906450500488281250e+02
9.573260498046875000e+01 4.791060791015625000e+02 5.919035339355468750e+01 1.243430938720703125e+02 1.327837066650390625e+02 3.379099121093750000e+03 1.429609832763671875e+02 1.446366577148437500e+02 1.338669311523437500e+03 3.422597656250000000e+02 2.591346435546875000e+02 3.422988281250000000e+02 5.527440185546875000e+02 9.467749023437500000e+01 2.137960205078125000e+02 3.846228027343750000e+02
8.778156280517578125e+01 4.721765136718750000e+02 5.875626373291015625e+01 1.170876464843750000e+02 1.324462585449218750e+02 3.333002929687500000e+03 1.410704040527343750e+02 1.395783081054687500e+02 1.397616821289062500e+03 3.446277770996093750e+02 2.545859680175781250e+02 3.311768188476562500e+02 5.626340332031250000e+02 9.881852722167968750e+01 2.105271148681640625e+02 3.702294921875000000e+02
8.696482086181640625e+01 4.668162536621093750e+02 6.319029617309570312e+01 1.133459167480468750e+02 1.312214965820312500e+02 3.355350341796875000e+03 1.388941955566406250e+02 1.382052917480468750e+02 1.419484130859375000e+03 3.297492980957031250e+02 2.471324462890625000e+02 3.310705566406250000e+02 5.700192260742187500e+02 1.084666595458984375e+02 2.206145935058593750e+02 3.588522338867187500e+02
9.068479919433593750e+01 4.792426147460937500e+02 6.651039886474609375e+01 1.168216552734375000e+02 1.317811584472656250e+02 3.397609863281250000e+03 1.367408142089843750e+02 1.421383972167968750e+02 1.411541381835937500e+03 3.105383300781250000e+02 2.534763793945312500e+02 3.374886474609375000e+02 5.648746337890625000e+02 1.173478317260742188e+02 2.393205108642578125e+02 3.606958923339843750e+02
8.918695068359375000e+01 4.780290832519531250e+02 6.609677124023437500e+01 1.164867095947265625e+02 1.337305297851562500e+02 3.421849365234375000e+03 1.394518280029296875e+02 1.381364135742187500e+02 1.400835937500000000e+03 3.016914672851562500e+02 2.577509765625000000e+02 3.328085327148437500e+02 5.515932006835937500e+02 1.204298782348632812e+02 2.560649108886718750e+02 3.646664123535156250e+02
9.284886169433593750e+01 4.832512207031250000e+02 6.488684844970703125e+01 1.201443786621093750e+02 1.358922271728515625e+02 3.506887207031250000e+03 1.438345642089843750e+02 1.359027709960937500e+02 1.391417480468750000e+03 3.086040649414062500e+02 2.636970214843750000e+02 3.346937255859375000e+02 5.411445312500000000e+02 1.271704025268554688e+02 2.641192321777343750e+02 3.740480957031250000e+02
9.530528259277343750e+01 4.910025939941406250e+02 6.268165969848632812e+01 1.306811065673828125e+02 1.361586914062500000e+02 3.606237304687500000e+03 1.465234985351562500e+02 1.347014465332031250e+02 1.500789794921875000e+03 3.110029602050781250e+02 2.743966064453125000e+02 3.337693481445312500e+02 5.393428955078125000e+02 1.284454803466796875e+02 2.676700134277343750e+02 3.855772399902343750e+02
9.424687194824218750e+01 4.846095581054687500e+02 6.035778427124023438e+01 1.327519378662109375e+02 1.339449920654296875e+02 3.596804199218750000e+03 1.442821655273437500e+02 1.306568298339843750e+02 1.566353515625000000e+03 3.059646606445312500e+02 2.728554077148437500e+02 3.231303710937500000e+02 5.361362304687500000e+02 1.237140426635742188e+02 2.604851379394531250e+02 3.915595092773437500e+02
9.734193420410156250e+01 4.814375000000000000e+02 6.115491485595703125e+01 1.333999938964843750e+02 1.350994262695312500e+02 3.534376953125000000e+03 1.448674468994140625e+02 1.304816741943359375e+02 1.572864379882812500e+03 2.995991821289062500e+02 2.717720642089843750e+02 3.213633422851562500e+02 5.299288330078125000e+02 1.296966857910156250e+02 2.621266479492187500e+02 3.883140869140625000e+02
1.001610260009765625e+02 4.878045349121093750e+02 6.123196029663085938e+01 1.365016937255859375e+02 1.471459350585937500e+02 3.577367919921875000e+03 1.491941070556640625e+02 1.275073242187500000e+02 1.611304321289062500e+03 3.042460021972656250e+02 2.778900146484375000e+02 3.238431396484375000e+02 5.267940063476562500e+02 1.354983367919921875e+02 2.521236267089843750e+02 3.970531616210937500e+02
9.470404052734375000e+01 4.904042358398437500e+02 5.731235885620117188e+01 1.346382446289062500e+02 1.517249145507812500e+02 3.629178710937500000e+03 1.479110107421875000e+02 1.218390960693359375e+02 1.631557495117187500e+03 3.075377197265625000e+02 2.709633789062500000e+02 3.192822875976562500e+02 5.151768798828125000e+02 1.291243133544921875e+02 2.534136505126953125e+02 3.977009887695312500e+02
8.717695617675781250e+01 4.746145935058593750e+02 4.970997619628906250e+01 1.338443298339843750e+02 1.476355133056640625e+02 3.693018066406250000e+03 1.423704986572265625e+02 1.207138137817382812e+02 1.582851318359375000e+03 3.077993774414062500e+02 2.610914306640625000e+02 3.006091613769531250e+02 5.018328857421875000e+02 1.245420150756835938e+02 2.497864379882812500e+02 3.885870971679687500e+02
8.006161499023437500e+01 4.593489990234375000e+02 4.407062149047851562e+01 1.305524291992187500e+02 1.408599243164062500e+02 3.716646728515625000e+03 1.387653350830078125e+02 1.156245651245117188e+02 1.572590454101562500e+03 3.092555847167968750e+02 2.529377593994140625e+02 2.840477905273437500e+02 4.974680786132812500e+02 1.245507278442382812e+02 2.366197052001953125e+02 3.825452270507812500e+02
7.491091918945312500e+01 4.696018066406250000e+02 4.654195785522460938e+01 1.380812988281250000e+02 1.509361572265625000e+02 3.790508544921875000e+03 1.372547454833984375e+02 1.188631820678710938e+02 1.526666748046875000e+03 3.189828186035156250e+02 2.555492706298828125e+02 3.032930297851562500e+02 5.067297058105468750e+02 1.209813690185546875e+02 2.350891723632812500e+02 3.835141296386718750e+02
7.660101318359375000e+01 4.738692932128906250e+02 5.033802413940429688e+01 1.377625427246093750e+02 1.630433959960937500e+02 3.833014892578125000e+03 1.372402648925781250e+02 1.207237014770507812e+02 1.460057373046875000e+03 3.477166442871093750e+02 2.629931640625000000e+02 3.249504394531250000e+02 5.057640991210937500e+02 1.167762145996093750e+02 2.360725860595703125e+02 3.881752014160156250e+02
7.578268432617187500e+01 4.866578674316406250e+02 5.071989440917968750e+01 1.312994995117187500e+02 1.656408081054687500e+02 3.864185302734375000e+03 1.339058380126953125e+02 1.191265487670898438e+02 1.405474609375000000e+03 3.584515075683593750e+02 2.687578125000000000e+02 3.313698730468750000e+02 4.984913330078125000e+02 1.098251190185546875e+02 2.377792510986328125e+02 3.930950317382812500e+02
8.012001037597656250e+01 4.968642883300781250e+02 5.287534713745117188e+01 1.284534912109375000e+02 1.712526245117187500e+02 3.889436035156250000e+03 1.333304748535156250e+02 1.194469299316406250e+02 1.379233398437500000e+03 3.639013671875000000e+02 2.811335144042968750e+02 3.419752197265625000e+02 5.066351318359375000e+02 1.024631576538085938e+02 2.422765808105468750e+02 3.998390502929687500e+02
8.398103332519531250e+01 5.069485473632812500e+02 5.402764892578125000e+01 1.352942504882812500e+02 1.756323852539062500e+02 3.956367187500000000e+03 1.343965759277343750e+02 1.208140106201171875e+02 1.365814941406250000e+03 3.571402893066406250e+02 2.859020385742187500e+02 3.426624450683593750e+02 5.182402343750000000e+02 9.887084197998046875e+01 2.406206359863281250e+02 4.073191223144531250e+02
8.947994995117187500e+01 5.113446044921875000e+02 5.634431457519531250e+01 1.369595031738281250e+02 1.799936065673828125e+02 4.037848632812500000e+03 1.391056213378906250e+02 1.242516937255859375e+02 1.346180541992187500e+03 3.515000610351562500e+02 2.866707153320312500e+02 3.449867248535156250e+02 5.298723754882812500e+02 1.001156463623046875e+02 2.328576507568359375e+02 4.188316040039062500e+02
8.962516784667968750e+01 5.072763671875000000e+02 5.532376861572265625e+01 1.367260284423828125e+02 1.803765716552734375e+02 4.122132324218750000e+03 1.477907104492187500e+02 1.234383697509765625e+02 1.306624511718750000e+03 3.568482360839843750e+02 2.812026367187500000e+02 3.481152343750000000e+02 5.258979492187500000e+02 1.045155792236328125e+02 2.244424896240234375e+02 4.097745666503906250e+02
9.520622253417968750e+01 4.850571899414062500e+02 5.290802764892578125e+01 1.339311523437500000e+02 1.772812194824218750e+02 4.089531250000000000e+03 1.452815246582031250e+02 1.213690719604492188e+02 1.270633544921875000e+03 3.453877868652343750e+02 2.706072998046875000e+02 3.331135559082031250e+02 5.356547851562500000e+02 1.048780975341796875e+02 2.128570404052734375e+02 3.979174194335937500e+02
9.576473999023437500e+01 4.807269592285156250e+02 5.023965454101562500e+01 1.339507904052734375e+02 1.741062469482421875e+02 4.120352539062500000e+03 1.426002502441406250e+02 1.196573867797851562e+02 1.296416748046875000e+03 3.454251098632812500e+02 2.660601806640625000e+02 3.269924926757812500e+02 5.503820190429687500e+02 1.026291198730468750e+02 2.076620483398437500e+02 4.032049560546875000e+02
1.001303024291992188e+02 4.694799499511718750e+02 4.884983062744140625e+01 1.339355468750000000e+02 1.691109771728515625e+02 4.087051269531250000e+03 1.422488098144531250e+02 1.190423126220703125e+02 1.281448242187500000e+03 3.332468261718750000e+02 2.645216674804687500e+02 3.192420043945312500e+02 5.560701904296875000e+02 1.063235168457031250e+02 2.006745300292968750e+02 4.021611938476562500e+02
1.052072601318359375e+02 4.690674438476562500e+02 5.076501846313476562e+01 1.346460876464843750e+02 1.696995849609375000e+02 4.167073730468750000e+03 1.435144042968750000e+02 1.200774841308593750e+02 1.251586547851562500e+03 3.317829895019531250e+02 2.689952392578125000e+02 3.116634826660156250e+02 5.539479370117187500e+02 1.096308135986328125e+02 1.970550384521484375e+02 4.086843566894531250e+02
1.012714385986328125e+02 4.741156311035156250e+02 5.264212036132812500e+01 1.390549316406250000e+02 1.715310363769531250e+02 4.222084472656250000e+03 1.424516754150390625e+02 1.207242050170898438e+02 1.275347412109375000e+03 3.368039550781250000e+02 2.800079345703125000e+02 3.136963500976562500e+02 5.443476562500000000e+02 1.115282287597656250e+02 1.981820068359375000e+02 4.152286071777343750e+02
