1.084544525146484375e+02 4.463361816406250000e+02 6.959969329833984375e+01 1.090303955078125000e+02 1.228055725097656250e+02 3.230958496093750000e+03 1.469750976562500000e+02 1.500869903564453125e+02 1.607793212890625000e+03 3.190840454101562500e+02 2.529934692382812500e+02 3.432883300781250000e+02 5.030706176757812500e+02 1.157752685546875000e+02 2.536136169433593750e+02 3.229102172851562500e+02
8.301017761230468750e+01 4.530281982421875000e+02 6.940718078613281250e+01 1.067093200683593750e+02 1.255685501098632812e+02 3.291316894531250000e+03 1.489678039550781250e+02 1.477249450683593750e+02 1.522927978515625000e+03 3.147128295898437500e+02 2.603344726562500000e+02 3.462294006347656250e+02 4.905580444335937500e+02 1.092691268920898438e+02 2.566672363281250000e+02 3.369659423828125000e+02
7.881135559082031250e+01 4.571165771484375000e+02 6.538745117187500000e+01 1.028527832031250000e+02 1.278915023803710938e+02 3.319916503906250000e+03 1.539403076171875000e+02 1.511579742431640625e+02 1.622502319335937500e+03 3.149058532714843750e+02 2.535218200683593750e+02 3.422908935546875000e+02 4.716851196289062500e+02 1.046324768066406250e+02 2.511007995605468750e+02 3.301434326171875000e+02
1.037306060791015625e+02 4.627515258789062500e+02 5.463233947753906250e+01 9.867933654785156250e+01 1.280114440917968750e+02 3.313970703125000000e+03 1.454754791259765625e+02 1.394502258300781250e+02 1.569737304687500000e+03 3.160983581542968750e+02 2.427667541503906250e+02 3.407431640625000000e+02 4.839082031250000000e+02 1.239138946533203125e+02 2.482151489257812500e+02 3.133811645507812500e+02
8.647091674804687500e+01 4.827653198242187500e+02 6.015648651123046875e+01 9.640365600585937500e+01 1.291229858398437500e+02 3.429628906250000000e+03 1.475406188964843750e+02 1.462053070068359375e+02 1.487462402343750000e+03 3.590093383789062500e+02 2.685003967285156250e+02 3.484125366210937500e+02 4.758605346679687500e+02 1.200592422485351562e+02 2.516617736816406250e+02 3.221584472656250000e+02
7.889305114746093750e+01 4.561992797851562500e+02 5.917850112915039062e+01 9.676994323730468750e+01 1.301317443847656250e+02 3.264031250000000000e+03 1.408840637207031250e+02 1.644746398925781250e+02 1.498486694335937500e+03 3.436455078125000000e+02 2.655203247070312500e+02 3.439791870117187500e+02 4.712248535156250000e+02 1.149660797119140625e+02 2.466782226562500000e+02 3.393710937500000000e+02
7.741740417480468750e+01 5.264016723632812500e+02 5.646268844604492188e+01 9.671687316894531250e+01 1.305105895996093750e+02 3.217406738281250000e+03 1.772273559570312500e+02 1.609865417480468750e+02 1.484204467773437500e+03 3.739966735839843750e+02 3.124152832031250000e+02 3.502233276367187500e+02 4.862107543945312500e+02 1.077489700317382812e+02 2.656359252929687500e+02 3.305476379394531250e+02
8.143743896484375000e+01 5.177271118164062500e+02 6.379724884033203125e+01 9.851864624023437500e+01 1.311638793945312500e+02 3.190822265625000000e+03 1.496398925781250000e+02 1.678473815917968750e+02 1.515580932617187500e+03 3.406968078613281250e+02 3.302566528320312500e+02 3.516509704589843750e+02 4.826328125000000000e+02 1.109358978271484375e+02 2.150814361572265625e+02 3.271221923828125000e+02
7.625581359863281250e+01 4.890588378906250000e+02 5.576536560058593750e+01 9.500149536132812500e+01 1.324884185791015625e+02 3.181963378906250000e+03 1.636500244140625000e+02 1.424547882080078125e+02 1.498037109375000000e+03 3.247913208007812500e+02 3.069991455078125000e+02 3.407114868164062500e+02 4.786603088378906250e+02 1.102309722900390625e+02 2.326518554687500000e+02 3.303411560058593750e+02
8.903749084472656250e+01 4.767454833984375000e+02 5.424777221679687500e+01 9.421990966796875000e+01 1.350424499511718750e+02 3.197947021484375000e+03 1.468179321289062500e+02 1.633568572998046875e+02 1.447957519531250000e+03 3.223684387207031250e+02 3.117456359863281250e+02 3.536755676269531250e+02 4.712796630859375000e+02 1.102826995849609375e+02 2.309001922607421875e+02 3.215444946289062500e+02
7.473410797119140625e+01 4.991489868164062500e+02 6.302084350585937500e+01 9.148936462402343750e+01 1.357371520996093750e+02 3.092250732421875000e+03 1.471616973876953125e+02 1.554109802246093750e+02 1.414242309570312500e+03 3.487156066894531250e+02 3.173272705078125000e+02 3.472841796875000000e+02 4.729886474609375000e+02 1.006734771728515625e+02 2.408500823974609375e+02 3.386987915039062500e+02
7.235215759277343750e+01 4.977739868164062500e+02 5.067844390869140625e+01 9.010769653320312500e+01 1.359768066406250000e+02 3.029970703125000000e+03 1.447859954833984375e+02 1.452733459472656250e+02 1.375903808593750000e+03 3.589361572265625000e+02 3.228383789062500000e+02 3.396503295898437500e+02 4.799142456054687500e+02 1.124104461669921875e+02 2.219545288085937500e+02 3.277991638183593750e+02
7.311763000488281250e+01 4.835696411132812500e+02 4.724832534790039062e+01 8.174674987792968750e+01 1.359908752441406250e+02 2.990823730468750000e+03 1.375282897949218750e+02 1.468168487548828125e+02 1.456837646484375000e+03 3.531856994628906250e+02 3.033818969726562500e+02 3.376673278808593750e+02 4.676958007812500000e+02 1.115082626342773438e+02 2.428644256591796875e+02 3.549716491699218750e+02
9.511511230468750000e+01 4.651013183593750000e+02 5.109197998046875000e+01 6.754690551757812500e+01 1.342758789062500000e+02 2.851390625000000000e+03 1.316357116699218750e+02 1.517496032714843750e+02 1.323196777343750000e+03 3.022440795898437500e+02 2.803380737304687500e+02 3.322259521484375000e+02 4.704604492187500000e+02 1.103189849853515625e+02 2.116026611328125000e+02 3.446616516113281250e+02
6.425316619873046875e+01 4.235206909179687500e+02 4.253204727172851562e+01 5.896710205078125000e+01 1.341947937011718750e+02 2.858259521484375000e+03 1.307344055175781250e+02 1.363503723144531250e+02 1.275438354492187500e+03 3.293204040527343750e+02 2.556724853515625000e+02 3.199757690429687500e+02 4.463660888671875000e+02 1.009297027587890625e+02 2.097195587158203125e+02 3.427501831054687500e+02
6.119660186767578125e+01 4.127249755859375000e+02 3.098592376708984375e+01 5.555358886718750000e+01 1.182254867553710938e+02 2.817944091796875000e+03 1.224278259277343750e+02 1.236149063110351562e+02 1.140698852539062500e+03 3.343495788574218750e+02 2.427586669921875000e+02 2.995780029296875000e+02 3.902766723632812500e+02 1.002674560546875000e+02 2.000717773437500000e+02 3.270234985351562500e+02
7.314418792724609375e+01 4.239713745117187500e+02 4.186670684814453125e+01 5.663655090332031250e+01 1.267563781738281250e+02 2.803303222656250000e+03 1.293731079101562500e+02 1.427139282226562500e+02 1.257670043945312500e+03 3.511855773925781250e+02 2.580502929687500000e+02 3.104369201660156250e+02 4.001505432128906250e+02 1.082205429077148438e+02 1.937613525390625000e+02 3.463461608886718750e+02
6.059909820556640625e+01 4.135297851562500000e+02 4.307637023925781250e+01 5.531446838378906250e+01 1.074450225830078125e+02 2.747103515625000000e+03 1.289626007080078125e+02 1.273068618774414062e+02 1.245506103515625000e+03 3.483477783203125000e+02 2.404451446533203125e+02 2.921300048828125000e+02 3.875881042480468750e+02 1.002514495849609375e+02 1.980155639648437500e+02 3.596285705566406250e+02
6.226125335693359375e+01 4.131830444335937500e+02 4.388398742675781250e+01 5.422781372070312500e+01 1.174420242309570312e+02 2.746665283203125000e+03 1.275668716430664062e+02 1.327651824951171875e+02 1.190373657226562500e+03 3.223218383789062500e+02 2.505196228027343750e+02 2.897374572753906250e+02 3.882048950195312500e+02 1.116072082519531250e+02 2.124180145263671875e+02 3.739811401367187500e+02
6.612478637695312500e+01 4.013132324218750000e+02 3.918842315673828125e+01 6.222744750976562500e+01 1.130638427734375000e+02 2.848038574218750000e+03 1.225119400024414062e+02 1.367742614746093750e+02 1.230367431640625000e+03 3.399366760253906250e+02 2.614839172363281250e+02 2.901416320800781250e+02 3.781798400878906250e+02 1.121397552490234375e+02 2.125824279785156250e+02 3.698869628906250000e+02
8.532055664062500000e+01 3.934360046386718750e+02 3.349832534790039062e+01 5.865834045410156250e+01 1.002261505126953125e+02 2.833345703125000000e+03 1.284449768066406250e+02 1.252419204711914062e+02 1.134373291015625000e+03 3.061253356933593750e+02 2.386082153320312500e+02 2.802303466796875000e+02 3.420117797851562500e+02 1.028606872558593750e+02 1.964292297363281250e+02 3.568107910156250000e+02
7.324492645263671875e+01 3.956395874023437500e+02 4.503414154052734375e+01 7.896894836425781250e+01 9.931606292724609375e+01 3.046912841796875000e+03 1.230381546020507812e+02 1.291999206542968750e+02 1.316451293945312500e+03 3.041838989257812500e+02 2.480527496337890625e+02 2.820736694335937500e+02 3.073482055664062500e+02 9.548797607421875000e+01 1.788332519531250000e+02 3.227877197265625000e+02
1.008824005126953125e+02 5.258305664062500000e+02 8.566098785400390625e+01 1.429036254882812500e+02 1.317140808105468750e+02 4.016704345703125000e+03 1.607195739746093750e+02 1.676331787109375000e+02 1.497626586914062500e+03 3.852201538085937500e+02 3.237476806640625000e+02 3.205874938964843750e+02 5.390847778320312500e+02 1.219352951049804688e+02 2.324755249023437500e+02 4.078281555175781250e+02
1.007157135009765625e+02 5.200103759765625000e+02 6.870390319824218750e+01 1.476784362792968750e+02 1.281052551269531250e+02 3.549351562500000000e+03 1.562302246093750000e+02 1.675686187744140625e+02 1.459192749023437500e+03 4.368197021484375000e+02 3.229421997070312500e+02 3.014488525390625000e+02 5.243134155273437500e+02 1.196335830688476562e+02 2.232284240722656250e+02 3.916816406250000000e+02
9.234970092773437500e+01 4.874699096679687500e+02 5.464527511596679688e+01 1.319353637695312500e+02 1.349841918945312500e+02 4.164563964843750000e+03 1.438602905273437500e+02 1.590515747070312500e+02 1.449325073242187500e+03 4.302171020507812500e+02 2.997055664062500000e+02 3.157559814453125000e+02 5.503005981445312500e+02 1.145284423828125000e+02 2.266576538085937500e+02 3.761506042480468750e+02
8.401963806152343750e+01 4.428458251953125000e+02 4.716691589355468750e+01 1.244199142456054688e+02 1.316590576171875000e+02 3.790551025390625000e+03 1.441149749755859375e+02 1.470578613281250000e+02 1.341525878906250000e+03 4.028215332031250000e+02 2.851675415039062500e+02 3.106486816406250000e+02 5.362178955078125000e+02 1.104892654418945312e+02 2.071562042236328125e+02 3.617372131347656250e+02
7.675253295898437500e+01 4.336531066894531250e+02 4.855837631225585938e+01 1.246782302856445312e+02 1.321238403320312500e+02 3.755911376953125000e+03 1.411118469238281250e+02 1.386028137207031250e+02 1.361825439453125000e+03 3.602887878417968750e+02 2.782318115234375000e+02 3.138880310058593750e+02 5.264641723632812500e+02 1.071090316772460938e+02 2.013913879394531250e+02 3.662125244140625000e+02
8.396964263916015625e+01 4.560881652832031250e+02 4.936095428466796875e+01 1.311698303222656250e+02 1.269530563354492188e+02 4.025284912109375000e+03 1.364702148437500000e+02 1.363096313476562500e+02 1.416363037109375000e+03 3.910768127441406250e+02 2.918668823242187500e+02 3.235493469238281250e+02 5.313484497070312500e+02 1.018141708374023438e+02 2.142178497314453125e+02 3.825633544921875000e+02
7.741696166992187500e+01 4.629839172363281250e+02 5.219079971313476562e+01 1.355352478027343750e+02 1.255377807617187500e+02 3.888790771484375000e+03 1.400708007812500000e+02 1.487887573242187500e+02 1.427099731445312500e+03 4.009232788085937500e+02 2.756503906250000000e+02 3.233642578125000000e+02 5.353664550781250000e+02 1.074135894775390625e+02 1.990469207763671875e+02 3.785695495605468750e+02
8.564671325683593750e+01 4.669720458984375000e+02 4.312644958496093750e+01 1.346114807128906250e+02 1.224377365112304688e+02 3.709444580078125000e+03 1.484838256835937500e+02 1.450136718750000000e+02 1.407209106445312500e+03 3.567321166992187500e+02 2.779226684570312500e+02 3.197026367187500000e+02 5.191053466796875000e+02 1.092812805175781250e+02 1.858735351562500000e+02 3.749474487304687500e+02
8.100193786621093750e+01 4.879189453125000000e+02 4.769112396240234375e+01 1.436284179687500000e+02 1.237199935913085938e+02 3.707058593750000000e+03 1.446407165527343750e+02 1.634254760742187500e+02 1.413222167968750000e+03 3.723398132324218750e+02 2.831177978515625000e+02 3.226601867675781250e+02 5.225831298828125000e+02 1.007364196777343750e+02 1.777523956298828125e+02 3.606097412109375000e+02
8.038603210449218750e+01 4.588500366210937500e+02 4.925198364257812500e+01 1.409669494628906250e+02 1.226209182739257812e+02 3.500566894531250000e+03 1.372480163574218750e+02 1.485868072509765625e+02 1.322753906250000000e+03 3.638093261718750000e+02 2.755404052734375000e+02 3.228242187500000000e+02 5.336895141601562500e+02 1.056591796875000000e+02 1.991744689941406250e+02 3.554729919433593750e+02
8.058326721191406250e+01 4.614776611328125000e+02 4.903700256347656250e+01 1.479614562988281250e+02 1.217483444213867188e+02 3.632051269531250000e+03 1.366927947998046875e+02 1.395897369384765625e+02 1.411472900390625000e+03 3.835716552734375000e+02 2.758065490722656250e+02 3.215288391113281250e+02 5.322419433593750000e+02 1.075345153808593750e+02 2.018038330078125000e+02 3.582034606933593750e+02
9.572055053710937500e+01 4.521854858398437500e+02 4.926898956298828125e+01 1.420475463867187500e+02 1.162760620117187500e+02 3.518020019531250000e+03 1.431757812500000000e+02 1.430702362060546875e+02 1.341163574218750000e+03 3.400829467773437500e+02 2.677984619140625000e+02 3.166599426269531250e+02 5.513666992187500000e+02 1.024049224853515625e+02 2.021963500976562500e+02 3.633452148437500000e+02
8.572834777832031250e+01 4.838606567382812500e+02 4.977327346801757812e+01 1.482144775390625000e+02 1.137884216308593750e+02 3.735698974609375000e+03 1.573736267089843750e+02 1.508370971679687500e+02 1.490933715820312500e+03 3.467221374511718750e+02 2.857724609375000000e+02 3.078319091796875000e+02 5.633145141601562500e+02 1.011980895996093750e+02 2.177601318359375000e+02 3.527561950683593750e+02
8.811211395263671875e+01 4.687196655273437500e+02 4.495569992065429688e+01 1.302139129638671875e+02 1.064771728515625000e+02 3.702002197265625000e+03 1.526778564453125000e+02 1.461205444335937500e+02 1.362813476562500000e+03 3.474874877929687500e+02 2.668314819335937500e+02 3.036242065429687500e+02 5.161408081054687500e+02 9.664744567871093750e+01 2.137447204589843750e+02 3.654713134765625000e+02
9.587796783447265625e+01 4.683571166992187500e+02 4.457507324218750000e+01 1.235294036865234375e+02 1.109580612182617188e+02 3.691816894531250000e+03 1.486618804931640625e+02 1.461936645507812500e+02 1.419411254882812500e+03 3.663526916503906250e+02 2.578069458007812500e+02 3.144180297851562500e+02 5.209104614257812500e+02 1.014275665283203125e+02 2.103838958740234375e+02 3.626007995605468750e+02
8.802987670898437500e+01 4.540636291503906250e+02 3.837312316894531250e+01 1.155838623046875000e+02 1.099073333740234375e+02 3.500667968750000000e+03 1.408100585937500000e+02 1.396433715820312500e+02 1.450577880859375000e+03 3.701680908203125000e+02 2.645935058593750000e+02 3.109334106445312500e+02 5.287186889648437500e+02 9.857183837890625000e+01 1.974379425048828125e+02 3.475227966308593750e+02
7.418585968017578125e+01 4.512134094238281250e+02 4.612528228759765625e+01 1.141184234619140625e+02 1.124966430664062500e+02 3.752371337890625000e+03 1.409279174804687500e+02 1.326238555908203125e+02 1.468962036132812500e+03 3.477161254882812500e+02 2.567918395996093750e+02 3.095846557617187500e+02 5.293281860351562500e+02 1.134622726440429688e+02 2.042055969238281250e+02 3.268548583984375000e+02
8.578340911865234375e+01 4.540763244628906250e+02 5.750243759155273438e+01 1.175506439208984375e+02 1.132938079833984375e+02 3.715865722656250000e+03 1.394142456054687500e+02 1.404967041015625000e+02 1.446184326171875000e+03 3.247794799804687500e+02 2.501095428466796875e+02 3.186413269042968750e+02 5.265127563476562500e+02 1.241075820922851562e+02 2.269267272949218750e+02 3.320650329589843750e+02
9.502901458740234375e+01 4.983410034179687500e+02 5.929207611083984375e+01 1.316567382812500000e+02 1.143704681396484375e+02 3.698399169921875000e+03 1.383518371582031250e+02 1.496358337402343750e+02 1.417372802734375000e+03 3.184555053710937500e+02 2.812243041992187500e+02 3.228931274414062500e+02 5.047733459472656250e+02 1.251806259155273438e+02 2.549701690673828125e+02 3.625374145507812500e+02
7.911058807373046875e+01 4.548663330078125000e+02 5.720428466796875000e+01 1.166478424072265625e+02 1.148695373535156250e+02 3.606925292968750000e+03 1.492201232910156250e+02 1.327908477783203125e+02 1.439767211914062500e+03 3.138065185546875000e+02 2.668994140625000000e+02 3.183607177734375000e+02 5.121648559570312500e+02 1.198187255859375000e+02 2.564662780761718750e+02 3.583171997070312500e+02
9.889016723632812500e+01 4.724199829101562500e+02 5.859342193603515625e+01 1.265707931518554688e+02 1.154778137207031250e+02 3.756355957031250000e+03 1.514326782226562500e+02 1.353852539062500000e+02 1.434789306640625000e+03 3.400622558593750000e+02 2.721242370605468750e+02 3.231233215332031250e+02 5.293184204101562500e+02 1.286582946777343750e+02 2.498007049560546875e+02 3.757034912109375000e+02
9.308589935302734375e+01 4.806049194335937500e+02 5.819696426391601562e+01 1.458289184570312500e+02 1.127773361206054688e+02 3.734324462890625000e+03 1.470895996093750000e+02 1.369913635253906250e+02 1.712445922851562500e+03 3.227935791015625000e+02 2.862690429687500000e+02 3.227268066406250000e+02 5.393218994140625000e+02 1.233836059570312500e+02 2.562861938476562500e+02 3.847488403320312500e+02
8.655043029785156250e+01 4.468029174804687500e+02 5.774148178100585938e+01 1.246971206665039062e+02 1.124087371826171875e+02 3.651636230468750000e+03 1.397951965332031250e+02 1.320667114257812500e+02 1.674622314453125000e+03 3.129498901367187500e+02 2.597587890625000000e+02 3.175228576660156250e+02 5.134318237304687500e+02 1.092835159301757812e+02 2.502743682861328125e+02 3.793884582519531250e+02
1.000504379272460938e+02 4.563446350097656250e+02 6.320797729492187500e+01 1.245714569091796875e+02 1.145930099487304688e+02 3.609004394531250000e+03 1.445916748046875000e+02 1.348330993652343750e+02 1.645551513671875000e+03 3.122468872070312500e+02 2.631649780273437500e+02 3.215358276367187500e+02 5.230957641601562500e+02 1.405650482177734375e+02 2.615988464355468750e+02 3.603469238281250000e+02
1.008056335449218750e+02 4.834754638671875000e+02 6.255009841918945312e+01 1.337900695800781250e+02 1.257214508056640625e+02 3.894220214843750000e+03 1.562947692871093750e+02 1.310573120117187500e+02 1.703880859375000000e+03 3.280652770996093750e+02 2.845475158691406250e+02 3.212089843750000000e+02 5.303140258789062500e+02 1.422294158935546875e+02 2.458221740722656250e+02 3.963948059082031250e+02
8.302463531494140625e+01 4.765709228515625000e+02 5.161713409423828125e+01 1.208959808349609375e+02 1.249537277221679688e+02 3.640283935546875000e+03 1.422902832031250000e+02 1.282584838867187500e+02 1.696387817382812500e+03 3.235592651367187500e+02 2.573295898437500000e+02 3.167957458496093750e+02 5.251655273437500000e+02 1.156436462402343750e+02 2.583117370605468750e+02 3.812387390136718750e+02
8.188003540039062500e+01 4.428697204589843750e+02 3.442911148071289062e+01 1.247745132446289062e+02 1.213386535644531250e+02 3.848316406250000000e+03 1.382081604003906250e+02 1.314696502685546875e+02 1.540679321289062500e+03 3.244748535156250000e+02 2.536456909179687500e+02 2.988789062500000000e+02 4.930112304687500000e+02 1.189052886962890625e+02 2.564300537109375000e+02 3.583178100585937500e+02
7.917889404296875000e+01 4.387080688476562500e+02 3.440261459350585938e+01 1.188091278076171875e+02 1.189923171997070312e+02 3.806137695312500000e+03 1.391070556640625000e+02 1.246603012084960938e+02 1.628956176757812500e+03 3.251193237304687500e+02 2.528019714355468750e+02 2.943892517089843750e+02 4.866458129882812500e+02 1.287374114990234375e+02 2.246323547363281250e+02 3.638688964843750000e+02
7.541805267333984375e+01 4.947208251953125000e+02 4.973576354980468750e+01 1.433228912353515625e+02 1.278621139526367188e+02 4.029653076171875000e+03 1.392756042480468750e+02 1.318644256591796875e+02 1.575703857421875000e+03 3.527239074707031250e+02 2.625365905761718750e+02 3.267606811523437500e+02 4.841598205566406250e+02 1.158212127685546875e+02 2.479944152832031250e+02 3.758595886230468750e+02
8.383772277832031250e+01 4.690513305664062500e+02 5.188614273071289062e+01 1.202871398925781250e+02 1.301169891357421875e+02 3.838148925781250000e+03 1.392395935058593750e+02 1.289745788574218750e+02 1.434536743164062500e+03 4.076291198730468750e+02 2.665674438476562500e+02 3.300153503417968750e+02 4.785381469726562500e+02 1.140685348510742188e+02 2.499802398681640625e+02 3.830415344238281250e+02
7.570397949218750000e+01 4.961578369140625000e+02 4.525237274169921875e+01 1.118962249755859375e+02 1.316153564453125000e+02 3.959927490234375000e+03 1.343194274902343750e+02 1.254307174682617188e+02 1.402527954101562500e+03 3.713787231445312500e+02 2.590239868164062500e+02 3.156602783203125000e+02 4.579560546875000000e+02 1.082501449584960938e+02 2.508744049072265625e+02 3.856831970214843750e+02
8.862008666992187500e+01 4.898403930664062500e+02 4.815342712402343750e+01 1.155935058593750000e+02 1.310452117919921875e+02 4.000398925781250000e+03 1.345767517089843750e+02 1.261263198852539062e+02 1.461116333007812500e+03 3.773747558593750000e+02 2.845679931640625000e+02 3.310941162109375000e+02 4.735230407714843750e+02 1.056489105224609375e+02 2.532527465820312500e+02 3.941823120117187500e+02
8.715820312500000000e+01 4.890336914062500000e+02 5.049631118774414062e+01 1.417873535156250000e+02 1.315503845214843750e+02 4.215832519531250000e+03 1.343133239746093750e+02 1.246421508789062500e+02 1.459783325195312500e+03 3.422822875976562500e+02 2.698258666992187500e+02 3.152631225585937500e+02 4.795983276367187500e+02 1.056477203369140625e+02 2.409388732910156250e+02 4.084412841796875000e+02
9.707253265380859375e+01 4.763170166015625000e+02 5.410311126708984375e+01 1.245587158203125000e+02 1.314068908691406250e+02 4.440572753906250000e+03 1.411314697265625000e+02 1.256166000366210938e+02 1.406330200195312500e+03 3.428619384765625000e+02 2.668559570312500000e+02 3.216090087890625000e+02 4.867803955078125000e+02 1.115796051025390625e+02 2.201700897216796875e+02 4.199784240722656250e+02
8.148072052001953125e+01 4.548737487792968750e+02 4.659679412841796875e+01 1.224911193847656250e+02 1.328233795166015625e+02 4.359097656250000000e+03 1.611040344238281250e+02 1.239998092651367188e+02 1.321033325195312500e+03 3.744064025878906250e+02 2.550464782714843750e+02 3.234689636230468750e+02 4.802966918945312500e+02 1.203883590698242188e+02 2.083462524414062500e+02 3.649187622070312500e+02
1.042312316894531250e+02 4.326102294921875000e+02 4.105784606933593750e+01 1.147944183349609375e+02 1.338946838378906250e+02 4.019807128906250000e+03 1.385490417480468750e+02 1.240936889648437500e+02 1.307083618164062500e+03 3.316130371093750000e+02 2.458789672851562500e+02 2.909747314453125000e+02 4.686551818847656250e+02 1.075429840087890625e+02 1.961018829345703125e+02 3.594185791015625000e+02
8.614443206787109375e+01 4.461766357421875000e+02 3.912651062011718750e+01 1.172805938720703125e+02 1.343843383789062500e+02 4.570457031250000000e+03 1.371251068115234375e+02 1.253082427978515625e+02 1.451942382812500000e+03 3.492192993164062500e+02 2.455985260009765625e+02 3.005296630859375000e+02 4.851750183105468750e+02 1.005328369140625000e+02 2.056802368164062500e+02 4.092302246093750000e+02
1.042394714355468750e+02 4.308877563476562500e+02 4.246440124511718750e+01 1.127758941650390625e+02 1.339183959960937500e+02 4.558842285156250000e+03 1.382398986816406250e+02 1.248404006958007812e+02 1.268376708984375000e+03 3.291316223144531250e+02 2.400610046386718750e+02 2.981574707031250000e+02 4.902715454101562500e+02 1.163603897094726562e+02 1.920460205078125000e+02 3.847596435546875000e+02
1.061609954833984375e+02 4.416788330078125000e+02 5.223425674438476562e+01 1.132417297363281250e+02 1.344986267089843750e+02 4.659120605468750000e+03 1.385283508300781250e+02 1.239376602172851562e+02 1.254367553710937500e+03 3.431552734375000000e+02 2.525399322509765625e+02 2.998884887695312500e+02 4.916336669921875000e+02 1.118868255615234375e+02 1.908428955078125000e+02 4.099898376464843750e+02
