1.159979782104492188e+02 5.347008056640625000e+02 6.091767501831054688e+01 1.700209045410156250e+02 1.200175094604492188e+02 3.450172363281250000e+03 1.675158843994140625e+02 1.812450866699218750e+02 1.502702880859375000e+03 3.741966247558593750e+02 3.228658752441406250e+02 3.434726562500000000e+02 4.526740112304687500e+02 1.269384307861328125e+02 2.504315185546875000e+02 3.903060302734375000e+02
1.001396560668945312e+02 5.547696533203125000e+02 6.088956069946289062e+01 1.729502868652343750e+02 1.239042129516601562e+02 3.623950195312500000e+03 1.771194152832031250e+02 1.811450195312500000e+02 1.446395874023437500e+03 3.625317687988281250e+02 3.436065368652343750e+02 3.452833862304687500e+02 4.641909179687500000e+02 1.154815902709960938e+02 2.514928894042968750e+02 3.997491455078125000e+02
9.487290954589843750e+01 5.560286865234375000e+02 5.889363861083984375e+01 1.718448181152343750e+02 1.254282302856445312e+02 3.409494873046875000e+03 1.792632904052734375e+02 1.833019714355468750e+02 1.518320190429687500e+03 3.686023559570312500e+02 3.383632202148437500e+02 3.440100097656250000e+02 4.273525085449218750e+02 1.105940704345703125e+02 2.498762512207031250e+02 3.938758544921875000e+02
1.176642456054687500e+02 5.573405761718750000e+02 5.258044815063476562e+01 1.672751770019531250e+02 1.261505279541015625e+02 3.327298828125000000e+03 1.717098236083984375e+02 1.729364471435546875e+02 1.477036010742187500e+03 3.803592834472656250e+02 3.206367187500000000e+02 3.426822509765625000e+02 4.548471679687500000e+02 1.272814941406250000e+02 2.434686584472656250e+02 3.749851379394531250e+02
1.075697326660156250e+02 5.652578125000000000e+02 5.460198593139648438e+01 1.649631958007812500e+02 1.273512115478515625e+02 3.477373779296875000e+03 1.770193481445312500e+02 1.793032836914062500e+02 1.450583862304687500e+03 4.012613220214843750e+02 3.481557006835937500e+02 3.480266723632812500e+02 4.261192932128906250e+02 1.243290023803710938e+02 2.460283355712890625e+02 3.906455078125000000e+02
9.450877380371093750e+01 5.533811035156250000e+02 5.341278839111328125e+01 1.666689147949218750e+02 1.278837051391601562e+02 3.289229980468750000e+03 1.684740905761718750e+02 1.866994476318359375e+02 1.469697753906250000e+03 3.956907348632812500e+02 3.452536621093750000e+02 3.435023193359375000e+02 4.151479492187500000e+02 1.214607086181640625e+02 2.387271881103515625e+02 3.971124877929687500e+02
9.386148834228515625e+01 5.774395141601562500e+02 5.267491912841796875e+01 1.614920043945312500e+02 1.283110656738281250e+02 3.275319824218750000e+03 1.864676055908203125e+02 1.841851654052734375e+02 1.472915405273437500e+03 4.066941528320312500e+02 3.555118713378906250e+02 3.487831115722656250e+02 4.536751708984375000e+02 1.211090469360351562e+02 2.470966186523437500e+02 3.918594665527343750e+02
1.016919021606445312e+02 5.612416992187500000e+02 5.619001007080078125e+01 1.745254669189453125e+02 1.296688079833984375e+02 3.112319091796875000e+03 1.737203979492187500e+02 1.835345764160156250e+02 1.482435913085937500e+03 3.845059509277343750e+02 3.594858703613281250e+02 3.502918090820312500e+02 4.674847106933593750e+02 1.188492507934570312e+02 2.178939361572265625e+02 3.861103515625000000e+02
9.568016052246093750e+01 5.425128173828125000e+02 4.927618026733398438e+01 1.619659118652343750e+02 1.325142517089843750e+02 3.093377685546875000e+03 1.767149963378906250e+02 1.676961975097656250e+02 1.444230712890625000e+03 3.771328125000000000e+02 3.405814208984375000e+02 3.418494262695312500e+02 4.524418029785156250e+02 1.174728012084960938e+02 2.226135864257812500e+02 3.822796020507812500e+02
1.053486328125000000e+02 5.396573486328125000e+02 5.003617095947265625e+01 1.714559936523437500e+02 1.323986816406250000e+02 3.082885253906250000e+03 1.709909515380859375e+02 1.803590698242187500e+02 1.413531494140625000e+03 3.681820373535156250e+02 3.433946533203125000e+02 3.512998962402343750e+02 4.062496337890625000e+02 1.180496292114257812e+02 2.233511505126953125e+02 3.764299316406250000e+02
9.562435913085937500e+01 5.502564697265625000e+02 5.488436508178710938e+01 1.587365722656250000e+02 1.331358795166015625e+02 2.943028076171875000e+03 1.699154968261718750e+02 1.761889038085937500e+02 1.397833496093750000e+03 3.770140380859375000e+02 3.410599975585937500e+02 3.505097961425781250e+02 4.383814392089843750e+02 1.129795150756835938e+02 2.315178527832031250e+02 3.839641723632812500e+02
8.682493591308593750e+01 5.313054809570312500e+02 4.784533691406250000e+01 1.491361999511718750e+02 1.335167846679687500e+02 2.879528808593750000e+03 1.665609741210937500e+02 1.675345153808593750e+02 1.379752929687500000e+03 3.814758911132812500e+02 3.423654479980468750e+02 3.434132995605468750e+02 3.993101196289062500e+02 1.179110260009765625e+02 2.206585235595703125e+02 3.741647949218750000e+02
9.296259307861328125e+01 5.101185302734375000e+02 4.504821014404296875e+01 1.373587188720703125e+02 1.274384155273437500e+02 2.867241210937500000e+03 1.535005645751953125e+02 1.614773254394531250e+02 1.400957519531250000e+03 3.795816650390625000e+02 3.246926574707031250e+02 3.390114135742187500e+02 3.806609497070312500e+02 1.155464477539062500e+02 2.339530487060546875e+02 3.856678771972656250e+02
9.804490661621093750e+01 4.895745544433593750e+02 4.076579284667968750e+01 1.195164337158203125e+02 1.178887100219726562e+02 2.853793701171875000e+03 1.466387939453125000e+02 1.588497924804687500e+02 1.288331787109375000e+03 3.331464233398437500e+02 2.986063842773437500e+02 3.150628662109375000e+02 3.348981933593750000e+02 1.113333435058593750e+02 1.990069732666015625e+02 3.658965454101562500e+02
7.532658386230468750e+01 4.357665710449218750e+02 2.865163803100585938e+01 1.062661437988281250e+02 1.108944549560546875e+02 2.592031738281250000e+03 1.469386291503906250e+02 1.427525329589843750e+02 1.226794921875000000e+03 3.327027587890625000e+02 2.706212158203125000e+02 2.787234497070312500e+02 3.115846862792968750e+02 1.010381546020507812e+02 1.889758300781250000e+02 3.413056030273437500e+02
6.863490295410156250e+01 4.108869018554687500e+02 2.078094863891601562e+01 9.350329589843750000e+01 1.000555572509765625e+02 2.569522705078125000e+03 1.313558349609375000e+02 1.231315841674804688e+02 1.130684204101562500e+03 3.290122070312500000e+02 2.452098388671875000e+02 2.515945281982421875e+02 3.030311584472656250e+02 1.001465835571289062e+02 1.825837860107421875e+02 3.253606262207031250e+02
8.182411193847656250e+01 4.330583496093750000e+02 3.107133865356445312e+01 9.469886779785156250e+01 1.019508132934570312e+02 2.632705566406250000e+03 1.404614868164062500e+02 1.425061035156250000e+02 1.286603027343750000e+03 3.400288391113281250e+02 2.559695434570312500e+02 2.867334594726562500e+02 3.049321899414062500e+02 1.053439254760742188e+02 1.809540557861328125e+02 3.380980529785156250e+02
6.946960449218750000e+01 4.256906127929687500e+02 3.269680786132812500e+01 9.606393432617187500e+01 9.879847717285156250e+01 2.587952636718750000e+03 1.352149200439453125e+02 1.269429244995117188e+02 1.282928100585937500e+03 3.427525634765625000e+02 2.405895538330078125e+02 2.770915222167968750e+02 3.096898193359375000e+02 1.013090515136718750e+02 1.860193328857421875e+02 3.490989379882812500e+02
7.939160156250000000e+01 4.553051147460937500e+02 4.042596054077148438e+01 1.181797943115234375e+02 1.051497116088867188e+02 2.776369873046875000e+03 1.414092102050781250e+02 1.503763427734375000e+02 1.336447875976562500e+03 3.521632690429687500e+02 2.857618713378906250e+02 2.894825744628906250e+02 3.398702087402343750e+02 1.153493728637695312e+02 1.964245605468750000e+02 3.678186340332031250e+02
8.775296783447265625e+01 4.771623229980468750e+02 4.896238708496093750e+01 1.500094757080078125e+02 1.107228393554687500e+02 3.242287597656250000e+03 1.482698059082031250e+02 1.697875061035156250e+02 1.414155029296875000e+03 3.892644042968750000e+02 3.259670410156250000e+02 3.053563842773437500e+02 3.580272216796875000e+02 1.253503417968750000e+02 2.106385040283203125e+02 3.961449279785156250e+02
1.112610168457031250e+02 4.995272827148437500e+02 4.951731109619140625e+01 1.534884948730468750e+02 1.150464553833007812e+02 3.133415039062500000e+03 1.559751586914062500e+02 1.574906463623046875e+02 1.330585083007812500e+03 3.810380554199218750e+02 3.011327819824218750e+02 2.821566162109375000e+02 3.575983886718750000e+02 1.226298065185546875e+02 2.132412109375000000e+02 4.023301696777343750e+02
1.072743835449218750e+02 5.218647460937500000e+02 6.221378326416015625e+01 1.885201416015625000e+02 1.212486038208007812e+02 3.242878906250000000e+03 1.643151702880859375e+02 1.735317230224609375e+02 1.507571655273437500e+03 3.564193725585937500e+02 3.404579467773437500e+02 3.163703613281250000e+02 3.632073364257812500e+02 1.201652221679687500e+02 2.056739501953125000e+02 3.938056945800781250e+02
9.486378479003906250e+01 5.021035461425781250e+02 5.465082168579101562e+01 1.603461303710937500e+02 9.210227203369140625e+01 3.156315429687500000e+03 1.628260803222656250e+02 1.605391387939453125e+02 1.406347167968750000e+03 3.628065490722656250e+02 3.074411010742187500e+02 2.709203491210937500e+02 4.100906982421875000e+02 1.168241577148437500e+02 2.064209289550781250e+02 3.662806091308593750e+02
1.024730758666992188e+02 5.150581054687500000e+02 5.993877029418945312e+01 1.808006591796875000e+02 1.167696228027343750e+02 3.593981201171875000e+03 1.692591857910156250e+02 1.683188476562500000e+02 1.466341674804687500e+03 4.455331726074218750e+02 3.244432983398437500e+02 2.798659973144531250e+02 5.359244384765625000e+02 1.193063125610351562e+02 2.167794647216796875e+02 3.803190917968750000e+02
9.352500915527343750e+01 4.907877502441406250e+02 5.739310455322265625e+01 1.641940002441406250e+02 1.187338409423828125e+02 4.065081787109375000e+03 1.562502746582031250e+02 1.646251831054687500e+02 1.556129150390625000e+03 4.323182373046875000e+02 3.068894653320312500e+02 3.063898620605468750e+02 5.515220336914062500e+02 1.168467941284179688e+02 2.325664672851562500e+02 3.798711853027343750e+02
9.074191284179687500e+01 4.705599060058593750e+02 4.846499633789062500e+01 1.516518859863281250e+02 1.100244903564453125e+02 3.564850341796875000e+03 1.574215393066406250e+02 1.514355621337890625e+02 1.366074584960937500e+03 4.050765686035156250e+02 2.914468383789062500e+02 2.918131103515625000e+02 5.405321655273437500e+02 1.107191619873046875e+02 2.145454559326171875e+02 3.568536987304687500e+02
8.737597656250000000e+01 4.739458007812500000e+02 5.366512298583984375e+01 1.496925659179687500e+02 1.145737457275390625e+02 3.401473876953125000e+03 1.548281097412109375e+02 1.512395935058593750e+02 1.382588256835937500e+03 3.452489013671875000e+02 2.869260559082031250e+02 2.908027954101562500e+02 5.336423339843750000e+02 1.083519897460937500e+02 2.003652954101562500e+02 3.605085144042968750e+02
9.066119384765625000e+01 5.133300781250000000e+02 5.795968246459960938e+01 1.569844970703125000e+02 1.246508026123046875e+02 3.420592773437500000e+03 1.529375915527343750e+02 1.508949890136718750e+02 1.489807006835937500e+03 4.038815612792968750e+02 3.174331359863281250e+02 3.143027343750000000e+02 5.348245849609375000e+02 1.083757934570312500e+02 2.259142456054687500e+02 3.985793762207031250e+02
8.728630065917968750e+01 5.131467285156250000e+02 6.704494476318359375e+01 1.533505249023437500e+02 1.252891006469726562e+02 3.469858642578125000e+03 1.536865234375000000e+02 1.619684753417968750e+02 1.555950317382812500e+03 4.117662353515625000e+02 2.951843566894531250e+02 3.114768371582031250e+02 5.396608276367187500e+02 1.180400161743164062e+02 2.124955444335937500e+02 4.072407226562500000e+02
9.642938232421875000e+01 5.062763977050781250e+02 6.189422988891601562e+01 1.488331909179687500e+02 1.267687606811523438e+02 3.322001708984375000e+03 1.585947875976562500e+02 1.531758728027343750e+02 1.540909301757812500e+03 3.491479492187500000e+02 2.941837768554687500e+02 3.015340576171875000e+02 5.377314453125000000e+02 1.218723602294921875e+02 1.944054260253906250e+02 4.055309143066406250e+02
8.872682189941406250e+01 5.454996337890625000e+02 6.658923339843750000e+01 1.698146362304687500e+02 1.341614990234375000e+02 3.405673095703125000e+03 1.543982849121093750e+02 1.838247375488281250e+02 1.552146728515625000e+03 3.740178222656250000e+02 3.127249145507812500e+02 3.173717041015625000e+02 5.351020507812500000e+02 1.088366851806640625e+02 1.905680084228515625e+02 3.939813842773437500e+02
8.856801605224609375e+01 4.828721313476562500e+02 6.749591064453125000e+01 1.586946716308593750e+02 1.341503295898437500e+02 3.359680664062500000e+03 1.517436828613281250e+02 1.622808685302734375e+02 1.371448730468750000e+03 3.617048950195312500e+02 2.934512939453125000e+02 3.109705200195312500e+02 5.394298095703125000e+02 1.125910339355468750e+02 2.146024475097656250e+02 3.882344970703125000e+02
8.875035095214843750e+01 4.845065917968750000e+02 6.727684783935546875e+01 1.767256774902343750e+02 1.278859405517578125e+02 3.932894042968750000e+03 1.520369262695312500e+02 1.518994140625000000e+02 1.484462158203125000e+03 3.888966674804687500e+02 2.940597534179687500e+02 3.110989074707031250e+02 5.366788330078125000e+02 1.173437500000000000e+02 2.202389221191406250e+02 3.884554748535156250e+02
1.083601760864257812e+02 4.775415954589843750e+02 6.649156951904296875e+01 1.605280761718750000e+02 1.206229324340820312e+02 3.771483886718750000e+03 1.535532531738281250e+02 1.532496337890625000e+02 1.347958984375000000e+03 3.407919616699218750e+02 2.904515991210937500e+02 3.093010253906250000e+02 5.327861328125000000e+02 1.084914398193359375e+02 2.218556060791015625e+02 3.948162841796875000e+02
9.231616210937500000e+01 5.153934326171875000e+02 6.689792633056640625e+01 1.599296569824218750e+02 1.240108413696289062e+02 3.733666015625000000e+03 1.669870147705078125e+02 1.628944702148437500e+02 1.481748657226562500e+03 3.381003723144531250e+02 3.061002502441406250e+02 2.977776489257812500e+02 5.354722900390625000e+02 1.049035034179687500e+02 2.284337158203125000e+02 3.750634765625000000e+02
1.009167785644531250e+02 5.187382812500000000e+02 6.210454559326171875e+01 1.587792510986328125e+02 1.042703857421875000e+02 3.676020507812500000e+03 1.674609527587890625e+02 1.631585845947265625e+02 1.337184448242187500e+03 3.526823120117187500e+02 3.003868103027343750e+02 2.913114929199218750e+02 4.601894836425781250e+02 1.079488372802734375e+02 2.260238647460937500e+02 4.066915283203125000e+02
1.161191024780273438e+02 5.149661865234375000e+02 6.023931884765625000e+01 1.540511474609375000e+02 1.057354583740234375e+02 4.041181884765625000e+03 1.616435241699218750e+02 1.631696319580078125e+02 1.418226806640625000e+03 3.770327453613281250e+02 2.976375732421875000e+02 3.050031127929687500e+02 4.646127929687500000e+02 1.115820083618164062e+02 2.165499572753906250e+02 3.987240905761718750e+02
1.048942413330078125e+02 5.038140869140625000e+02 4.870620727539062500e+01 1.514697265625000000e+02 1.054213256835937500e+02 3.555003662109375000e+03 1.560369873046875000e+02 1.581616821289062500e+02 1.479781860351562500e+03 3.867581176757812500e+02 3.006867370605468750e+02 3.054356689453125000e+02 4.628822326660156250e+02 1.109047241210937500e+02 2.021517944335937500e+02 3.774027709960937500e+02
8.787985229492187500e+01 5.054297485351562500e+02 5.526123046875000000e+01 1.507891235351562500e+02 1.129342422485351562e+02 3.598470214843750000e+03 1.558021545410156250e+02 1.556008148193359375e+02 1.504786499023437500e+03 3.664693298339843750e+02 2.971724853515625000e+02 2.994622192382812500e+02 4.656516723632812500e+02 1.232999267578125000e+02 2.068235321044921875e+02 3.608785095214843750e+02
9.894439697265625000e+01 5.200664062500000000e+02 6.271021270751953125e+01 1.535450744628906250e+02 1.115262832641601562e+02 3.671562500000000000e+03 1.552796783447265625e+02 1.609638061523437500e+02 1.446097167968750000e+03 3.501133728027343750e+02 2.952262573242187500e+02 3.160780029296875000e+02 4.666312255859375000e+02 1.359082489013671875e+02 2.270846252441406250e+02 3.649321289062500000e+02
1.087783584594726562e+02 5.587446899414062500e+02 6.244879531860351562e+01 1.692733459472656250e+02 1.153387222290039062e+02 3.887871582031250000e+03 1.547277984619140625e+02 1.728049316406250000e+02 1.410417724609375000e+03 3.471453857421875000e+02 3.249788208007812500e+02 3.241846618652343750e+02 4.647635192871093750e+02 1.358946533203125000e+02 2.577142028808593750e+02 3.935104370117187500e+02
9.525112152099609375e+01 5.260141601562500000e+02 5.800151443481445312e+01 1.569031372070312500e+02 1.155626144409179688e+02 3.550226806640625000e+03 1.649240875244140625e+02 1.550391235351562500e+02 1.413812255859375000e+03 3.531362609863281250e+02 3.113828430175781250e+02 3.084818420410156250e+02 4.662473449707031250e+02 1.254814071655273438e+02 2.618596191406250000e+02 3.923315734863281250e+02
1.078397445678710938e+02 5.465351562500000000e+02 5.727104187011718750e+01 1.689440612792968750e+02 1.149397277832031250e+02 4.232822753906250000e+03 1.684053802490234375e+02 1.576712341308593750e+02 1.402761230468750000e+03 3.745399169921875000e+02 3.203290405273437500e+02 3.201965332031250000e+02 4.692922363281250000e+02 1.361553039550781250e+02 2.589424438476562500e+02 4.029422912597656250e+02
1.040383148193359375e+02 5.506933593750000000e+02 5.413994598388671875e+01 1.897952270507812500e+02 1.143729934692382812e+02 4.223899902343750000e+03 1.666435852050781250e+02 1.614225769042968750e+02 1.640403808593750000e+03 3.629949340820312500e+02 3.386708068847656250e+02 3.141618041992187500e+02 4.695425415039062500e+02 1.256166076660156250e+02 2.594383850097656250e+02 4.145417175292968750e+02
9.857946777343750000e+01 5.227811279296875000e+02 5.320429992675781250e+01 1.732106628417968750e+02 1.141212234497070312e+02 3.447447753906250000e+03 1.565405883789062500e+02 1.524956817626953125e+02 1.607249389648437500e+03 3.470158691406250000e+02 3.141200866699218750e+02 3.036977539062500000e+02 4.613496704101562500e+02 1.179876403808593750e+02 2.520160522460937500e+02 3.987448425292968750e+02
1.068621749877929688e+02 5.357012939453125000e+02 6.233214187622070312e+01 1.768283233642578125e+02 1.133890075683593750e+02 3.471084960937500000e+03 1.683416290283203125e+02 1.617172698974609375e+02 1.536034912109375000e+03 3.422019653320312500e+02 3.217469177246093750e+02 3.135161743164062500e+02 4.638246765136718750e+02 1.385901489257812500e+02 2.619662780761718750e+02 3.893309020996093750e+02
1.074181213378906250e+02 5.518116455078125000e+02 6.109635925292968750e+01 1.833721313476562500e+02 1.235962219238281250e+02 3.963801757812500000e+03 1.770901794433593750e+02 1.526209869384765625e+02 1.625391723632812500e+03 3.707186889648437500e+02 3.373268432617187500e+02 3.171651611328125000e+02 4.705126647949218750e+02 1.383461456298828125e+02 2.428289337158203125e+02 4.191995239257812500e+02
9.031896209716796875e+01 5.463793945312500000e+02 5.201608276367187500e+01 1.726543121337890625e+02 1.232203521728515625e+02 3.843979248046875000e+03 1.659215545654296875e+02 1.492109985351562500e+02 1.612300292968750000e+03 3.660682373046875000e+02 3.019880676269531250e+02 3.038621520996093750e+02 4.512259826660156250e+02 1.169448318481445312e+02 2.594108581542968750e+02 3.973015747070312500e+02
8.735800170898437500e+01 4.967310791015625000e+02 4.185849761962890625e+01 1.748736877441406250e+02 1.216640319824218750e+02 3.887763183593750000e+03 1.562877502441406250e+02 1.538214416503906250e+02 1.477501708984375000e+03 3.569006347656250000e+02 2.946887207031250000e+02 2.786687622070312500e+02 4.284674682617187500e+02 1.230062713623046875e+02 2.563485412597656250e+02 3.843210144042968750e+02
8.854478454589843750e+01 5.028658447265625000e+02 4.370185852050781250e+01 1.704274902343750000e+02 1.224662170410156250e+02 4.080324218750000000e+03 1.583976745605468750e+02 1.495138092041015625e+02 1.535032226562500000e+03 3.592081909179687500e+02 2.987659301757812500e+02 2.754528503417968750e+02 4.315339355468750000e+02 1.277609863281250000e+02 2.267838287353515625e+02 3.892779846191406250e+02
8.979244995117187500e+01 5.564772949218750000e+02 5.639690780639648438e+01 1.910544128417968750e+02 1.266615600585937500e+02 4.086228271484375000e+03 1.625733337402343750e+02 1.644715881347656250e+02 1.500239379882812500e+03 3.847391357421875000e+02 3.253184204101562500e+02 3.154826354980468750e+02 4.292191467285156250e+02 1.223468170166015625e+02 2.496291961669921875e+02 3.964372253417968750e+02
1.037794494628906250e+02 5.496959228515625000e+02 5.888984680175781250e+01 1.833760681152343750e+02 1.255183715820312500e+02 4.138376953125000000e+03 1.685693359375000000e+02 1.582498931884765625e+02 1.451530395507812500e+03 4.207461547851562500e+02 3.391272583007812500e+02 3.215761413574218750e+02 4.132317810058593750e+02 1.244838104248046875e+02 2.536697235107421875e+02 4.012767639160156250e+02
9.764190673828125000e+01 5.744603271484375000e+02 5.548165130615234375e+01 1.702284698486328125e+02 1.311929473876953125e+02 4.318363281250000000e+03 1.589540710449218750e+02 1.547839508056640625e+02 1.451500366210937500e+03 3.922669067382812500e+02 3.416099243164062500e+02 3.112277221679687500e+02 3.756028137207031250e+02 1.162630767822265625e+02 2.562187194824218750e+02 4.110888977050781250e+02
1.109001541137695312e+02 5.713471069335937500e+02 5.739643478393554688e+01 1.868076782226562500e+02 1.280671691894531250e+02 4.478759765625000000e+03 1.644662780761718750e+02 1.589028930664062500e+02 1.478947753906250000e+03 3.948778076171875000e+02 3.568336791992187500e+02 3.225243835449218750e+02 4.126766052246093750e+02 1.123548507690429688e+02 2.577932434082031250e+02 4.147470397949218750e+02
1.089281158447265625e+02 5.713581542968750000e+02 5.553470230102539062e+01 2.004535827636718750e+02 1.287616271972656250e+02 4.580003417968750000e+03 1.669842224121093750e+02 1.594773864746093750e+02 1.479205322265625000e+03 3.814367980957031250e+02 3.432178955078125000e+02 3.103197021484375000e+02 4.170193786621093750e+02 1.141187133789062500e+02 2.333990478515625000e+02 4.157202148437500000e+02
1.129108352661132812e+02 5.639023437500000000e+02 5.740586090087890625e+01 1.897915191650390625e+02 1.293397064208984375e+02 4.794136718750000000e+03 1.767156982421875000e+02 1.655513305664062500e+02 1.475819335937500000e+03 3.904159851074218750e+02 3.417549438476562500e+02 3.170633239746093750e+02 4.217999267578125000e+02 1.239670562744140625e+02 2.228935241699218750e+02 4.229545288085937500e+02
1.042322692871093750e+02 5.538306274414062500e+02 5.195886230468750000e+01 1.876760253906250000e+02 1.323356628417968750e+02 4.251607910156250000e+03 1.848308258056640625e+02 1.583316345214843750e+02 1.334283447265625000e+03 3.967979431152343750e+02 3.214070129394531250e+02 3.220833129882812500e+02 4.108955993652343750e+02 1.292646331787109375e+02 2.198225555419921875e+02 3.965722045898437500e+02
1.142814865112304688e+02 5.066780395507812500e+02 4.953185272216796875e+01 1.722778930664062500e+02 1.334206237792968750e+02 4.323096679687500000e+03 1.633606567382812500e+02 1.591921539306640625e+02 1.320173583984375000e+03 3.641981811523437500e+02 3.088031005859375000e+02 2.813953857421875000e+02 4.099497375488281250e+02 1.221821441650390625e+02 2.096706390380859375e+02 3.922949523925781250e+02
