1.344688873291015625e+02 6.654978027343750000e+02 7.551702880859375000e+01 2.611287841796875000e+02 5.425234985351562500e+01 4.388547363281250000e+03 2.101178436279296875e+02 2.207168579101562500e+02 1.642399414062500000e+03 4.581338806152343750e+02 4.220220336914062500e+02 2.365446472167968750e+02 3.921798400878906250e+02 1.471056518554687500e+02 2.447011566162109375e+02 4.569249267578125000e+02
1.313837738037109375e+02 6.591001586914062500e+02 7.440318298339843750e+01 2.555319366455078125e+02 5.416413497924804688e+01 4.371246582031250000e+03 2.083834686279296875e+02 2.182077636718750000e+02 1.636602661132812500e+03 4.531878356933593750e+02 4.178038635253906250e+02 2.364515838623046875e+02 3.890653991699218750e+02 1.441543579101562500e+02 2.439729919433593750e+02 4.537130737304687500e+02
1.275179138183593750e+02 6.453798217773437500e+02 7.111843109130859375e+01 2.466617431640625000e+02 5.381186676025390625e+01 4.320694335937500000e+03 2.045856170654296875e+02 2.133390045166015625e+02 1.619032348632812500e+03 4.448569641113281250e+02 4.066999206542968750e+02 2.355170288085937500e+02 3.790917968750000000e+02 1.412122192382812500e+02 2.405835571289062500e+02 4.451849975585937500e+02
1.270051040649414062e+02 6.366735229492187500e+02 6.805424499511718750e+01 2.423345031738281250e+02 5.260027313232421875e+01 4.246746582031250000e+03 2.015020294189453125e+02 2.093479003906250000e+02 1.588409912109375000e+03 4.400405578613281250e+02 4.007353210449218750e+02 2.321842041015625000e+02 3.691992187500000000e+02 1.413339385986328125e+02 2.358878173828125000e+02 4.395969238281250000e+02
1.258497238159179688e+02 6.346774902343750000e+02 6.741266632080078125e+01 2.415635223388671875e+02 4.966733932495117188e+01 4.224922363281250000e+03 2.010485839843750000e+02 2.087761230468750000e+02 1.577586547851562500e+03 4.392678222656250000e+02 3.999208679199218750e+02 2.280053253173828125e+02 3.641737365722656250e+02 1.406912689208984375e+02 2.340719757080078125e+02 4.388377685546875000e+02
1.257509002685546875e+02 6.341746826171875000e+02 6.726554870605468750e+01 2.414416198730468750e+02 4.625431060791015625e+01 4.219419433593750000e+03 2.009281311035156250e+02 2.086455383300781250e+02 1.574856323242187500e+03 4.390132751464843750e+02 3.995944519042968750e+02 2.236601104736328125e+02 3.634189147949218750e+02 1.405950927734375000e+02 2.336121215820312500e+02 4.386752929687500000e+02
1.257459564208984375e+02 6.341209106445312500e+02 6.723869323730468750e+01 2.414132537841796875e+02 4.540716171264648438e+01 4.218750488281250000e+03 2.009262084960937500e+02 2.086018371582031250e+02 1.574441894531250000e+03 4.389663696289062500e+02 3.995431823730468750e+02 2.230037841796875000e+02 3.633560791015625000e+02 1.405808258056640625e+02 2.335861358642578125e+02 4.386227722167968750e+02
1.257449798583984375e+02 6.340939331054687500e+02 6.723474121093750000e+01 2.414091644287109375e+02 4.530086898803710938e+01 4.218586914062500000e+03 2.009113464355468750e+02 2.085951995849609375e+02 1.574353637695312500e+03 4.389529113769531250e+02 3.995281066894531250e+02 2.228611450195312500e+02 3.632886352539062500e+02 1.405779113769531250e+02 2.335680084228515625e+02 4.386150817871093750e+02
1.257448196411132812e+02 6.340925292968750000e+02 6.723362731933593750e+01 2.414097747802734375e+02 4.517098236083984375e+01 4.218608398437500000e+03 2.009128570556640625e+02 2.085935974121093750e+02 1.574325561523437500e+03 4.389537658691406250e+02 3.995255432128906250e+02 2.228163604736328125e+02 3.632858581542968750e+02 1.405781250000000000e+02 2.335701141357421875e+02 4.386162109375000000e+02
1.257480773925781250e+02 6.341010131835937500e+02 6.723600006103515625e+01 2.414155731201171875e+02 4.517094802856445312e+01 4.218703125000000000e+03 2.009144439697265625e+02 2.085984497070312500e+02 1.574352294921875000e+03 4.389591369628906250e+02 3.995328063964843750e+02 2.228258361816406250e+02 3.632908325195312500e+02 1.405799713134765625e+02 2.335731964111328125e+02 4.386201782226562500e+02
1.257511825561523438e+02 6.341215209960937500e+02 6.724170684814453125e+01 2.414255981445312500e+02 4.518589782714843750e+01 4.218891601562500000e+03 2.009199829101562500e+02 2.086045684814453125e+02 1.574403930664062500e+03 4.389737854003906250e+02 3.995464172363281250e+02 2.228353271484375000e+02 3.633154602050781250e+02 1.405828857421875000e+02 2.335818939208984375e+02 4.386319885253906250e+02
1.257572326660156250e+02 6.341520996093750000e+02 6.724837493896484375e+01 2.414437561035156250e+02 4.519887542724609375e+01 4.219206054687500000e+03 2.009291992187500000e+02 2.086151428222656250e+02 1.574479370117187500e+03 4.389961242675781250e+02 3.995721130371093750e+02 2.228537902832031250e+02 3.633465270996093750e+02 1.405912780761718750e+02 2.335906524658203125e+02 4.386484680175781250e+02
1.257719726562500000e+02 6.342025756835937500e+02 6.726201629638671875e+01 2.414716186523437500e+02 4.525440597534179688e+01 4.219701660156250000e+03 2.009416656494140625e+02 2.086334991455078125e+02 1.574619384765625000e+03 4.390340270996093750e+02 3.996078491210937500e+02 2.228925933837890625e+02 3.633930969238281250e+02 1.406024780273437500e+02 2.336286621093750000e+02 4.386867065429687500e+02
1.258056716918945312e+02 6.342835083007812500e+02 6.728656768798828125e+01 2.415163421630859375e+02 4.528485488891601562e+01 4.220494140625000000e+03 2.009647369384765625e+02 2.086678924560546875e+02 1.574818237304687500e+03 4.390745849609375000e+02 3.996637573242187500e+02 2.229549407958984375e+02 3.634826354980468750e+02 1.406209106445312500e+02 2.336383819580078125e+02 4.387325134277343750e+02
1.258145828247070312e+02 6.343770141601562500e+02 6.731729888916015625e+01 2.415818176269531250e+02 4.541337203979492188e+01 4.222016113281250000e+03 2.010055084228515625e+02 2.087053680419921875e+02 1.575102783203125000e+03 4.391828613281250000e+02 3.997401428222656250e+02 2.230191345214843750e+02 3.636130676269531250e+02 1.406411590576171875e+02 2.336977691650390625e+02 4.388068237304687500e+02
1.258570556640625000e+02 6.345521850585937500e+02 6.735933685302734375e+01 2.416767730712890625e+02 4.547638702392578125e+01 4.223305664062500000e+03 2.010332489013671875e+02 2.087428131103515625e+02 1.575451293945312500e+03 4.393186035156250000e+02 3.998603210449218750e+02 2.231051940917968750e+02 3.637572937011718750e+02 1.406792755126953125e+02 2.337642364501953125e+02 4.389027099609375000e+02
1.259832687377929688e+02 6.349060058593750000e+02 6.747063446044921875e+01 2.418764343261718750e+02 4.593146896362304688e+01 4.229158691406250000e+03 2.011648864746093750e+02 2.089355926513671875e+02 1.576818115234375000e+03 4.396227416992187500e+02 4.001327209472656250e+02 2.237845153808593750e+02 3.642496948242187500e+02 1.407754821777343750e+02 2.338788299560546875e+02 4.391458129882812500e+02
1.260238037109375000e+02 6.353374633789062500e+02 6.763658142089843750e+01 2.421358947753906250e+02 4.610639953613281250e+01 4.234570312500000000e+03 2.012836151123046875e+02 2.090325622558593750e+02 1.577924316406250000e+03 4.400819702148437500e+02 4.003878173828125000e+02 2.239555969238281250e+02 3.647184448242187500e+02 1.408538208007812500e+02 2.341703186035156250e+02 4.395797424316406250e+02
1.262539749145507812e+02 6.361152954101562500e+02 6.790962982177734375e+01 2.425786132812500000e+02 4.699260330200195312e+01 4.244640625000000000e+03 2.014265747070312500e+02 2.094104003906250000e+02 1.580685180664062500e+03 4.408022460937500000e+02 4.011058654785156250e+02 2.246018981933593750e+02 3.658004150390625000e+02 1.411929016113281250e+02 2.349050445556640625e+02 4.404683532714843750e+02
1.265442276000976562e+02 6.369725341796875000e+02 6.820910644531250000e+01 2.435069580078125000e+02 4.739947891235351562e+01 4.255942871093750000e+03 2.017193603515625000e+02 2.099998321533203125e+02 1.584443969726562500e+03 4.421218566894531250e+02 4.023049621582031250e+02 2.255599060058593750e+02 3.670390625000000000e+02 1.415356292724609375e+02 2.354669647216796875e+02 4.413886108398437500e+02
1.274775543212890625e+02 6.383380737304687500e+02 6.861549377441406250e+01 2.444608459472656250e+02 4.747558593750000000e+01 4.261107421875000000e+03 2.023729705810546875e+02 2.102828674316406250e+02 1.586324218750000000e+03 4.427469482421875000e+02 4.028821411132812500e+02 2.256802368164062500e+02 3.687140197753906250e+02 1.417547760009765625e+02 2.354146118164062500e+02 4.422514343261718750e+02
1.276320877075195312e+02 6.409331054687500000e+02 6.934770965576171875e+01 2.460375671386718750e+02 4.774289321899414062e+01 4.271197265625000000e+03 2.028670501708984375e+02 2.111762847900390625e+02 1.591716186523437500e+03 4.429208374023437500e+02 4.047249145507812500e+02 2.265807037353515625e+02 3.698974914550781250e+02 1.418933258056640625e+02 2.358428192138671875e+02 4.427279357910156250e+02
1.338558654785156250e+02 6.545962524414062500e+02 7.732635498046875000e+01 2.620687561035156250e+02 6.075819778442382812e+01 4.278554199218750000e+03 2.082360839843750000e+02 2.180151824951171875e+02 1.635639404296875000e+03 4.543163757324218750e+02 4.196116638183593750e+02 2.346709442138671875e+02 3.986540527343750000e+02 1.429281005859375000e+02 2.460249633789062500e+02 4.548243408203125000e+02
1.226696395874023438e+02 6.203740234375000000e+02 6.458885192871093750e+01 2.336596832275390625e+02 4.339947128295898438e+01 4.159669433593750000e+03 1.969035644531250000e+02 2.037642517089843750e+02 1.552199218750000000e+03 4.326553955078125000e+02 3.900068969726562500e+02 2.187816772460937500e+02 3.554690856933593750e+02 1.377028198242187500e+02 2.304530029296875000e+02 4.311280822753906250e+02
1.232224578857421875e+02 6.239909057617187500e+02 6.509787750244140625e+01 2.352393646240234375e+02 4.444084930419921875e+01 4.192903808593750000e+03 1.975208129882812500e+02 2.050904998779296875e+02 1.559782958984375000e+03 4.340755920410156250e+02 3.923938598632812500e+02 2.217931060791015625e+02 3.570424804687500000e+02 1.386291046142578125e+02 2.313258666992187500e+02 4.333078918457031250e+02
1.241890487670898438e+02 6.267833862304687500e+02 6.586801910400390625e+01 2.374197235107421875e+02 4.503817749023437500e+01 4.201687011718750000e+03 1.991704559326171875e+02 2.058917694091796875e+02 1.564306274414062500e+03 4.357442016601562500e+02 3.947073364257812500e+02 2.221733551025390625e+02 3.604041442871093750e+02 1.392652130126953125e+02 2.320879364013671875e+02 4.349128417968750000e+02
1.247241592407226562e+02 6.310115356445312500e+02 6.681723022460937500e+01 2.396444549560546875e+02 4.607669448852539062e+01 4.230437500000000000e+03 2.000512237548828125e+02 2.073486633300781250e+02 1.571935546875000000e+03 4.370314331054687500e+02 3.969642333984375000e+02 2.233771209716796875e+02 3.625812988281250000e+02 1.398468322753906250e+02 2.328529052734375000e+02 4.372487487792968750e+02
1.258983306884765625e+02 6.352023925781250000e+02 6.756611633300781250e+01 2.419063415527343750e+02 4.684446716308593750e+01 4.247560546875000000e+03 2.007745513916015625e+02 2.084804687500000000e+02 1.579466674804687500e+03 4.401923217773437500e+02 4.003240051269531250e+02 2.251945343017578125e+02 3.650733947753906250e+02 1.405260467529296875e+02 2.342841796875000000e+02 4.395152282714843750e+02
1.262650299072265625e+02 6.375889892578125000e+02 6.828292083740234375e+01 2.434163208007812500e+02 4.713776397705078125e+01 4.259673828125000000e+03 2.016614379882812500e+02 2.098589782714843750e+02 1.583816040039062500e+03 4.417681579589843750e+02 4.016903991699218750e+02 2.255171203613281250e+02 3.672401428222656250e+02 1.413272094726562500e+02 2.347443695068359375e+02 4.409387207031250000e+02
1.271180725097656250e+02 6.394945068359375000e+02 6.864060211181640625e+01 2.445759887695312500e+02 4.743116378784179688e+01 4.266535644531250000e+03 2.024841308593750000e+02 2.104102630615234375e+02 1.586567138671875000e+03 4.421783142089843750e+02 4.031965637207031250e+02 2.257086181640625000e+02 3.687022094726562500e+02 1.417335510253906250e+02 2.350603637695312500e+02 4.419488830566406250e+02
1.273431320190429688e+02 6.412890625000000000e+02 6.905899047851562500e+01 2.458816833496093750e+02 4.789987564086914062e+01 4.276583984375000000e+03 2.028293609619140625e+02 2.113291473388671875e+02 1.590048095703125000e+03 4.433011169433593750e+02 4.045174255371093750e+02 2.265052947998046875e+02 3.698182373046875000e+02 1.418440551757812500e+02 2.354131011962890625e+02 4.426584472656250000e+02
1.276456146240234375e+02 6.418208618164062500e+02 6.933574676513671875e+01 2.464714813232421875e+02 4.796712112426757812e+01 4.279832519531250000e+03 2.029918060302734375e+02 2.114918518066406250e+02 1.590905517578125000e+03 4.438274536132812500e+02 4.051054687500000000e+02 2.265384368896484375e+02 3.704600219726562500e+02 1.421895294189453125e+02 2.362300720214843750e+02 4.432668151855468750e+02
1.279130172729492188e+02 6.429606933593750000e+02 6.954133605957031250e+01 2.472424926757812500e+02 4.800556945800781250e+01 4.291493164062500000e+03 2.033516082763671875e+02 2.117794799804687500e+02 1.592679565429687500e+03 4.445539855957031250e+02 4.058812866210937500e+02 2.269639434814453125e+02 3.712198181152343750e+02 1.424213562011718750e+02 2.365289916992187500e+02 4.438482971191406250e+02
1.285736846923828125e+02 6.448740844726562500e+02 6.999734497070312500e+01 2.483548583984375000e+02 4.836763763427734375e+01 4.302448730468750000e+03 2.041110382080078125e+02 2.125667114257812500e+02 1.596169433593750000e+03 4.455151977539062500e+02 4.072407836914062500e+02 2.278005218505859375e+02 3.729311218261718750e+02 1.427629852294921875e+02 2.371491394042968750e+02 4.450195007324218750e+02
1.298432769775390625e+02 6.510622558593750000e+02 7.142638397216796875e+01 2.520032196044921875e+02 5.028854751586914062e+01 4.318727539062500000e+03 2.059924774169921875e+02 2.147814788818359375e+02 1.608536010742187500e+03 4.489398193359375000e+02 4.115685424804687500e+02 2.299455566406250000e+02 3.780640563964843750e+02 1.439196319580078125e+02 2.390539550781250000e+02 4.481812744140625000e+02
1.305425415039062500e+02 6.531408081054687500e+02 7.204842376708984375e+01 2.533428802490234375e+02 5.105831909179687500e+01 4.336459960937500000e+03 2.066234893798828125e+02 2.155446929931640625e+02 1.612865112304687500e+03 4.505740966796875000e+02 4.129684143066406250e+02 2.315582580566406250e+02 3.802443237304687500e+02 1.442691802978515625e+02 2.398258209228515625e+02 4.498222351074218750e+02
1.311442718505859375e+02 6.544158325195312500e+02 7.236349487304687500e+01 2.541227874755859375e+02 5.126982879638671875e+01 4.340097167968750000e+03 2.069664306640625000e+02 2.160621337890625000e+02 1.615799804687500000e+03 4.517795410156250000e+02 4.137440185546875000e+02 2.317632751464843750e+02 3.816488952636718750e+02 1.446220550537109375e+02 2.401028442382812500e+02 4.505178833007812500e+02
1.313125762939453125e+02 6.558893432617187500e+02 7.266249847412109375e+01 2.550880432128906250e+02 5.176343917846679688e+01 4.340783203125000000e+03 2.073238220214843750e+02 2.165756835937500000e+02 1.619194824218750000e+03 4.527184143066406250e+02 4.151492919921875000e+02 2.325617980957031250e+02 3.831946105957031250e+02 1.448816528320312500e+02 2.404549713134765625e+02 4.511814270019531250e+02
1.312646942138671875e+02 6.574611206054687500e+02 7.316847229003906250e+01 2.561343688964843750e+02 5.233493041992187500e+01 4.342622070312500000e+03 2.078234100341796875e+02 2.170255279541015625e+02 1.622011474609375000e+03 4.531581115722656250e+02 4.161674499511718750e+02 2.326094512939453125e+02 3.843540344238281250e+02 1.455348663330078125e+02 2.410963745117187500e+02 4.517687072753906250e+02
1.319922180175781250e+02 6.588477172851562500e+02 7.375147247314453125e+01 2.570590209960937500e+02 5.257638931274414062e+01 4.356451171875000000e+03 2.081780242919921875e+02 2.177006225585937500e+02 1.625060791015625000e+03 4.536110839843750000e+02 4.169481506347656250e+02 2.339611206054687500e+02 3.854588317871093750e+02 1.460558776855468750e+02 2.421626281738281250e+02 4.526860656738281250e+02
1.324814147949218750e+02 6.610244750976562500e+02 7.398124694824218750e+01 2.580945739746093750e+02 5.294609451293945312e+01 4.366401367187500000e+03 2.084646606445312500e+02 2.183480834960937500e+02 1.628790405273437500e+03 4.544985961914062500e+02 4.185345764160156250e+02 2.345866088867187500e+02 3.862192687988281250e+02 1.462627410888671875e+02 2.430261383056640625e+02 4.539637451171875000e+02
1.323736419677734375e+02 6.611731567382812500e+02 7.415334320068359375e+01 2.584895019531250000e+02 5.313798522949218750e+01 4.371252441406250000e+03 2.091242218017578125e+02 2.182655487060546875e+02 1.629969116210937500e+03 4.554553833007812500e+02 4.190270385742187500e+02 2.343834533691406250e+02 3.876878051757812500e+02 1.462806701660156250e+02 2.432139892578125000e+02 4.546200866699218750e+02
1.331899871826171875e+02 6.632510375976562500e+02 7.448560333251953125e+01 2.596960144042968750e+02 5.323678207397460938e+01 4.376436523437500000e+03 2.095907897949218750e+02 2.189302825927734375e+02 1.633240600585937500e+03 4.570206604003906250e+02 4.202380371093750000e+02 2.348984069824218750e+02 3.888215942382812500e+02 1.468877258300781250e+02 2.432471771240234375e+02 4.557536315917968750e+02
1.333460845947265625e+02 6.647255859375000000e+02 7.474314880371093750e+01 2.610237426757812500e+02 5.328932952880859375e+01 4.378534667968750000e+03 2.098690185546875000e+02 2.195255279541015625e+02 1.635845458984375000e+03 4.574274597167968750e+02 4.215865783691406250e+02 2.349824371337890625e+02 3.895900268554687500e+02 1.468192749023437500e+02 2.434742889404296875e+02 4.565180969238281250e+02
1.334801483154296875e+02 6.650491943359375000e+02 7.497035217285156250e+01 2.612461547851562500e+02 5.334414672851562500e+01 4.384036621093750000e+03 2.099486389160156250e+02 2.197171630859375000e+02 1.636193115234375000e+03 4.578922424316406250e+02 4.217036437988281250e+02 2.349888763427734375e+02 3.899222106933593750e+02 1.468555908203125000e+02 2.434790039062500000e+02 4.568775329589843750e+02
1.338613891601562500e+02 6.663679809570312500e+02 7.520802307128906250e+01 2.619548645019531250e+02 5.348070144653320312e+01 4.386077148437500000e+03 2.104767303466796875e+02 2.203764190673828125e+02 1.637718261718750000e+03 4.582643127441406250e+02 4.226536254882812500e+02 2.352688751220703125e+02 3.905335388183593750e+02 1.473209686279296875e+02 2.438210144042968750e+02 4.571382446289062500e+02
1.340123748779296875e+02 6.673388671875000000e+02 7.533577728271484375e+01 2.625255737304687500e+02 5.372406387329101562e+01 4.388944335937500000e+03 2.107937164306640625e+02 2.205609283447265625e+02 1.639131713867187500e+03 4.590394592285156250e+02 4.234266967773437500e+02 2.354732360839843750e+02 3.911190795898437500e+02 1.474014587402343750e+02 2.438120880126953125e+02 4.578061523437500000e+02
1.340248565673828125e+02 6.679476928710937500e+02 7.544015502929687500e+01 2.628771972656250000e+02 5.374620819091796875e+01 4.393840332031250000e+03 2.108804626464843750e+02 2.207997131347656250e+02 1.639881958007812500e+03 4.593589477539062500e+02 4.236387023925781250e+02 2.355966644287109375e+02 3.914482116699218750e+02 1.473513336181640625e+02 2.441408691406250000e+02 4.580257263183593750e+02
1.341921844482421875e+02 6.682982177734375000e+02 7.554586791992187500e+01 2.633283386230468750e+02 5.379822540283203125e+01 4.396421386718750000e+03 2.110245208740234375e+02 2.211979522705078125e+02 1.640596679687500000e+03 4.596743469238281250e+02 4.241277770996093750e+02 2.356777191162109375e+02 3.918553161621093750e+02 1.475580139160156250e+02 2.442594299316406250e+02 4.582885131835937500e+02
1.343176879882812500e+02 6.688674316406250000e+02 7.568520355224609375e+01 2.636019592285156250e+02 5.389318847656250000e+01 4.396442382812500000e+03 2.112188110351562500e+02 2.212740936279296875e+02 1.641475830078125000e+03 4.599699401855468750e+02 4.245262756347656250e+02 2.358513336181640625e+02 3.922673645019531250e+02 1.476849517822265625e+02 2.442954101562500000e+02 4.586029968261718750e+02
1.343311004638671875e+02 6.693782348632812500e+02 7.581610107421875000e+01 2.638730773925781250e+02 5.428385543823242188e+01 4.396620117187500000e+03 2.112657165527343750e+02 2.214993133544921875e+02 1.642754516601562500e+03 4.602189025878906250e+02 4.247914428710937500e+02 2.363936767578125000e+02 3.926128234863281250e+02 1.476751556396484375e+02 2.445031585693359375e+02 4.587941894531250000e+02
1.343819885253906250e+02 6.688535766601562500e+02 7.586098480224609375e+01 2.633990783691406250e+02 5.432174682617187500e+01 4.396320312500000000e+03 2.110858459472656250e+02 2.210990295410156250e+02 1.643441772460937500e+03 4.605892333984375000e+02 4.245904846191406250e+02 2.365184326171875000e+02 3.927525939941406250e+02 1.475822601318359375e+02 2.445990447998046875e+02 4.588349609375000000e+02
1.334301147460937500e+02 6.678850097656250000e+02 7.548420715332031250e+01 2.611471862792968750e+02 5.427947616577148438e+01 4.392592773437500000e+03 2.094735107421875000e+02 2.192511749267578125e+02 1.641578979492187500e+03 4.594288940429687500e+02 4.228944396972656250e+02 2.364087219238281250e+02 3.914544067382812500e+02 1.465961608886718750e+02 2.444662475585937500e+02 4.582584838867187500e+02
1.326298217773437500e+02 6.615564575195312500e+02 7.457789611816406250e+01 2.565789794921875000e+02 5.427133941650390625e+01 4.381864257812500000e+03 2.072446899414062500e+02 2.161300354003906250e+02 1.637257324218750000e+03 4.565236206054687500e+02 4.194885864257812500e+02 2.363151855468750000e+02 3.889043579101562500e+02 1.439631195068359375e+02 2.437777404785156250e+02 4.558748779296875000e+02
