9.036163330078125000e+01 4.684704589843750000e+02 4.525144195556640625e+01 1.143536071777343750e+02 1.555054168701171875e+02 3.557370605468750000e+03 1.579906158447265625e+02 1.558859252929687500e+02 1.440433471679687500e+03 3.373671264648437500e+02 2.749071044921875000e+02 3.867173461914062500e+02 3.129611206054687500e+02 1.149284362792968750e+02 2.156936798095703125e+02 3.406479492187500000e+02
8.967556762695312500e+01 4.657113647460937500e+02 4.390572357177734375e+01 1.126522827148437500e+02 1.565860290527343750e+02 3.527821289062500000e+03 1.560213775634765625e+02 1.547956390380859375e+02 1.437140502929687500e+03 3.329349670410156250e+02 2.749096069335937500e+02 3.926606445312500000e+02 3.053797912597656250e+02 1.108890838623046875e+02 2.189730987548828125e+02 3.405574951171875000e+02
8.642346191406250000e+01 4.622267456054687500e+02 4.190502929687500000e+01 1.093814239501953125e+02 1.580124969482421875e+02 3.465154785156250000e+03 1.546044769287109375e+02 1.528126220703125000e+02 1.434224243164062500e+03 3.275559692382812500e+02 2.709025573730468750e+02 3.930133666992187500e+02 2.980735473632812500e+02 1.061285552978515625e+02 2.205852661132812500e+02 3.378843994140625000e+02
8.687605285644531250e+01 4.551742553710937500e+02 3.926485824584960938e+01 1.041365509033203125e+02 1.584982147216796875e+02 3.366223632812500000e+03 1.518563385009765625e+02 1.484898681640625000e+02 1.423118041992187500e+03 3.204308776855468750e+02 2.615689697265625000e+02 3.916641235351562500e+02 2.952428588867187500e+02 1.055726318359375000e+02 2.201484375000000000e+02 3.304936828613281250e+02
8.592912292480468750e+01 4.527974243164062500e+02 3.780156326293945312e+01 9.903506469726562500e+01 1.602429504394531250e+02 3.307604492187500000e+03 1.489727783203125000e+02 1.464896240234375000e+02 1.420279418945312500e+03 3.186374511718750000e+02 2.592775268554687500e+02 3.933239746093750000e+02 2.907135009765625000e+02 1.049456634521484375e+02 2.204271545410156250e+02 3.262816772460937500e+02
8.085121917724609375e+01 4.489685058593750000e+02 3.603246688842773438e+01 9.415299987792968750e+01 1.613392028808593750e+02 3.198917968750000000e+03 1.452311248779296875e+02 1.463807983398437500e+02 1.417790771484375000e+03 3.184484252929687500e+02 2.571532287597656250e+02 3.935276184082031250e+02 2.843907470703125000e+02 1.044170837402343750e+02 2.176497497558593750e+02 3.244898376464843750e+02
7.427116394042968750e+01 4.400367431640625000e+02 3.255213928222656250e+01 8.381388854980468750e+01 1.600739135742187500e+02 3.015671386718750000e+03 1.431084594726562500e+02 1.425581054687500000e+02 1.402500366210937500e+03 3.122281188964843750e+02 2.518361663818359375e+02 3.893916625976562500e+02 2.825612182617187500e+02 1.001189880371093750e+02 2.139957122802734375e+02 3.170512390136718750e+02
6.341892242431640625e+01 4.035358276367187500e+02 2.358100509643554688e+01 6.158683776855468750e+01 1.548809509277343750e+02 2.806073730468750000e+03 1.305532531738281250e+02 1.293761291503906250e+02 1.329103271484375000e+03 2.867021484375000000e+02 2.284782104492187500e+02 3.779221191406250000e+02 2.511395263671875000e+02 9.141351318359375000e+01 1.934350585937500000e+02 2.943339843750000000e+02
5.090379333496093750e+01 3.555173645019531250e+02 1.078661346435546875e+01 3.672651672363281250e+01 1.451198425292968750e+02 2.677440917968750000e+03 1.165666656494140625e+02 1.095595626831054688e+02 1.228537231445312500e+03 2.600301513671875000e+02 1.981806335449218750e+02 3.578285522460937500e+02 2.111507415771484375e+02 8.168517303466796875e+01 1.744446411132812500e+02 2.708930053710937500e+02
4.652787017822265625e+01 3.321867370605468750e+02 3.452171325683593750e+00 2.528184509277343750e+01 1.381826171875000000e+02 2.648817382812500000e+03 1.095965957641601562e+02 1.001643447875976562e+02 1.185460693359375000e+03 2.475192260742187500e+02 1.847059020996093750e+02 3.469253845214843750e+02 1.902019348144531250e+02 7.695819091796875000e+01 1.644557189941406250e+02 2.568581237792968750e+02
5.207441711425781250e+01 3.637633361816406250e+02 1.157747268676757812e+01 4.016207885742187500e+01 1.406060028076171875e+02 2.788861572265625000e+03 1.170746612548828125e+02 1.101093902587890625e+02 1.266216186523437500e+03 2.645764770507812500e+02 2.093291473388671875e+02 3.469879455566406250e+02 2.238434753417968750e+02 8.166375732421875000e+01 1.729691772460937500e+02 2.717872314453125000e+02
6.388948822021484375e+01 4.240746459960937500e+02 2.874688720703125000e+01 6.795645141601562500e+01 1.481855926513671875e+02 3.023603027343750000e+03 1.323670349121093750e+02 1.315510559082031250e+02 1.433653320312500000e+03 2.977775878906250000e+02 2.555697479248046875e+02 3.602854003906250000e+02 2.937346801757812500e+02 9.228102111816406250e+01 1.957045593261718750e+02 3.014647827148437500e+02
7.263293457031250000e+01 4.687315063476562500e+02 4.126224899291992188e+01 8.687428283691406250e+01 1.551782531738281250e+02 3.191486083984375000e+03 1.418909606933593750e+02 1.466339721679687500e+02 1.559541015625000000e+03 3.241784667968750000e+02 2.910278625488281250e+02 3.705429077148437500e+02 3.413037109375000000e+02 1.007454071044921875e+02 2.179048004150390625e+02 3.270401611328125000e+02
7.797163391113281250e+01 4.981679077148437500e+02 4.912456512451171875e+01 9.648588562011718750e+01 1.572540893554687500e+02 3.274301513671875000e+03 1.480136108398437500e+02 1.566068420410156250e+02 1.631286499023437500e+03 3.393334960937500000e+02 3.143426513671875000e+02 3.743951721191406250e+02 3.673062744140625000e+02 1.064989395141601562e+02 2.261990966796875000e+02 3.443898315429687500e+02
8.125016784667968750e+01 5.077072143554687500e+02 5.307382202148437500e+01 1.006046295166015625e+02 1.575875244140625000e+02 3.310312255859375000e+03 1.511191253662109375e+02 1.610821075439453125e+02 1.664667724609375000e+03 3.519568786621093750e+02 3.230794372558593750e+02 3.731782226562500000e+02 3.797207641601562500e+02 1.115280609130859375e+02 2.298181762695312500e+02 3.543112792968750000e+02
8.340684509277343750e+01 5.096872558593750000e+02 5.504997634887695312e+01 1.020199432373046875e+02 1.562197113037109375e+02 3.303995117187500000e+03 1.498479309082031250e+02 1.593854522705078125e+02 1.670159423828125000e+03 3.611471252441406250e+02 3.272420349121093750e+02 3.699341430664062500e+02 3.837113647460937500e+02 1.166117630004882812e+02 2.320558013916015625e+02 3.606633300781250000e+02
8.314871215820312500e+01 5.124373779296875000e+02 5.829116058349609375e+01 1.050724029541015625e+02 1.554157409667968750e+02 3.332323486328125000e+03 1.517832031250000000e+02 1.633327941894531250e+02 1.696928833007812500e+03 3.724776000976562500e+02 3.343631591796875000e+02 3.702655944824218750e+02 3.898215637207031250e+02 1.172134933471679688e+02 2.332981872558593750e+02 3.714228820800781250e+02
8.322796630859375000e+01 5.101199340820312500e+02 6.131544494628906250e+01 1.080600738525390625e+02 1.537486877441406250e+02 3.332820556640625000e+03 1.521411285400390625e+02 1.634362792968750000e+02 1.714345581054687500e+03 3.807595214843750000e+02 3.323656005859375000e+02 3.685002441406250000e+02 3.964841003417968750e+02 1.178707885742187500e+02 2.342813110351562500e+02 3.824937438964843750e+02
8.560807800292968750e+01 5.111568298339843750e+02 6.479553985595703125e+01 1.101371307373046875e+02 1.534063110351562500e+02 3.349327148437500000e+03 1.523569030761718750e+02 1.624849395751953125e+02 1.735167480468750000e+03 3.893844909667968750e+02 3.330233764648437500e+02 3.670640869140625000e+02 4.057313537597656250e+02 1.210662612915039062e+02 2.423713684082031250e+02 3.948811950683593750e+02
8.669920349121093750e+01 4.995164794921875000e+02 6.761539459228515625e+01 1.138304748535156250e+02 1.532053985595703125e+02 3.363904541015625000e+03 1.473801879882812500e+02 1.635765533447265625e+02 1.752824707031250000e+03 3.982094726562500000e+02 3.331044616699218750e+02 3.659078369140625000e+02 3.993606567382812500e+02 1.248624114990234375e+02 2.480502014160156250e+02 4.103049621582031250e+02
8.968635559082031250e+01 4.877277832031250000e+02 6.804649353027343750e+01 1.158415679931640625e+02 1.513386840820312500e+02 3.361213623046875000e+03 1.474253845214843750e+02 1.612625122070312500e+02 1.743063842773437500e+03 4.063846130371093750e+02 3.258851623535156250e+02 3.621346740722656250e+02 3.988267211914062500e+02 1.274739913940429688e+02 2.561623535156250000e+02 4.246103515625000000e+02
9.296742248535156250e+01 4.826749877929687500e+02 7.185153961181640625e+01 1.202960968017578125e+02 1.499112548828125000e+02 3.346048828125000000e+03 1.454011230468750000e+02 1.630776214599609375e+02 1.761632812500000000e+03 4.049072570800781250e+02 3.241167297363281250e+02 3.609329528808593750e+02 3.915468139648437500e+02 1.274843444824218750e+02 2.563301086425781250e+02 4.315000000000000000e+02
7.581010437011718750e+01 3.976516723632812500e+02 5.972348785400390625e+01 8.238774108886718750e+01 1.351699523925781250e+02 3.054753906250000000e+03 1.230691528320312500e+02 1.305523986816406250e+02 1.579495727539062500e+03 3.487070312500000000e+02 2.621840209960937500e+02 3.253161315917968750e+02 3.354839782714843750e+02 1.065969238281250000e+02 2.339336090087890625e+02 3.874034423828125000e+02
7.763697814941406250e+01 3.840991821289062500e+02 6.324807357788085938e+01 8.828503417968750000e+01 1.366807250976562500e+02 3.010458984375000000e+03 1.214149780273437500e+02 1.273581314086914062e+02 1.562411254882812500e+03 3.459539794921875000e+02 2.542719879150390625e+02 3.232851867675781250e+02 3.421619567871093750e+02 1.027095718383789062e+02 2.347601928710937500e+02 3.831611938476562500e+02
8.333464050292968750e+01 3.942857666015625000e+02 7.053315734863281250e+01 1.027909088134765625e+02 1.420840148925781250e+02 3.078447265625000000e+03 1.241924743652343750e+02 1.327684173583984375e+02 1.589275024414062500e+03 3.550330810546875000e+02 2.591395263671875000e+02 3.356365966796875000e+02 3.599274597167968750e+02 1.023734436035156250e+02 2.447073669433593750e+02 3.923812866210937500e+02
8.543640136718750000e+01 4.000073852539062500e+02 7.171682739257812500e+01 1.126838684082031250e+02 1.443828125000000000e+02 3.088014648437500000e+03 1.287691345214843750e+02 1.343238525390625000e+02 1.567155151367187500e+03 3.555115661621093750e+02 2.610472412109375000e+02 3.418939208984375000e+02 3.728482971191406250e+02 1.016294708251953125e+02 2.354066314697265625e+02 3.861202697753906250e+02
8.043272399902343750e+01 4.017922058105468750e+02 6.658860778808593750e+01 1.164141387939453125e+02 1.461683044433593750e+02 3.091546386718750000e+03 1.310338439941406250e+02 1.321535034179687500e+02 1.516980224609375000e+03 3.514086914062500000e+02 2.570256042480468750e+02 3.429541015625000000e+02 3.632965087890625000e+02 9.908673858642578125e+01 2.309243469238281250e+02 3.764829406738281250e+02
7.865853881835937500e+01 4.029848022460937500e+02 5.909117126464843750e+01 1.148992767333984375e+02 1.471809997558593750e+02 3.093796386718750000e+03 1.293074035644531250e+02 1.281907196044921875e+02 1.465447509765625000e+03 3.419418945312500000e+02 2.531815643310546875e+02 3.476742248535156250e+02 3.396436767578125000e+02 9.632259368896484375e+01 2.186830444335937500e+02 3.653320922851562500e+02
7.281791687011718750e+01 3.935651855468750000e+02 5.076442718505859375e+01 1.054536590576171875e+02 1.460070495605468750e+02 3.097722412109375000e+03 1.257741622924804688e+02 1.242465667724609375e+02 1.413937744140625000e+03 3.302892761230468750e+02 2.407937316894531250e+02 3.490932006835937500e+02 3.139518432617187500e+02 9.320477294921875000e+01 2.048416900634765625e+02 3.520912475585937500e+02
6.751255798339843750e+01 3.830823669433593750e+02 3.983359909057617188e+01 9.407708740234375000e+01 1.429779205322265625e+02 3.123932128906250000e+03 1.224690246582031250e+02 1.172119979858398438e+02 1.332771362304687500e+03 3.144409484863281250e+02 2.276897888183593750e+02 3.407719726562500000e+02 2.796604614257812500e+02 9.038752746582031250e+01 1.904117889404296875e+02 3.368439331054687500e+02
6.474359130859375000e+01 3.802070312500000000e+02 3.202024841308593750e+01 8.865878295898437500e+01 1.430519714355468750e+02 3.156051025390625000e+03 1.202648849487304688e+02 1.165446243286132812e+02 1.300370117187500000e+03 3.039641113281250000e+02 2.220803375244140625e+02 3.390617675781250000e+02 2.600520935058593750e+02 8.798930358886718750e+01 1.757512207031250000e+02 3.240249023437500000e+02
6.244740295410156250e+01 3.752986755371093750e+02 2.732447052001953125e+01 8.519302368164062500e+01 1.415338134765625000e+02 3.146473144531250000e+03 1.177063369750976562e+02 1.148041076660156250e+02 1.271337158203125000e+03 2.972108154296875000e+02 2.164257965087890625e+02 3.354207458496093750e+02 2.426902313232421875e+02 8.643992614746093750e+01 1.659957275390625000e+02 3.140843505859375000e+02
6.099733734130859375e+01 3.736368408203125000e+02 2.527634429931640625e+01 8.443577575683593750e+01 1.372788391113281250e+02 3.164530761718750000e+03 1.156453857421875000e+02 1.123507156372070312e+02 1.254718750000000000e+03 2.944466552734375000e+02 2.124174652099609375e+02 3.305841674804687500e+02 2.325503234863281250e+02 8.616249084472656250e+01 1.621412048339843750e+02 3.093115539550781250e+02
6.143194580078125000e+01 3.729777526855468750e+02 2.502746200561523438e+01 8.426669311523437500e+01 1.319059906005859375e+02 3.160872558593750000e+03 1.154609222412109375e+02 1.118099212646484375e+02 1.254279052734375000e+03 2.925089111328125000e+02 2.107992706298828125e+02 3.310189819335937500e+02 2.307963714599609375e+02 8.580437469482421875e+01 1.642095489501953125e+02 3.092104492187500000e+02
6.181575012207031250e+01 3.793829956054687500e+02 2.580569076538085938e+01 8.542193603515625000e+01 1.288933105468750000e+02 3.218454589843750000e+03 1.181545639038085938e+02 1.133263626098632812e+02 1.270469116210937500e+03 2.950038146972656250e+02 2.128699493408203125e+02 3.273313598632812500e+02 2.439787445068359375e+02 8.592819213867187500e+01 1.707758483886718750e+02 3.117375488281250000e+02
6.572772979736328125e+01 4.020699462890625000e+02 2.808456420898437500e+01 9.235247802734375000e+01 1.289920654296875000e+02 3.338435546875000000e+03 1.242966690063476562e+02 1.199299545288085938e+02 1.316492309570312500e+03 3.134691467285156250e+02 2.231533355712890625e+02 3.374567871093750000e+02 2.569982910156250000e+02 8.892497253417968750e+01 1.796616668701171875e+02 3.265201416015625000e+02
6.978607177734375000e+01 4.093906250000000000e+02 3.021030044555664062e+01 9.294374084472656250e+01 1.307978820800781250e+02 3.354896728515625000e+03 1.263548278808593750e+02 1.218636856079101562e+02 1.327855590820312500e+03 3.155026550292968750e+02 2.242212066650390625e+02 3.414984436035156250e+02 2.645686035156250000e+02 8.948620605468750000e+01 1.821185302734375000e+02 3.327934570312500000e+02
7.189454650878906250e+01 4.100006713867187500e+02 3.005448913574218750e+01 9.112028503417968750e+01 1.305450439453125000e+02 3.317033203125000000e+03 1.269852294921875000e+02 1.214097900390625000e+02 1.324602294921875000e+03 3.165602416992187500e+02 2.238987731933593750e+02 3.391072998046875000e+02 2.694720458984375000e+02 8.862207031250000000e+01 1.804017944335937500e+02 3.320795593261718750e+02
7.009323120117187500e+01 4.135406494140625000e+02 3.100524139404296875e+01 9.031565856933593750e+01 1.318657226562500000e+02 3.309322509765625000e+03 1.267736434936523438e+02 1.213044204711914062e+02 1.329846679687500000e+03 3.166635742187500000e+02 2.243321838378906250e+02 3.355971069335937500e+02 2.719400634765625000e+02 9.055575561523437500e+01 1.808656005859375000e+02 3.300016479492187500e+02
7.180625915527343750e+01 4.167400817871093750e+02 3.362919998168945312e+01 9.089315795898437500e+01 1.322729492187500000e+02 3.308879394531250000e+03 1.267811355590820312e+02 1.224820785522460938e+02 1.334421386718750000e+03 3.154908447265625000e+02 2.246041259765625000e+02 3.365373840332031250e+02 2.748045654296875000e+02 9.515428161621093750e+01 1.869517211914062500e+02 3.282219238281250000e+02
7.441006469726562500e+01 4.240884399414062500e+02 3.579561614990234375e+01 9.353227233886718750e+01 1.330143127441406250e+02 3.340301513671875000e+03 1.272750701904296875e+02 1.259692611694335938e+02 1.341730712890625000e+03 3.117429809570312500e+02 2.275809173583984375e+02 3.384066772460937500e+02 2.749302368164062500e+02 9.993502807617187500e+01 1.958260803222656250e+02 3.299311218261718750e+02
7.587977600097656250e+01 4.267749633789062500e+02 3.628524017333984375e+01 9.523703002929687500e+01 1.349345397949218750e+02 3.355433593750000000e+03 1.295305480957031250e+02 1.252561950683593750e+02 1.342080444335937500e+03 3.102176513671875000e+02 2.312118377685546875e+02 3.370324707031250000e+02 2.764758911132812500e+02 1.019724578857421875e+02 2.055358123779296875e+02 3.323112182617187500e+02
7.832850646972656250e+01 4.327944946289062500e+02 3.677211380004882812e+01 9.956509399414062500e+01 1.372944946289062500e+02 3.370701171875000000e+03 1.318614349365234375e+02 1.261062469482421875e+02 1.347693115234375000e+03 3.163333740234375000e+02 2.359952850341796875e+02 3.400342102050781250e+02 2.796374206542968750e+02 1.056746215820312500e+02 2.125529327392578125e+02 3.372437438964843750e+02
8.102648162841796875e+01 4.383389282226562500e+02 3.669110870361328125e+01 1.054543304443359375e+02 1.380288696289062500e+02 3.359155761718750000e+03 1.342431793212890625e+02 1.253376235961914062e+02 1.362322509765625000e+03 3.199200439453125000e+02 2.421661224365234375e+02 3.394563293457031250e+02 2.831316223144531250e+02 1.081878662109375000e+02 2.181408386230468750e+02 3.437403564453125000e+02
8.247085571289062500e+01 4.427371826171875000e+02 3.663093566894531250e+01 1.094679412841796875e+02 1.383139343261718750e+02 3.349236328125000000e+03 1.361707763671875000e+02 1.250499954223632812e+02 1.369156738281250000e+03 3.221350097656250000e+02 2.457557373046875000e+02 3.359010925292968750e+02 2.837920532226562500e+02 1.079116973876953125e+02 2.169429321289062500e+02 3.487092895507812500e+02
8.592552947998046875e+01 4.494927978515625000e+02 3.832250976562500000e+01 1.132060699462890625e+02 1.410855712890625000e+02 3.350763671875000000e+03 1.400163116455078125e+02 1.277723922729492188e+02 1.380828857421875000e+03 3.216276550292968750e+02 2.510121154785156250e+02 3.355391845703125000e+02 2.877320251464843750e+02 1.118957214355468750e+02 2.196164703369140625e+02 3.512822875976562500e+02
8.860021209716796875e+01 4.622919921875000000e+02 4.006422805786132812e+01 1.206093597412109375e+02 1.491729278564453125e+02 3.400010253906250000e+03 1.448381347656250000e+02 1.294596252441406250e+02 1.404520263671875000e+03 3.295937805175781250e+02 2.614511718750000000e+02 3.380983886718750000e+02 2.959979248046875000e+02 1.163700561523437500e+02 2.173056030273437500e+02 3.592106933593750000e+02
8.880803680419921875e+01 4.709700317382812500e+02 4.023289489746093750e+01 1.257569961547851562e+02 1.535651245117187500e+02 3.368355957031250000e+03 1.460994873046875000e+02 1.291514434814453125e+02 1.413893432617187500e+03 3.367189331054687500e+02 2.647151489257812500e+02 3.387738037109375000e+02 2.976748352050781250e+02 1.159106140136718750e+02 2.189880371093750000e+02 3.646895141601562500e+02
8.720169067382812500e+01 4.706674194335937500e+02 3.850159454345703125e+01 1.306594696044921875e+02 1.547965698242187500e+02 3.380237304687500000e+03 1.453171997070312500e+02 1.303759765625000000e+02 1.405691772460937500e+03 3.396365356445312500e+02 2.661945800781250000e+02 3.276901245117187500e+02 2.943329162597656250e+02 1.158252944946289062e+02 2.190206909179687500e+02 3.641852722167968750e+02
8.454301452636718750e+01 4.685959472656250000e+02 3.708895111083984375e+01 1.329673461914062500e+02 1.547660980224609375e+02 3.368906982421875000e+03 1.449131774902343750e+02 1.287169189453125000e+02 1.393419799804687500e+03 3.408409118652343750e+02 2.670021667480468750e+02 3.148171386718750000e+02 2.922893066406250000e+02 1.167912521362304688e+02 2.146658935546875000e+02 3.639068298339843750e+02
8.247129821777343750e+01 4.754328002929687500e+02 3.857939529418945312e+01 1.385276489257812500e+02 1.598701934814453125e+02 3.380362060546875000e+03 1.450747222900390625e+02 1.303393554687500000e+02 1.401216186523437500e+03 3.438515319824218750e+02 2.696852416992187500e+02 3.172589111328125000e+02 2.922221984863281250e+02 1.160235366821289062e+02 2.152884368896484375e+02 3.656880187988281250e+02
8.392985534667968750e+01 4.779643249511718750e+02 4.010002899169921875e+01 1.395018920898437500e+02 1.653417053222656250e+02 3.388606933593750000e+03 1.450657348632812500e+02 1.312428283691406250e+02 1.407624023437500000e+03 3.524932861328125000e+02 2.734923706054687500e+02 3.289830322265625000e+02 2.910115356445312500e+02 1.144109649658203125e+02 2.164130401611328125e+02 3.684643859863281250e+02
