9.856777954101562500e+01 4.732885131835937500e+02 5.511587524414062500e+01 1.384224243164062500e+02 1.092529907226562500e+02 3.287145996093750000e+03 1.537569885253906250e+02 1.585739898681640625e+02 1.504564819335937500e+03 3.417169799804687500e+02 2.835744323730468750e+02 3.258763732910156250e+02 4.526802368164062500e+02 1.215954513549804688e+02 2.424407348632812500e+02 3.488675842285156250e+02
8.953229522705078125e+01 4.885319213867187500e+02 5.523843383789062500e+01 1.396158447265625000e+02 1.091962356567382812e+02 3.283887207031250000e+03 1.580075531005859375e+02 1.592146148681640625e+02 1.477690063476562500e+03 3.343017272949218750e+02 2.978391113281250000e+02 3.303657226562500000e+02 4.299153442382812500e+02 1.178089218139648438e+02 2.439396820068359375e+02 3.623410644531250000e+02
8.777267456054687500e+01 4.945480957031250000e+02 5.111854553222656250e+01 1.414104309082031250e+02 1.095020370483398438e+02 3.192492919921875000e+03 1.618556060791015625e+02 1.616994476318359375e+02 1.499384033203125000e+03 3.413167724609375000e+02 2.953351745605468750e+02 3.282031250000000000e+02 4.187105102539062500e+02 1.174067001342773438e+02 2.305483703613281250e+02 3.587795104980468750e+02
9.804083251953125000e+01 4.960879516601562500e+02 4.473455047607421875e+01 1.338799438476562500e+02 1.126634674072265625e+02 3.097951660156250000e+03 1.585520019531250000e+02 1.556320037841796875e+02 1.410353149414062500e+03 3.478343505859375000e+02 2.910764160156250000e+02 3.282930908203125000e+02 4.156468505859375000e+02 1.269857330322265625e+02 2.310146484375000000e+02 3.510258178710937500e+02
9.164260864257812500e+01 4.939402160644531250e+02 4.590146636962890625e+01 1.320292358398437500e+02 1.187079772949218750e+02 3.196556396484375000e+03 1.592253112792968750e+02 1.546716613769531250e+02 1.408615234375000000e+03 3.480560302734375000e+02 2.910975036621093750e+02 3.286256713867187500e+02 4.125691528320312500e+02 1.224201126098632812e+02 2.341224975585937500e+02 3.444129333496093750e+02
8.830050659179687500e+01 4.766543273925781250e+02 4.556573486328125000e+01 1.327373352050781250e+02 1.176743927001953125e+02 2.962598144531250000e+03 1.584458923339843750e+02 1.577836914062500000e+02 1.399388305664062500e+03 3.429521179199218750e+02 2.798093261718750000e+02 3.285124816894531250e+02 4.147933044433593750e+02 1.202921905517578125e+02 2.359002685546875000e+02 3.429571228027343750e+02
8.897994995117187500e+01 4.827587585449218750e+02 4.487141418457031250e+01 1.279207077026367188e+02 1.178190307617187500e+02 2.897081298828125000e+03 1.646459655761718750e+02 1.527167510986328125e+02 1.385782104492187500e+03 3.519125976562500000e+02 2.874183349609375000e+02 3.256557312011718750e+02 4.599340820312500000e+02 1.109691009521484375e+02 2.457208404541015625e+02 3.414389038085937500e+02
8.236056518554687500e+01 4.637165222167968750e+02 4.926877212524414062e+01 1.193503417968750000e+02 1.196788024902343750e+02 2.882353515625000000e+03 1.474550476074218750e+02 1.491546630859375000e+02 1.351121459960937500e+03 3.262344055175781250e+02 2.967161254882812500e+02 3.253039550781250000e+02 4.606719055175781250e+02 1.057146987915039062e+02 2.222617492675781250e+02 3.310393066406250000e+02
7.730094146728515625e+01 4.438653259277343750e+02 3.556893157958984375e+01 1.164411926269531250e+02 1.162580566406250000e+02 2.850078369140625000e+03 1.482291412353515625e+02 1.378216857910156250e+02 1.288007324218750000e+03 3.174279174804687500e+02 2.689082031250000000e+02 3.225081176757812500e+02 4.327208862304687500e+02 1.016303710937500000e+02 2.203756103515625000e+02 3.289538574218750000e+02
7.458233642578125000e+01 4.210759887695312500e+02 2.388262557983398438e+01 1.026260833740234375e+02 1.066601867675781250e+02 2.917915771484375000e+03 1.353812561035156250e+02 1.359071044921875000e+02 1.259510742187500000e+03 3.037761840820312500e+02 2.533315124511718750e+02 3.069615173339843750e+02 3.602272033691406250e+02 9.714915466308593750e+01 2.089952697753906250e+02 3.148234252929687500e+02
7.144818115234375000e+01 4.234128417968750000e+02 2.783816909790039062e+01 1.019931182861328125e+02 1.022059173583984375e+02 2.988384277343750000e+03 1.364884033203125000e+02 1.306537780761718750e+02 1.268457153320312500e+03 3.096452636718750000e+02 2.497620239257812500e+02 3.016026000976562500e+02 3.993414916992187500e+02 9.643953704833984375e+01 2.106040802001953125e+02 3.165450439453125000e+02
7.302967071533203125e+01 4.260735473632812500e+02 2.183620834350585938e+01 1.089914550781250000e+02 9.992410278320312500e+01 2.819288574218750000e+03 1.381058807373046875e+02 1.317132568359375000e+02 1.258663574218750000e+03 3.171976318359375000e+02 2.598735351562500000e+02 3.020997924804687500e+02 3.648598022460937500e+02 9.820568084716796875e+01 2.026595458984375000e+02 3.198569335937500000e+02
7.855770874023437500e+01 4.434890747070312500e+02 2.646561813354492188e+01 1.211956939697265625e+02 1.050015335083007812e+02 2.927791992187500000e+03 1.435068359375000000e+02 1.379942169189453125e+02 1.340541992187500000e+03 3.189580383300781250e+02 2.595936584472656250e+02 3.039031677246093750e+02 3.643700256347656250e+02 1.013389587402343750e+02 2.198377227783203125e+02 3.400237426757812500e+02
8.995879364013671875e+01 4.759379272460937500e+02 3.639923095703125000e+01 1.328840637207031250e+02 1.082161254882812500e+02 2.806088623046875000e+03 1.497645263671875000e+02 1.458766937255859375e+02 1.325888671875000000e+03 3.293051452636718750e+02 2.737357788085937500e+02 3.141669616699218750e+02 3.998130493164062500e+02 1.066501312255859375e+02 2.151377868652343750e+02 3.432191772460937500e+02
8.468916320800781250e+01 4.844237670898437500e+02 3.519050216674804688e+01 1.376170349121093750e+02 1.120732574462890625e+02 2.779179687500000000e+03 1.519922485351562500e+02 1.478019866943359375e+02 1.377699951171875000e+03 3.475718688964843750e+02 2.777412719726562500e+02 3.181115417480468750e+02 4.115367736816406250e+02 1.069263763427734375e+02 2.126605224609375000e+02 3.465405273437500000e+02
8.485293579101562500e+01 4.837551879882812500e+02 3.073102188110351562e+01 1.374080200195312500e+02 1.133787384033203125e+02 2.765929443359375000e+03 1.530328216552734375e+02 1.487210693359375000e+02 1.302326904296875000e+03 3.553400878906250000e+02 2.785786132812500000e+02 3.032036743164062500e+02 4.139258117675781250e+02 1.094247131347656250e+02 2.017737274169921875e+02 3.437189636230468750e+02
9.001480865478515625e+01 4.828023071289062500e+02 4.087538146972656250e+01 1.351379089355468750e+02 1.126180419921875000e+02 2.944391845703125000e+03 1.514063262939453125e+02 1.557300109863281250e+02 1.394369506835937500e+03 3.683374633789062500e+02 2.911247558593750000e+02 3.239165039062500000e+02 4.212072448730468750e+02 1.148813171386718750e+02 1.989597625732421875e+02 3.638176269531250000e+02
8.534915924072265625e+01 4.892650756835937500e+02 4.300418090820312500e+01 1.370503845214843750e+02 1.127544860839843750e+02 2.864861083984375000e+03 1.527635040283203125e+02 1.495227203369140625e+02 1.389994018554687500e+03 3.670735778808593750e+02 2.939375000000000000e+02 3.257507324218750000e+02 4.204328308105468750e+02 1.118930969238281250e+02 2.030901031494140625e+02 3.750289611816406250e+02
8.734481811523437500e+01 4.948619995117187500e+02 4.336949539184570312e+01 1.432278442382812500e+02 1.130072479248046875e+02 3.000669677734375000e+03 1.552905426025390625e+02 1.526795959472656250e+02 1.378686645507812500e+03 3.613363952636718750e+02 2.999479370117187500e+02 3.258913574218750000e+02 4.254896240234375000e+02 1.189109497070312500e+02 2.111381072998046875e+02 3.832306213378906250e+02
8.758827209472656250e+01 4.900657958984375000e+02 4.278738403320312500e+01 1.426688385009765625e+02 1.129595031738281250e+02 3.126287109375000000e+03 1.565388946533203125e+02 1.566345214843750000e+02 1.399944335937500000e+03 3.696908569335937500e+02 3.109937744140625000e+02 3.229577941894531250e+02 4.242838439941406250e+02 1.193091354370117188e+02 2.119908752441406250e+02 3.867478942871093750e+02
9.944039916992187500e+01 4.863743896484375000e+02 4.322306823730468750e+01 1.442245941162109375e+02 1.124445495605468750e+02 3.153276855468750000e+03 1.555137176513671875e+02 1.537907867431640625e+02 1.323080688476562500e+03 3.551774291992187500e+02 3.024570312500000000e+02 3.053303833007812500e+02 4.197928466796875000e+02 1.166227111816406250e+02 2.139166870117187500e+02 3.923754272460937500e+02
9.472572326660156250e+01 4.852603454589843750e+02 5.154865264892578125e+01 1.485637512207031250e+02 1.124471664428710938e+02 3.346906250000000000e+03 1.565952758789062500e+02 1.548995361328125000e+02 1.518855468750000000e+03 3.524453125000000000e+02 3.077817993164062500e+02 3.204289855957031250e+02 4.097367858886718750e+02 1.132337036132812500e+02 2.028104400634765625e+02 3.804964599609375000e+02
1.020657958984375000e+02 4.925755615234375000e+02 6.224931335449218750e+01 1.454196472167968750e+02 9.575994873046875000e+01 3.382077392578125000e+03 1.515240936279296875e+02 1.646186065673828125e+02 1.505598144531250000e+03 3.611011962890625000e+02 3.404694213867187500e+02 2.885407104492187500e+02 4.610606079101562500e+02 1.153475189208984375e+02 2.248204803466796875e+02 4.076627807617187500e+02
8.537699890136718750e+01 4.259559020996093750e+02 3.803843688964843750e+01 1.284622192382812500e+02 8.536993408203125000e+01 2.859868652343750000e+03 1.387145385742187500e+02 1.368273925781250000e+02 1.389284667968750000e+03 3.662742309570312500e+02 2.724833679199218750e+02 2.484422912597656250e+02 3.833050537109375000e+02 9.944461059570312500e+01 2.016173400878906250e+02 3.459744262695312500e+02
8.616763305664062500e+01 4.658221435546875000e+02 3.897756576538085938e+01 1.406409301757812500e+02 1.050305938720703125e+02 3.346728759765625000e+03 1.432182312011718750e+02 1.517020568847656250e+02 1.422995605468750000e+03 3.718520507812500000e+02 2.848703308105468750e+02 2.996434020996093750e+02 4.673967590332031250e+02 1.089251556396484375e+02 2.093052825927734375e+02 3.588611145019531250e+02
8.482418823242187500e+01 4.494225769042968750e+02 3.382975387573242188e+01 1.363583526611328125e+02 1.091854858398437500e+02 2.621812255859375000e+03 1.518477172851562500e+02 1.408875122070312500e+02 1.350542602539062500e+03 3.660365600585937500e+02 2.773929443359375000e+02 2.984294433593750000e+02 4.803317565917968750e+02 1.065003051757812500e+02 2.038674316406250000e+02 3.426853027343750000e+02
7.864688110351562500e+01 4.651790161132812500e+02 3.555726623535156250e+01 1.345810852050781250e+02 1.112448730468750000e+02 2.999125488281250000e+03 1.509373474121093750e+02 1.457130889892578125e+02 1.353198730468750000e+03 3.259085693359375000e+02 2.709698486328125000e+02 2.930607910156250000e+02 4.521745605468750000e+02 1.038040237426757812e+02 1.989178161621093750e+02 3.462888183593750000e+02
8.515800476074218750e+01 4.825108032226562500e+02 3.593196487426757812e+01 1.416679992675781250e+02 1.083447570800781250e+02 2.762453613281250000e+03 1.472873077392578125e+02 1.450914001464843750e+02 1.361389892578125000e+03 3.506013183593750000e+02 2.878403320312500000e+02 2.840247192382812500e+02 4.583489074707031250e+02 1.051759796142578125e+02 2.034756011962890625e+02 3.523401489257812500e+02
7.983216857910156250e+01 4.830218811035156250e+02 3.718971633911132812e+01 1.369587402343750000e+02 1.106953659057617188e+02 2.991986328125000000e+03 1.503930206298828125e+02 1.522379608154296875e+02 1.370796264648437500e+03 3.557467651367187500e+02 2.775015869140625000e+02 3.022064819335937500e+02 4.730386047363281250e+02 1.099351806640625000e+02 2.020187988281250000e+02 3.531909790039062500e+02
8.807949829101562500e+01 4.824951782226562500e+02 3.617720794677734375e+01 1.324944763183593750e+02 1.101087341308593750e+02 3.085479980468750000e+03 1.544708251953125000e+02 1.470272827148437500e+02 1.369221923828125000e+03 3.363532104492187500e+02 2.772989501953125000e+02 3.021203613281250000e+02 4.490444030761718750e+02 1.102776794433593750e+02 1.863345642089843750e+02 3.519534301757812500e+02
8.431749725341796875e+01 4.838560180664062500e+02 3.596009445190429688e+01 1.419438018798828125e+02 9.922647094726562500e+01 3.196239257812500000e+03 1.518259582519531250e+02 1.515700378417968750e+02 1.369598632812500000e+03 3.473588867187500000e+02 2.860523986816406250e+02 2.863170471191406250e+02 4.800848388671875000e+02 1.044101257324218750e+02 1.788525695800781250e+02 3.500007324218750000e+02
8.368900299072265625e+01 4.679509887695312500e+02 3.558161926269531250e+01 1.382014770507812500e+02 1.054132308959960938e+02 2.979200439453125000e+03 1.442637939453125000e+02 1.460053100585937500e+02 1.302275878906250000e+03 3.441530151367187500e+02 2.778495483398437500e+02 2.999013061523437500e+02 4.277234802246093750e+02 1.089129943847656250e+02 1.897139587402343750e+02 3.488273925781250000e+02
8.256393432617187500e+01 4.699858398437500000e+02 3.505674362182617188e+01 1.397529907226562500e+02 1.094981689453125000e+02 3.308508789062500000e+03 1.441604614257812500e+02 1.391458129882812500e+02 1.347194335937500000e+03 3.493515625000000000e+02 2.790894775390625000e+02 2.959215698242187500e+02 4.228272094726562500e+02 1.089143524169921875e+02 1.869313354492187500e+02 3.465652465820312500e+02
8.639366912841796875e+01 4.638786621093750000e+02 3.603798294067382812e+01 1.361387329101562500e+02 1.050395965576171875e+02 3.080639160156250000e+03 1.510842895507812500e+02 1.435218048095703125e+02 1.276569824218750000e+03 3.260237426757812500e+02 2.732273559570312500e+02 3.007120361328125000e+02 4.473418273925781250e+02 1.044656066894531250e+02 1.935659179687500000e+02 3.455432434082031250e+02
8.192077636718750000e+01 4.674878845214843750e+02 3.902229309082031250e+01 1.359685974121093750e+02 1.038405914306640625e+02 3.536980468750000000e+03 1.517216033935546875e+02 1.460919189453125000e+02 1.329307006835937500e+03 3.279688110351562500e+02 2.825759887695312500e+02 2.952583618164062500e+02 4.675783386230468750e+02 1.016747207641601562e+02 2.161871490478515625e+02 3.450971069335937500e+02
8.504518127441406250e+01 4.661597900390625000e+02 3.839511489868164062e+01 1.277624130249023438e+02 1.056530456542968750e+02 3.480025878906250000e+03 1.511490936279296875e+02 1.454247131347656250e+02 1.234934082031250000e+03 3.282916259765625000e+02 2.709446105957031250e+02 3.056198730468750000e+02 4.453213195800781250e+02 1.000101776123046875e+02 2.053259124755859375e+02 3.494485473632812500e+02
8.938197326660156250e+01 4.610798950195312500e+02 4.112833404541015625e+01 1.202334747314453125e+02 1.073118286132812500e+02 3.818100097656250000e+03 1.484521179199218750e+02 1.440696716308593750e+02 1.286519531250000000e+03 3.412490539550781250e+02 2.643546142578125000e+02 3.080442504882812500e+02 4.264581604003906250e+02 1.025595550537109375e+02 1.994261169433593750e+02 3.597033691406250000e+02
8.532273864746093750e+01 4.418850097656250000e+02 4.007183837890625000e+01 1.194705810546875000e+02 1.076512451171875000e+02 3.219570068359375000e+03 1.430724792480468750e+02 1.373733825683593750e+02 1.305887451171875000e+03 3.461525268554687500e+02 2.646792602539062500e+02 3.093910827636718750e+02 4.015502319335937500e+02 1.014940719604492188e+02 1.942000579833984375e+02 3.464560241699218750e+02
7.477165222167968750e+01 4.421824951171875000e+02 4.702174377441406250e+01 1.200863189697265625e+02 1.080198059082031250e+02 3.321249023437500000e+03 1.436955871582031250e+02 1.360058593750000000e+02 1.318823242187500000e+03 3.352604064941406250e+02 2.641392517089843750e+02 3.050350341796875000e+02 4.107500610351562500e+02 1.083985977172851562e+02 1.983780517578125000e+02 3.322318115234375000e+02
8.504933166503906250e+01 4.438436889648437500e+02 5.926718139648437500e+01 1.205596160888671875e+02 1.080282440185546875e+02 3.445020019531250000e+03 1.439839477539062500e+02 1.384961090087890625e+02 1.313089477539062500e+03 3.208150634765625000e+02 2.618680419921875000e+02 3.102785034179687500e+02 4.019580078125000000e+02 1.175304260253906250e+02 2.219685516357421875e+02 3.309880981445312500e+02
8.768874359130859375e+01 4.757819213867187500e+02 5.682414245605468750e+01 1.246072540283203125e+02 1.082672729492187500e+02 3.718163330078125000e+03 1.446483917236328125e+02 1.485360412597656250e+02 1.325310546875000000e+03 3.209519042968750000e+02 2.813726196289062500e+02 3.162295532226562500e+02 3.982769470214843750e+02 1.153143463134765625e+02 2.348670196533203125e+02 3.493084106445312500e+02
8.116369628906250000e+01 4.532626953125000000e+02 5.424475479125976562e+01 1.254938430786132812e+02 1.079824981689453125e+02 3.372770263671875000e+03 1.475197448730468750e+02 1.386220397949218750e+02 1.330612182617187500e+03 3.279194946289062500e+02 2.686868896484375000e+02 3.085597839355468750e+02 4.073094177246093750e+02 1.127751312255859375e+02 2.368261871337890625e+02 3.525267333984375000e+02
9.018267822265625000e+01 4.672384643554687500e+02 5.697996902465820312e+01 1.269918899536132812e+02 1.079922332763671875e+02 3.720992431640625000e+03 1.506042785644531250e+02 1.419887695312500000e+02 1.329146972656250000e+03 3.347285461425781250e+02 2.702149658203125000e+02 3.173787536621093750e+02 4.218347778320312500e+02 1.231857757568359375e+02 2.434349670410156250e+02 3.574345397949218750e+02
8.814686584472656250e+01 4.755327758789062500e+02 5.670204544067382812e+01 1.458807983398437500e+02 1.082218780517578125e+02 3.520493164062500000e+03 1.479650421142578125e+02 1.424558105468750000e+02 1.565939819335937500e+03 3.320957946777343750e+02 2.840794982910156250e+02 3.183493652343750000e+02 4.027332153320312500e+02 1.165052108764648438e+02 2.602271423339843750e+02 3.587985229492187500e+02
8.227426147460937500e+01 4.556567382812500000e+02 5.667343139648437500e+01 1.282756958007812500e+02 1.083029327392578125e+02 3.306449707031250000e+03 1.450267028808593750e+02 1.389619445800781250e+02 1.497934936523437500e+03 3.258517456054687500e+02 2.694794311523437500e+02 3.114066162109375000e+02 3.761996154785156250e+02 1.134088592529296875e+02 2.430459289550781250e+02 3.574955749511718750e+02
9.095399475097656250e+01 4.577109680175781250e+02 5.879351425170898438e+01 1.287134857177734375e+02 1.082740325927734375e+02 3.653491455078125000e+03 1.479565429687500000e+02 1.421182556152343750e+02 1.502278564453125000e+03 3.256076660156250000e+02 2.709428710937500000e+02 3.179891967773437500e+02 4.241916198730468750e+02 1.356205139160156250e+02 2.759144592285156250e+02 3.429851074218750000e+02
9.095783996582031250e+01 4.717739868164062500e+02 5.728260040283203125e+01 1.309635925292968750e+02 1.115101623535156250e+02 3.592365966796875000e+03 1.533381347656250000e+02 1.392105255126953125e+02 1.589056762695312500e+03 3.347808227539062500e+02 2.778332519531250000e+02 3.180507202148437500e+02 4.523948669433593750e+02 1.307088012695312500e+02 2.561290283203125000e+02 3.629700317382812500e+02
8.407220458984375000e+01 4.685698852539062500e+02 5.357070159912109375e+01 1.303646545410156250e+02 1.173172607421875000e+02 3.272901611328125000e+03 1.484859924316406250e+02 1.416457214355468750e+02 1.550428100585937500e+03 3.344983825683593750e+02 2.667730712890625000e+02 3.145280456542968750e+02 4.110899658203125000e+02 1.202636718750000000e+02 2.742643127441406250e+02 3.572414855957031250e+02
8.359983825683593750e+01 4.599257202148437500e+02 4.004479217529296875e+01 1.362603454589843750e+02 1.170778045654296875e+02 3.776395751953125000e+03 1.484534912109375000e+02 1.447146301269531250e+02 1.457806884765625000e+03 3.368951110839843750e+02 2.705722045898437500e+02 2.921405029296875000e+02 3.921205749511718750e+02 1.207133102416992188e+02 2.614488220214843750e+02 3.519142150878906250e+02
8.374824523925781250e+01 4.672454223632812500e+02 3.983901214599609375e+01 1.374829101562500000e+02 1.171299667358398438e+02 3.612770263671875000e+03 1.506859283447265625e+02 1.463601684570312500e+02 1.520791870117187500e+03 3.417535400390625000e+02 2.784272460937500000e+02 2.890872802734375000e+02 4.050381469726562500e+02 1.260207290649414062e+02 2.387529296875000000e+02 3.549335021972656250e+02
8.465776062011718750e+01 4.999847412109375000e+02 4.701674652099609375e+01 1.539741210937500000e+02 1.107358856201171875e+02 3.900375000000000000e+03 1.520060424804687500e+02 1.528552856445312500e+02 1.469597778320312500e+03 3.514603271484375000e+02 2.896071472167968750e+02 3.211591491699218750e+02 4.093450317382812500e+02 1.211008834838867188e+02 2.474184417724609375e+02 3.645460815429687500e+02
8.982229614257812500e+01 4.879210205078125000e+02 4.883840942382812500e+01 1.422260437011718750e+02 1.098344573974609375e+02 3.769536376953125000e+03 1.525670471191406250e+02 1.522234802246093750e+02 1.440885742187500000e+03 3.760798645019531250e+02 2.950204467773437500e+02 3.210676269531250000e+02 4.094020690917968750e+02 1.208420333862304688e+02 2.475249938964843750e+02 3.709086303710937500e+02
8.569863891601562500e+01 5.029566345214843750e+02 3.983317565917968750e+01 1.391821289062500000e+02 1.200557022094726562e+02 3.734329345703125000e+03 1.535240478515625000e+02 1.519916992187500000e+02 1.436534057617187500e+03 3.617963256835937500e+02 2.924898376464843750e+02 3.203717041015625000e+02 3.988666992187500000e+02 1.200576400756835938e+02 2.392597198486328125e+02 3.767102661132812500e+02
