1.232269287109375000e+02 5.223387451171875000e+02 6.923338317871093750e+01 1.674612579345703125e+02 1.190347137451171875e+02 3.857860107421875000e+03 1.714653778076171875e+02 1.771996917724609375e+02 1.601931396484375000e+03 3.694038696289062500e+02 3.173631591796875000e+02 3.393012695312500000e+02 4.715507812500000000e+02 1.255936813354492188e+02 2.640734863281250000e+02 3.821737670898437500e+02
1.061148605346679688e+02 5.554796752929687500e+02 7.313605499267578125e+01 1.759818267822265625e+02 1.210131530761718750e+02 3.931779296875000000e+03 1.828157653808593750e+02 1.828884582519531250e+02 1.575971679687500000e+03 3.685640258789062500e+02 3.463521118164062500e+02 3.431382751464843750e+02 4.514369201660156250e+02 1.237972183227539062e+02 2.695552978515625000e+02 4.010240478515625000e+02
1.059860610961914062e+02 5.618177490234375000e+02 7.071459197998046875e+01 1.784653625488281250e+02 1.237511062622070312e+02 3.744955810546875000e+03 1.877228851318359375e+02 1.856884155273437500e+02 1.652024902343750000e+03 3.769925537109375000e+02 3.370208740234375000e+02 3.380572814941406250e+02 4.418586425781250000e+02 1.246589202880859375e+02 2.581107482910156250e+02 3.976195678710937500e+02
1.202376632690429688e+02 5.637252197265625000e+02 6.553945159912109375e+01 1.761981048583984375e+02 1.261347579956054688e+02 3.627160156250000000e+03 1.785027923583984375e+02 1.738184204101562500e+02 1.600030517578125000e+03 3.824564819335937500e+02 3.270980224609375000e+02 3.371728515625000000e+02 4.482575378417968750e+02 1.359443817138671875e+02 2.563688354492187500e+02 3.807259521484375000e+02
1.093805541992187500e+02 5.593987426757812500e+02 6.688239288330078125e+01 1.719301452636718750e+02 1.271437606811523438e+02 3.951061523437500000e+03 1.781023712158203125e+02 1.818820190429687500e+02 1.581310302734375000e+03 4.042348022460937500e+02 3.471846923828125000e+02 3.426513061523437500e+02 4.442724304199218750e+02 1.306607513427734375e+02 2.593169555664062500e+02 3.846348266601562500e+02
1.027472076416015625e+02 5.362658691406250000e+02 6.261781692504882812e+01 1.681324157714843750e+02 1.255823211669921875e+02 3.573777832031250000e+03 1.672194061279296875e+02 1.825429382324218750e+02 1.583323852539062500e+03 3.878045349121093750e+02 3.381864013671875000e+02 3.380956115722656250e+02 4.341517944335937500e+02 1.265317764282226562e+02 2.508451232910156250e+02 3.915845336914062500e+02
1.007413711547851562e+02 5.417321777343750000e+02 6.045056533813476562e+01 1.494630737304687500e+02 1.276470108032226562e+02 3.457506835937500000e+03 1.767247924804687500e+02 1.780600585937500000e+02 1.570988403320312500e+03 3.851782226562500000e+02 3.271078491210937500e+02 3.407882385253906250e+02 4.688664550781250000e+02 1.218494186401367188e+02 2.634446716308593750e+02 3.806992797851562500e+02
1.007001953125000000e+02 5.227539672851562500e+02 6.594135284423828125e+01 1.482256011962890625e+02 1.256329879760742188e+02 3.501432861328125000e+03 1.587931823730468750e+02 1.732757873535156250e+02 1.596532958984375000e+03 3.681387023925781250e+02 3.332798156738281250e+02 3.416817321777343750e+02 4.567985229492187500e+02 1.174838333129882812e+02 2.287529296875000000e+02 3.731952209472656250e+02
9.293541717529296875e+01 5.185851440429687500e+02 5.841853713989257812e+01 1.432189636230468750e+02 1.260037918090820312e+02 3.315221191406250000e+03 1.685665893554687500e+02 1.534856567382812500e+02 1.521835693359375000e+03 3.553952941894531250e+02 3.197957763671875000e+02 3.356604919433593750e+02 4.540966186523437500e+02 1.156865386962890625e+02 2.422218017578125000e+02 3.663964843750000000e+02
1.025402603149414062e+02 5.107719726562500000e+02 4.805034637451171875e+01 1.426993713378906250e+02 1.279906463623046875e+02 3.678373779296875000e+03 1.571143341064453125e+02 1.677149658203125000e+02 1.491407348632812500e+03 3.445320129394531250e+02 3.193621826171875000e+02 3.397828063964843750e+02 4.310537109375000000e+02 1.151733627319335938e+02 2.402576141357421875e+02 3.499880676269531250e+02
8.779882812500000000e+01 5.030351562500000000e+02 5.039619445800781250e+01 1.292479095458984375e+02 1.266909408569335938e+02 3.417437255859375000e+03 1.545015411376953125e+02 1.599272308349609375e+02 1.441745605468750000e+03 3.565142211914062500e+02 3.066131591796875000e+02 3.380625610351562500e+02 4.354717407226562500e+02 1.054672698974609375e+02 2.414404907226562500e+02 3.600466308593750000e+02
8.657495117187500000e+01 4.970693664550781250e+02 4.159435653686523438e+01 1.287053985595703125e+02 1.195383148193359375e+02 3.282062255859375000e+03 1.537404785156250000e+02 1.538888244628906250e+02 1.410751953125000000e+03 3.578228759765625000e+02 3.031594848632812500e+02 3.271546325683593750e+02 3.866730957031250000e+02 1.131853790283203125e+02 2.224784851074218750e+02 3.519609375000000000e+02
9.092751312255859375e+01 4.957660522460937500e+02 4.232984542846679688e+01 1.310278320312500000e+02 1.187087402343750000e+02 3.292364257812500000e+03 1.495813293457031250e+02 1.534314727783203125e+02 1.460836669921875000e+03 3.599513549804687500e+02 3.043130187988281250e+02 3.260462646484375000e+02 3.700333251953125000e+02 1.138018341064453125e+02 2.392022247314453125e+02 3.639223327636718750e+02
1.002758026123046875e+02 5.009678955078125000e+02 4.526068115234375000e+01 1.355990905761718750e+02 1.150726776123046875e+02 3.308149658203125000e+03 1.518159942626953125e+02 1.620007324218750000e+02 1.422669921875000000e+03 3.385270690917968750e+02 3.058016662597656250e+02 3.233880920410156250e+02 3.778569641113281250e+02 1.152453308105468750e+02 2.228435516357421875e+02 3.668908691406250000e+02
8.762347412109375000e+01 4.815144653320312500e+02 4.737225341796875000e+01 1.433162841796875000e+02 1.165005569458007812e+02 3.203506103515625000e+03 1.610736694335937500e+02 1.584731597900390625e+02 1.461931518554687500e+03 3.704938964843750000e+02 2.985814208984375000e+02 3.060775756835937500e+02 3.826834716796875000e+02 1.138428726196289062e+02 2.263815765380859375e+02 3.736473083496093750e+02
9.072413635253906250e+01 4.941656494140625000e+02 4.941455078125000000e+01 1.499550628662109375e+02 1.140859909057617188e+02 3.195151855468750000e+03 1.570300750732421875e+02 1.547595672607421875e+02 1.366078125000000000e+03 3.803016967773437500e+02 3.002326049804687500e+02 2.961717529296875000e+02 3.905663757324218750e+02 1.162478713989257812e+02 2.193719329833984375e+02 3.749745178222656250e+02
1.034684295654296875e+02 5.241820068359375000e+02 5.300609588623046875e+01 1.547369995117187500e+02 1.189170913696289062e+02 3.334457519531250000e+03 1.696751708984375000e+02 1.752863616943359375e+02 1.492383178710937500e+03 3.847955017089843750e+02 3.282540893554687500e+02 3.301899414062500000e+02 4.204393310546875000e+02 1.224072341918945312e+02 2.205816955566406250e+02 3.872206115722656250e+02
9.186073303222656250e+01 5.060106506347656250e+02 5.332138061523437500e+01 1.547260894775390625e+02 1.185604248046875000e+02 3.379231201171875000e+03 1.614758605957031250e+02 1.592279663085937500e+02 1.450821411132812500e+03 3.852515869140625000e+02 3.035062561035156250e+02 3.212012023925781250e+02 4.271773376464843750e+02 1.178857116699218750e+02 2.196097412109375000e+02 3.890193176269531250e+02
9.289428710937500000e+01 5.052862243652343750e+02 5.407478332519531250e+01 1.548749694824218750e+02 1.209528121948242188e+02 3.595647949218750000e+03 1.597317810058593750e+02 1.688850555419921875e+02 1.446876953125000000e+03 3.845144653320312500e+02 3.203035278320312500e+02 3.208588256835937500e+02 4.438796691894531250e+02 1.246816711425781250e+02 2.408351898193359375e+02 4.084140014648437500e+02
9.279161834716796875e+01 4.981353759765625000e+02 5.576444625854492188e+01 1.602875061035156250e+02 1.213729629516601562e+02 3.569174804687500000e+03 1.594058532714843750e+02 1.749963073730468750e+02 1.480649536132812500e+03 3.940338134765625000e+02 3.346493530273437500e+02 3.329275512695312500e+02 4.421035766601562500e+02 1.248924636840820312e+02 2.472452545166015625e+02 4.069700927734375000e+02
1.109622573852539062e+02 4.962467041015625000e+02 5.767534637451171875e+01 1.565225830078125000e+02 1.197067871093750000e+02 3.424664306640625000e+03 1.610081939697265625e+02 1.590973968505859375e+02 1.381147583007812500e+03 3.837566528320312500e+02 3.037594604492187500e+02 3.061372680664062500e+02 4.401821899414062500e+02 1.227819061279296875e+02 2.402308959960937500e+02 3.972132568359375000e+02
1.057861480712890625e+02 5.061589050292968750e+02 7.058446502685546875e+01 1.699746551513671875e+02 1.196224517822265625e+02 3.458685546875000000e+03 1.605446929931640625e+02 1.641069335937500000e+02 1.663050415039062500e+03 3.611341857910156250e+02 3.213318481445312500e+02 3.281333923339843750e+02 4.228259887695312500e+02 1.142251663208007812e+02 2.243732452392578125e+02 3.893768005371093750e+02
1.126171112060546875e+02 5.410919189453125000e+02 7.021430206298828125e+01 2.053515319824218750e+02 1.026009368896484375e+02 4.001006347656250000e+03 1.755709838867187500e+02 1.827875518798828125e+02 1.627951049804687500e+03 3.846933593750000000e+02 3.531403503417968750e+02 2.868679199218750000e+02 4.612095336914062500e+02 1.198555145263671875e+02 2.417754821777343750e+02 4.137252197265625000e+02
1.131024017333984375e+02 5.434224853515625000e+02 7.253093719482421875e+01 2.137013397216796875e+02 1.236848831176757812e+02 3.766331542968750000e+03 1.764588928222656250e+02 1.854370880126953125e+02 1.599267944335937500e+03 4.688140258789062500e+02 3.542088623046875000e+02 3.060138549804687500e+02 5.288182373046875000e+02 1.203802185058593750e+02 2.488046875000000000e+02 4.084926757812500000e+02
1.023997421264648438e+02 5.168048706054687500e+02 5.878389358520507812e+01 1.906651306152343750e+02 1.155616836547851562e+02 4.054265869140625000e+03 1.587207031250000000e+02 1.768514709472656250e+02 1.604145751953125000e+03 4.370495605468750000e+02 3.360096435546875000e+02 3.330202636718750000e+02 5.059002075195312500e+02 1.163681793212890625e+02 2.489360809326171875e+02 4.001004333496093750e+02
9.876541137695312500e+01 4.679423217773437500e+02 4.875662231445312500e+01 1.763189697265625000e+02 1.112099456787109375e+02 3.355641357421875000e+03 1.631551208496093750e+02 1.554416046142578125e+02 1.421318725585937500e+03 3.960805664062500000e+02 3.102611389160156250e+02 3.088422546386718750e+02 4.925028991699218750e+02 1.094600219726562500e+02 2.224892730712890625e+02 3.770937194824218750e+02
9.041171264648437500e+01 4.817828369140625000e+02 5.135411453247070312e+01 1.756550750732421875e+02 1.164429779052734375e+02 3.553500244140625000e+03 1.599946746826171875e+02 1.568351898193359375e+02 1.432244262695312500e+03 3.525269165039062500e+02 2.994862060546875000e+02 3.069464111328125000e+02 4.765051879882812500e+02 1.050578308105468750e+02 2.170296630859375000e+02 3.849607849121093750e+02
1.006754074096679688e+02 5.185203247070312500e+02 5.428716278076171875e+01 1.840063018798828125e+02 1.256024169921875000e+02 3.473430908203125000e+03 1.529631500244140625e+02 1.563740539550781250e+02 1.542015380859375000e+03 4.154986877441406250e+02 3.354131774902343750e+02 3.304340515136718750e+02 4.536985473632812500e+02 1.055615386962890625e+02 2.392031097412109375e+02 4.155282592773437500e+02
9.169390869140625000e+01 5.233962402343750000e+02 6.506130218505859375e+01 1.854741363525390625e+02 1.225664901733398438e+02 3.542488769531250000e+03 1.567477874755859375e+02 1.734486999511718750e+02 1.608133911132812500e+03 4.303136901855468750e+02 3.273347167968750000e+02 3.285240173339843750e+02 4.574223632812500000e+02 1.171547622680664062e+02 2.248588104248046875e+02 4.243790588378906250e+02
1.116613311767578125e+02 5.467028198242187500e+02 6.390714263916015625e+01 1.948725891113281250e+02 1.221179809570312500e+02 3.694065917968750000e+03 1.738557128906250000e+02 1.771004943847656250e+02 1.625531005859375000e+03 3.869880371093750000e+02 3.458543090820312500e+02 3.126194458007812500e+02 4.731065063476562500e+02 1.256598205566406250e+02 2.160543518066406250e+02 4.353882751464843750e+02
1.049156112670898438e+02 5.851237182617187500e+02 7.162753295898437500e+01 2.144956359863281250e+02 1.342633972167968750e+02 3.994656982421875000e+03 1.694971160888671875e+02 2.051179504394531250e+02 1.657194580078125000e+03 4.133732910156250000e+02 3.620761413574218750e+02 3.484442138671875000e+02 5.056715087890625000e+02 1.131133880615234375e+02 2.112989196777343750e+02 4.287789001464843750e+02
1.044982681274414062e+02 5.362694702148437500e+02 7.414736175537109375e+01 2.079091949462890625e+02 1.322828063964843750e+02 3.714868896484375000e+03 1.600656585693359375e+02 1.856015777587890625e+02 1.511029418945312500e+03 4.030527038574218750e+02 3.479338378906250000e+02 3.327002563476562500e+02 5.224714355468750000e+02 1.212970886230468750e+02 2.389356384277343750e+02 4.233970642089843750e+02
1.048557739257812500e+02 5.441384887695312500e+02 7.291714477539062500e+01 2.226061248779296875e+02 1.192828063964843750e+02 4.079115234375000000e+03 1.605779418945312500e+02 1.727775573730468750e+02 1.623035522460937500e+03 4.299891662597656250e+02 3.501447753906250000e+02 3.345999755859375000e+02 5.049878845214843750e+02 1.249966430664062500e+02 2.323704376220703125e+02 4.260840148925781250e+02
1.250282745361328125e+02 5.351165771484375000e+02 7.328112792968750000e+01 2.089067535400390625e+02 1.109114837646484375e+02 3.981858398437500000e+03 1.716956176757812500e+02 1.809524536132812500e+02 1.506166992187500000e+03 3.762179565429687500e+02 3.388044433593750000e+02 3.314601440429687500e+02 5.100966186523437500e+02 1.167135925292968750e+02 2.424890747070312500e+02 4.329267578125000000e+02
1.101912078857421875e+02 5.831400756835937500e+02 7.693553924560546875e+01 2.080297698974609375e+02 1.294600219726562500e+02 4.274539062500000000e+03 1.940176391601562500e+02 1.907258911132812500e+02 1.626742553710937500e+03 3.862008056640625000e+02 3.619263916015625000e+02 3.174724121093750000e+02 5.167983398437500000e+02 1.149107894897460938e+02 2.452171020507812500e+02 4.146806030273437500e+02
1.069418487548828125e+02 5.439547119140625000e+02 6.376179122924804688e+01 1.676167602539062500e+02 1.089126892089843750e+02 4.264828613281250000e+03 1.751816864013671875e+02 1.711220703125000000e+02 1.417102539062500000e+03 3.802832641601562500e+02 3.136406250000000000e+02 3.047653808593750000e+02 4.510298461914062500e+02 1.087960662841796875e+02 2.286421051025390625e+02 4.055383911132812500e+02
1.196108779907226562e+02 5.317985229492187500e+02 6.044274902343750000e+01 1.566066589355468750e+02 1.004243469238281250e+02 4.327247070312500000e+03 1.692262878417968750e+02 1.700012512207031250e+02 1.509582885742187500e+03 4.026397094726562500e+02 2.962792053222656250e+02 2.971106567382812500e+02 4.521145629882812500e+02 1.120930557250976562e+02 2.205196075439453125e+02 3.957439575195312500e+02
1.093276519775390625e+02 5.171476440429687500e+02 5.357479095458984375e+01 1.505906982421875000e+02 1.014355163574218750e+02 4.095620361328125000e+03 1.587835998535156250e+02 1.615446166992187500e+02 1.560658447265625000e+03 4.074133911132812500e+02 3.082417602539062500e+02 3.008422241210937500e+02 4.400590515136718750e+02 1.101496429443359375e+02 2.104311370849609375e+02 3.801293640136718750e+02
8.948358917236328125e+01 5.130031127929687500e+02 6.366484069824218750e+01 1.510885314941406250e+02 1.076242980957031250e+02 4.382203613281250000e+03 1.595594177246093750e+02 1.550571899414062500e+02 1.577563598632812500e+03 3.836057739257812500e+02 2.982224731445312500e+02 2.897483520507812500e+02 4.782231445312500000e+02 1.271540985107421875e+02 2.151973724365234375e+02 3.578577575683593750e+02
1.082424163818359375e+02 5.229891967773437500e+02 7.544078826904296875e+01 1.562081146240234375e+02 1.052387084960937500e+02 4.274983886718750000e+03 1.590979766845703125e+02 1.665294036865234375e+02 1.544367065429687500e+03 3.510318603515625000e+02 2.944183349609375000e+02 3.098592529296875000e+02 4.680074462890625000e+02 1.398477172851562500e+02 2.353053894042968750e+02 3.668700866699218750e+02
1.180657653808593750e+02 5.634674072265625000e+02 7.269334411621093750e+01 1.814073791503906250e+02 1.104747924804687500e+02 4.364742675781250000e+03 1.584248962402343750e+02 1.765508117675781250e+02 1.533170410156250000e+03 3.505929260253906250e+02 3.353479614257812500e+02 3.216680603027343750e+02 4.577278442382812500e+02 1.386370697021484375e+02 2.482200775146484375e+02 3.960927429199218750e+02
9.746011352539062500e+01 5.231463623046875000e+02 6.912432098388671875e+01 1.567463226318359375e+02 1.119156341552734375e+02 4.074935302734375000e+03 1.755795440673828125e+02 1.522338104248046875e+02 1.528192993164062500e+03 3.567337341308593750e+02 3.199175109863281250e+02 2.952400512695312500e+02 4.816419372558593750e+02 1.303079376220703125e+02 2.467709808349609375e+02 3.945565795898437500e+02
1.177439956665039062e+02 5.548614501953125000e+02 6.822872161865234375e+01 1.841098327636718750e+02 1.122720336914062500e+02 4.551679687500000000e+03 1.774231414794921875e+02 1.566276245117187500e+02 1.521174560546875000e+03 3.917878723144531250e+02 3.376223754882812500e+02 3.167408447265625000e+02 4.870167846679687500e+02 1.410644989013671875e+02 2.449159240722656250e+02 4.087892456054687500e+02
1.111853485107421875e+02 5.552595825195312500e+02 6.479380035400390625e+01 1.914983062744140625e+02 1.117155303955078125e+02 4.311888671875000000e+03 1.744966278076171875e+02 1.612334442138671875e+02 1.649348999023437500e+03 3.768313598632812500e+02 3.427677001953125000e+02 3.110499877929687500e+02 4.858333129882812500e+02 1.299940948486328125e+02 2.577551269531250000e+02 4.119494323730468750e+02
1.061304855346679688e+02 5.069885864257812500e+02 6.386885070800781250e+01 1.665879211425781250e+02 1.092619171142578125e+02 3.714903076171875000e+03 1.585427398681640625e+02 1.529715270996093750e+02 1.612338989257812500e+03 3.514443359375000000e+02 3.046555786132812500e+02 2.957160034179687500e+02 4.523012695312500000e+02 1.199543075561523438e+02 2.488033752441406250e+02 3.977087097167968750e+02
1.159437408447265625e+02 5.388245239257812500e+02 7.117764282226562500e+01 1.763921203613281250e+02 1.121372833251953125e+02 4.197291992187500000e+03 1.686183013916015625e+02 1.610276641845703125e+02 1.586753173828125000e+03 3.512064208984375000e+02 3.127358703613281250e+02 3.089613647460937500e+02 4.703517456054687500e+02 1.437879333496093750e+02 2.833774108886718750e+02 3.904373779296875000e+02
1.144122085571289062e+02 5.480834960937500000e+02 6.887288665771484375e+01 1.845059967041015625e+02 1.220539093017578125e+02 4.551281738281250000e+03 1.760940093994140625e+02 1.544186706542968750e+02 1.681688232421875000e+03 3.853898620605468750e+02 3.360033264160156250e+02 3.148471069335937500e+02 4.874013061523437500e+02 1.408127593994140625e+02 2.614809875488281250e+02 4.272777404785156250e+02
9.614987182617187500e+01 5.468402099609375000e+02 6.078002548217773438e+01 1.635754394531250000e+02 1.176328353881835938e+02 3.633600585937500000e+03 1.622700347900390625e+02 1.519385833740234375e+02 1.636427856445312500e+03 3.640174255371093750e+02 3.010815429687500000e+02 2.974812011718750000e+02 4.226480102539062500e+02 1.188718872070312500e+02 2.828871459960937500e+02 4.021809692382812500e+02
9.425862121582031250e+01 4.985596923828125000e+02 4.660039520263671875e+01 1.687586364746093750e+02 1.096155090332031250e+02 4.142729003906250000e+03 1.561056823730468750e+02 1.561258850097656250e+02 1.539708251953125000e+03 3.574105224609375000e+02 2.964274902343750000e+02 2.811304626464843750e+02 3.879199523925781250e+02 1.281419219970703125e+02 2.729069213867187500e+02 3.928765869140625000e+02
8.915173339843750000e+01 5.035251159667968750e+02 4.937258148193359375e+01 1.624560699462890625e+02 1.024600830078125000e+02 4.223876953125000000e+03 1.583327331542968750e+02 1.539480285644531250e+02 1.598106811523437500e+03 3.642430419921875000e+02 2.969860534667968750e+02 2.827406311035156250e+02 4.054164428710937500e+02 1.308189544677734375e+02 2.459929809570312500e+02 4.025347900390625000e+02
9.050717163085937500e+01 5.593167114257812500e+02 6.038396072387695312e+01 1.931106872558593750e+02 1.221682662963867188e+02 4.280550781250000000e+03 1.619206085205078125e+02 1.661645812988281250e+02 1.576434936523437500e+03 3.939683227539062500e+02 3.226753234863281250e+02 3.333213806152343750e+02 4.183706970214843750e+02 1.231013946533203125e+02 2.675544433593750000e+02 4.071317443847656250e+02
1.047732543945312500e+02 5.411480102539062500e+02 6.047053909301757812e+01 1.750042572021484375e+02 1.235405426025390625e+02 3.953519531250000000e+03 1.665708770751953125e+02 1.626830596923828125e+02 1.556675659179687500e+03 4.349608459472656250e+02 3.343389282226562500e+02 3.371411132812500000e+02 4.140662231445312500e+02 1.246218032836914062e+02 2.670279541015625000e+02 4.129891052246093750e+02
9.662850952148437500e+01 5.710516967773437500e+02 5.888636016845703125e+01 1.663619079589843750e+02 1.212713241577148438e+02 4.287047363281250000e+03 1.644356536865234375e+02 1.630594024658203125e+02 1.548309570312500000e+03 4.035400085449218750e+02 3.327733764648437500e+02 3.155491943359375000e+02 4.015153808593750000e+02 1.210892944335937500e+02 2.566645202636718750e+02 4.288558044433593750e+02
1.140211257934570312e+02 5.768870239257812500e+02 6.113649368286132812e+01 1.845396728515625000e+02 1.221372070312500000e+02 4.321548828125000000e+03 1.685335845947265625e+02 1.680495910644531250e+02 1.607106323242187500e+03 4.209827270507812500e+02 3.654660034179687500e+02 3.366664733886718750e+02 4.241392211914062500e+02 1.230560073852539062e+02 2.612179565429687500e+02 4.381176452636718750e+02
1.104165496826171875e+02 5.765375976562500000e+02 6.196232604980468750e+01 2.030849914550781250e+02 1.217161178588867188e+02 4.407157714843750000e+03 1.722152709960937500e+02 1.707108306884765625e+02 1.621974853515625000e+03 3.995219726562500000e+02 3.464047851562500000e+02 3.150805053710937500e+02 4.326166992187500000e+02 1.252569580078125000e+02 2.490075836181640625e+02 4.401185302734375000e+02
1.132009887695312500e+02 5.712723388671875000e+02 6.225901794433593750e+01 1.874810180664062500e+02 1.224659576416015625e+02 4.552728027343750000e+03 1.807767791748046875e+02 1.711316070556640625e+02 1.589301635742187500e+03 4.060286254882812500e+02 3.388651123046875000e+02 3.244975891113281250e+02 4.543095703125000000e+02 1.322408752441406250e+02 2.410154876708984375e+02 4.491871032714843750e+02
