1.116825256347656250e+02 5.168272705078125000e+02 6.988491821289062500e+01 1.390992431640625000e+02 1.262105941772460938e+02 3.266504882812500000e+03 1.665505981445312500e+02 1.860415344238281250e+02 1.609042358398437500e+03 3.418626708984375000e+02 3.117972412109375000e+02 3.475885620117187500e+02 5.422800292968750000e+02 1.290394592285156250e+02 2.712976989746093750e+02 3.549125976562500000e+02
9.301641845703125000e+01 5.275085449218750000e+02 7.074668121337890625e+01 1.390205383300781250e+02 1.280375366210937500e+02 3.218750488281250000e+03 1.690677490234375000e+02 1.833284912109375000e+02 1.593673095703125000e+03 3.323892211914062500e+02 3.274622192382812500e+02 3.500714111328125000e+02 5.394041137695312500e+02 1.132229003906250000e+02 2.681068115234375000e+02 3.737842102050781250e+02
8.641060638427734375e+01 5.305063476562500000e+02 6.967598724365234375e+01 1.376812133789062500e+02 1.291711730957031250e+02 3.238567626953125000e+03 1.740097961425781250e+02 1.858330383300781250e+02 1.672474487304687500e+03 3.383499450683593750e+02 3.174523925781250000e+02 3.472685241699218750e+02 4.971381835937500000e+02 1.099454345703125000e+02 2.548534851074218750e+02 3.631623535156250000e+02
1.063096084594726562e+02 5.384975585937500000e+02 6.395434951782226562e+01 1.317420043945312500e+02 1.292292480468750000e+02 3.386781738281250000e+03 1.647200927734375000e+02 1.703107452392578125e+02 1.603782470703125000e+03 3.424863891601562500e+02 2.999159851074218750e+02 3.476374206542968750e+02 5.281325683593750000e+02 1.289831695556640625e+02 2.513010101318359375e+02 3.499797973632812500e+02
9.369078826904296875e+01 5.642718505859375000e+02 6.806187438964843750e+01 1.282023010253906250e+02 1.290353088378906250e+02 3.453774658203125000e+03 1.678964691162109375e+02 1.763356323242187500e+02 1.569715209960937500e+03 3.825223693847656250e+02 3.305031127929687500e+02 3.495611267089843750e+02 4.978839111328125000e+02 1.244285202026367188e+02 2.531898651123046875e+02 3.523721618652343750e+02
8.080084228515625000e+01 5.384697875976562500e+02 6.701274108886718750e+01 1.326770019531250000e+02 1.290755615234375000e+02 3.389837158203125000e+03 1.604531555175781250e+02 1.864850006103515625e+02 1.580114257812500000e+03 3.713931884765625000e+02 3.242662963867187500e+02 3.490505371093750000e+02 4.870233154296875000e+02 1.190265350341796875e+02 2.504269409179687500e+02 3.670925903320312500e+02
8.417120361328125000e+01 5.757108764648437500e+02 6.289783477783203125e+01 1.321835632324218750e+02 1.296342163085937500e+02 3.435790039062500000e+03 1.775591583251953125e+02 1.821485900878906250e+02 1.583017089843750000e+03 3.851692504882812500e+02 3.383686828613281250e+02 3.488955688476562500e+02 5.505443725585937500e+02 1.128261032104492188e+02 2.661973266601562500e+02 3.564883422851562500e+02
8.838336181640625000e+01 5.653395385742187500e+02 6.651860046386718750e+01 1.367417602539062500e+02 1.280246276855468750e+02 3.491418212890625000e+03 1.622426452636718750e+02 1.839083404541015625e+02 1.588246704101562500e+03 3.691760253906250000e+02 3.430446472167968750e+02 3.496602172851562500e+02 5.426594238281250000e+02 1.127014083862304688e+02 2.295029907226562500e+02 3.558713378906250000e+02
8.600986480712890625e+01 5.485518798828125000e+02 6.071845626831054688e+01 1.343759765625000000e+02 1.295202026367187500e+02 3.494038574218750000e+03 1.717235412597656250e+02 1.647369079589843750e+02 1.570463867187500000e+03 3.594677124023437500e+02 3.312004394531250000e+02 3.490370483398437500e+02 5.374935302734375000e+02 1.123741455078125000e+02 2.413307800292968750e+02 3.678391723632812500e+02
9.790086364746093750e+01 5.378309326171875000e+02 5.415868377685546875e+01 1.408574066162109375e+02 1.296229248046875000e+02 3.663041015625000000e+03 1.630893859863281250e+02 1.771749877929687500e+02 1.530632812500000000e+03 3.609916992187500000e+02 3.339480590820312500e+02 3.508730163574218750e+02 4.770165100097656250e+02 1.124348449707031250e+02 2.413936309814453125e+02 3.630836791992187500e+02
9.003222656250000000e+01 5.546776123046875000e+02 5.736474990844726562e+01 1.393208007812500000e+02 1.296522827148437500e+02 3.502731201171875000e+03 1.634228363037109375e+02 1.718000183105468750e+02 1.505407958984375000e+03 3.716392211914062500e+02 3.323742065429687500e+02 3.594960327148437500e+02 5.123479614257812500e+02 1.109221496582031250e+02 2.447972412109375000e+02 3.681337890625000000e+02
8.265929412841796875e+01 5.355106811523437500e+02 5.199175643920898438e+01 1.380074157714843750e+02 1.295145263671875000e+02 3.327639404296875000e+03 1.632201080322265625e+02 1.665189819335937500e+02 1.478735839843750000e+03 3.816099853515625000e+02 3.341717529296875000e+02 3.639710388183593750e+02 4.867823181152343750e+02 1.167668609619140625e+02 2.376318817138671875e+02 3.652907714843750000e+02
8.788821411132812500e+01 5.298700561523437500e+02 5.039093017578125000e+01 1.247987365722656250e+02 1.297419586181640625e+02 3.249218017578125000e+03 1.545074310302734375e+02 1.660742950439453125e+02 1.516331542968750000e+03 3.784208068847656250e+02 3.199971923828125000e+02 3.635041503906250000e+02 4.813764953613281250e+02 1.153327255249023438e+02 2.639949951171875000e+02 3.808176879882812500e+02
1.042415084838867188e+02 5.306356201171875000e+02 5.339566802978515625e+01 1.169328308105468750e+02 1.348648834228515625e+02 3.151402343750000000e+03 1.522719573974609375e+02 1.677066955566406250e+02 1.448681762695312500e+03 3.368585815429687500e+02 3.156992492675781250e+02 3.620253295898437500e+02 4.832401123046875000e+02 1.158082427978515625e+02 2.318255767822265625e+02 3.718990478515625000e+02
8.002732849121093750e+01 4.737795410156250000e+02 4.863653564453125000e+01 1.092780609130859375e+02 1.345495910644531250e+02 3.082145019531250000e+03 1.557138061523437500e+02 1.599040527343750000e+02 1.433181274414062500e+03 3.679873352050781250e+02 3.010332946777343750e+02 3.436724853515625000e+02 4.791532287597656250e+02 1.132420349121093750e+02 2.298293304443359375e+02 3.684292602539062500e+02
7.431228637695312500e+01 4.450385742187500000e+02 4.332597351074218750e+01 1.008197326660156250e+02 1.330383300781250000e+02 2.904299804687500000e+03 1.369260711669921875e+02 1.314890136718750000e+02 1.249559570312500000e+03 3.631111450195312500e+02 2.746004638671875000e+02 3.137891845703125000e+02 4.339497070312500000e+02 1.118389282226562500e+02 2.221078491210937500e+02 3.602992553710937500e+02
9.076656341552734375e+01 4.558055419921875000e+02 5.268103027343750000e+01 9.818069458007812500e+01 1.321027526855468750e+02 3.106367431640625000e+03 1.474785614013671875e+02 1.561207580566406250e+02 1.381772705078125000e+03 3.754683837890625000e+02 2.916213378906250000e+02 3.523921203613281250e+02 4.651450500488281250e+02 1.144396820068359375e+02 2.180727691650390625e+02 3.683925781250000000e+02
6.938632202148437500e+01 4.157408447265625000e+02 5.400276184082031250e+01 9.060484313964843750e+01 1.264346313476562500e+02 2.934474365234375000e+03 1.342052917480468750e+02 1.280996551513671875e+02 1.374033813476562500e+03 3.651115417480468750e+02 2.421660766601562500e+02 3.227475280761718750e+02 4.411368713378906250e+02 1.028318405151367188e+02 2.218023376464843750e+02 3.744873962402343750e+02
6.699749755859375000e+01 3.987070312500000000e+02 4.939118194580078125e+01 8.386972045898437500e+01 1.168468780517578125e+02 2.670020507812500000e+03 1.284271850585937500e+02 1.291383056640625000e+02 1.236594726562500000e+03 3.253712158203125000e+02 2.417130737304687500e+02 3.098565368652343750e+02 4.277977905273437500e+02 1.129810028076171875e+02 2.462741088867187500e+02 4.015162353515625000e+02
6.356383514404296875e+01 3.796532592773437500e+02 3.644824981689453125e+01 8.038447570800781250e+01 1.059937438964843750e+02 2.383841796875000000e+03 1.241708908081054688e+02 1.311140441894531250e+02 1.206950317382812500e+03 3.246013183593750000e+02 2.576044921875000000e+02 3.064676208496093750e+02 3.788028869628906250e+02 1.077792053222656250e+02 2.270766754150390625e+02 3.748737792968750000e+02
7.020138549804687500e+01 3.410161437988281250e+02 1.858532333374023438e+01 5.559066772460937500e+01 9.328584289550781250e+01 2.114304931640625000e+03 1.148508834838867188e+02 1.038959960937500000e+02 1.056779541015625000e+03 2.822371520996093750e+02 2.061890258789062500e+02 2.541759796142578125e+02 3.377309265136718750e+02 9.402689361572265625e+01 1.845077667236328125e+02 3.330108032226562500e+02
5.062113952636718750e+01 3.116137390136718750e+02 1.501647949218750000e+01 3.465159606933593750e+01 7.826853942871093750e+01 1.954077392578125000e+03 1.034304733276367188e+02 9.408154296875000000e+01 1.161980957031250000e+03 2.469247741699218750e+02 1.786096801757812500e+02 2.451517791748046875e+02 2.569869079589843750e+02 7.913478851318359375e+01 1.543227386474609375e+02 2.756150817871093750e+02
1.044780578613281250e+02 5.339210815429687500e+02 7.635891723632812500e+01 1.674765319824218750e+02 1.286837158203125000e+02 3.305685791015625000e+03 1.671921234130859375e+02 1.732857055664062500e+02 1.600233642578125000e+03 3.811535644531250000e+02 3.307159118652343750e+02 3.485602416992187500e+02 5.270369873046875000e+02 1.233819885253906250e+02 2.314762420654296875e+02 4.123607177734375000e+02
1.009013595581054688e+02 4.945449829101562500e+02 8.300379943847656250e+01 1.755069580078125000e+02 1.366150817871093750e+02 3.179206054687500000e+03 1.559960937500000000e+02 1.673342285156250000e+02 1.615560913085937500e+03 4.451057128906250000e+02 3.116018981933593750e+02 3.369215393066406250e+02 5.479136352539062500e+02 1.119828338623046875e+02 2.428060607910156250e+02 3.831312255859375000e+02
1.008991165161132812e+02 5.390483398437500000e+02 7.386145019531250000e+01 1.816785125732421875e+02 1.377530517578125000e+02 3.484281982421875000e+03 1.493229980468750000e+02 1.848242034912109375e+02 1.615970825195312500e+03 4.233897705078125000e+02 3.405922546386718750e+02 3.612085876464843750e+02 5.531146240234375000e+02 1.259210739135742188e+02 2.368426208496093750e+02 4.150682983398437500e+02
9.918332672119140625e+01 4.818068237304687500e+02 6.621893310546875000e+01 1.635940551757812500e+02 1.298148193359375000e+02 3.029499511718750000e+03 1.677759246826171875e+02 1.549068145751953125e+02 1.475223754882812500e+03 4.115735168457031250e+02 3.121734619140625000e+02 3.390197143554687500e+02 5.257208251953125000e+02 1.171849060058593750e+02 2.248201446533203125e+02 3.881869506835937500e+02
8.394121551513671875e+01 4.963024291992187500e+02 6.853451538085937500e+01 1.598797912597656250e+02 1.377006530761718750e+02 3.619238769531250000e+03 1.616143035888671875e+02 1.561013336181640625e+02 1.527218261718750000e+03 3.487973632812500000e+02 2.928256225585937500e+02 3.387234497070312500e+02 4.989200439453125000e+02 1.097377471923828125e+02 2.154718780517578125e+02 3.980765991210937500e+02
9.986464691162109375e+01 5.542684936523437500e+02 6.918782043457031250e+01 1.739902954101562500e+02 1.382171936035156250e+02 3.485218994140625000e+03 1.501561126708984375e+02 1.515812988281250000e+02 1.590612670898437500e+03 4.111836853027343750e+02 3.466569213867187500e+02 3.636014099121093750e+02 5.079463500976562500e+02 1.093793640136718750e+02 2.272075195312500000e+02 4.149826049804687500e+02
8.530720520019531250e+01 5.504365234375000000e+02 6.920613098144531250e+01 1.685364379882812500e+02 1.349296264648437500e+02 3.653797607421875000e+03 1.520194091796875000e+02 1.746039123535156250e+02 1.636351562500000000e+03 4.163364868164062500e+02 3.232818298339843750e+02 3.578696289062500000e+02 5.090474548339843750e+02 1.226051177978515625e+02 2.190368041992187500e+02 4.146983642578125000e+02
1.040864105224609375e+02 5.337546997070312500e+02 6.495208740234375000e+01 1.498611450195312500e+02 1.330111846923828125e+02 3.820315185546875000e+03 1.660215606689453125e+02 1.589440917968750000e+02 1.627663452148437500e+03 3.735422058105468750e+02 3.117156982421875000e+02 3.427157592773437500e+02 4.821375732421875000e+02 1.241257934570312500e+02 1.936649169921875000e+02 4.092945556640625000e+02
9.115333557128906250e+01 5.518121337890625000e+02 6.730648040771484375e+01 1.750083618164062500e+02 1.363500518798828125e+02 3.607410400390625000e+03 1.533728332519531250e+02 1.826849975585937500e+02 1.633781738281250000e+03 4.023827819824218750e+02 3.268120727539062500e+02 3.576071166992187500e+02 4.848121948242187500e+02 1.078462371826171875e+02 1.819698028564453125e+02 4.033958435058593750e+02
8.960253906250000000e+01 4.928305358886718750e+02 6.883182525634765625e+01 1.656919097900390625e+02 1.344656066894531250e+02 3.391534179687500000e+03 1.410148010253906250e+02 1.674562072753906250e+02 1.543271118164062500e+03 3.917077941894531250e+02 2.999237060546875000e+02 3.530892333984375000e+02 4.986357116699218750e+02 1.167245864868164062e+02 2.152126770019531250e+02 3.981900634765625000e+02
8.979626464843750000e+01 4.982834777832031250e+02 6.901190948486328125e+01 1.849727478027343750e+02 1.294154052734375000e+02 3.705247558593750000e+03 1.412641601562500000e+02 1.494058074951171875e+02 1.647234985351562500e+03 4.125650329589843750e+02 2.982026367187500000e+02 3.530145568847656250e+02 4.969769287109375000e+02 1.198243789672851562e+02 2.133037719726562500e+02 3.990100097656250000e+02
1.144664459228515625e+02 4.979929199218750000e+02 7.254885101318359375e+01 1.928532562255859375e+02 1.203500976562500000e+02 3.868371093750000000e+03 1.511887359619140625e+02 1.599204406738281250e+02 1.540884033203125000e+03 3.741503906250000000e+02 3.018775024414062500e+02 3.520346679687500000e+02 5.034089355468750000e+02 1.081803436279296875e+02 2.197978363037109375e+02 4.051709594726562500e+02
1.056410675048828125e+02 5.888944091796875000e+02 7.735511779785156250e+01 2.245539398193359375e+02 1.255141448974609375e+02 4.048329589843750000e+03 1.770049743652343750e+02 1.895998229980468750e+02 1.710638916015625000e+03 4.060509948730468750e+02 3.600487976074218750e+02 3.395072937011718750e+02 5.326245727539062500e+02 1.125070266723632812e+02 2.463889312744140625e+02 4.187217407226562500e+02
1.054667129516601562e+02 5.367797851562500000e+02 6.622183990478515625e+01 1.758048095703125000e+02 1.126867218017578125e+02 3.261219726562500000e+03 1.655546722412109375e+02 1.655707702636718750e+02 1.433930297851562500e+03 3.707917785644531250e+02 3.040111083984375000e+02 3.288311462402343750e+02 4.939966430664062500e+02 9.914575195312500000e+01 2.248370666503906250e+02 4.093851318359375000e+02
1.151216278076171875e+02 5.385516967773437500e+02 6.368041992187500000e+01 1.718995971679687500e+02 1.137565689086914062e+02 3.391258789062500000e+03 1.536994171142578125e+02 1.687695007324218750e+02 1.544866455078125000e+03 4.046588745117187500e+02 3.025363769531250000e+02 3.253732910156250000e+02 5.156584472656250000e+02 1.065709762573242188e+02 2.173265991210937500e+02 4.170466613769531250e+02
1.057086639404296875e+02 5.221188964843750000e+02 5.770387268066406250e+01 1.597289886474609375e+02 1.145420150756835938e+02 3.475690429687500000e+03 1.470052642822265625e+02 1.620158843994140625e+02 1.593438110351562500e+03 4.045503540039062500e+02 3.087088317871093750e+02 3.274555664062500000e+02 5.678453369140625000e+02 1.027931365966796875e+02 2.047621612548828125e+02 3.919635925292968750e+02
7.569479370117187500e+01 5.310303344726562500e+02 6.220029067993164062e+01 1.533491973876953125e+02 1.174251861572265625e+02 3.561675537109375000e+03 1.474449615478515625e+02 1.484238891601562500e+02 1.609019897460937500e+03 3.772760009765625000e+02 2.997744140625000000e+02 3.108872375488281250e+02 5.663471679687500000e+02 1.206085968017578125e+02 2.118842468261718750e+02 3.644515991210937500e+02
9.173612976074218750e+01 5.359896240234375000e+02 7.353635406494140625e+01 1.562026214599609375e+02 1.167497482299804688e+02 3.709484863281250000e+03 1.468636932373046875e+02 1.562070617675781250e+02 1.552110717773437500e+03 3.311083374023437500e+02 2.755426025390625000e+02 3.340573730468750000e+02 5.702977905273437500e+02 1.319675750732421875e+02 2.351880950927734375e+02 3.693155212402343750e+02
1.006396713256835938e+02 5.901583251953125000e+02 7.385633087158203125e+01 1.706707000732421875e+02 1.175598449707031250e+02 3.902884277343750000e+03 1.464400329589843750e+02 1.700342712402343750e+02 1.527462646484375000e+03 3.208441467285156250e+02 3.113318481445312500e+02 3.369583129882812500e+02 5.496002807617187500e+02 1.325192260742187500e+02 2.861631774902343750e+02 4.010875549316406250e+02
8.628298950195312500e+01 5.445211791992187500e+02 6.804387664794921875e+01 1.580794982910156250e+02 1.172830352783203125e+02 3.636207031250000000e+03 1.570456085205078125e+02 1.446581115722656250e+02 1.592884643554687500e+03 3.338478393554687500e+02 2.955729064941406250e+02 3.215171203613281250e+02 5.423880615234375000e+02 1.234692993164062500e+02 2.861386108398437500e+02 3.986112670898437500e+02
1.030606079101562500e+02 5.696717529296875000e+02 6.799889373779296875e+01 1.678129119873046875e+02 1.170808334350585938e+02 4.089304443359375000e+03 1.607599182128906250e+02 1.496184692382812500e+02 1.543823730468750000e+03 3.556396179199218750e+02 3.032118835449218750e+02 3.366620483398437500e+02 5.561156616210937500e+02 1.351459197998046875e+02 2.747484436035156250e+02 4.134180603027343750e+02
9.789319610595703125e+01 5.772554931640625000e+02 6.679524230957031250e+01 1.895151062011718750e+02 1.177645568847656250e+02 3.382076660156250000e+03 1.566925659179687500e+02 1.517419433593750000e+02 1.953889770507812500e+03 3.375394592285156250e+02 3.216304626464843750e+02 3.341483459472656250e+02 5.625276489257812500e+02 1.265498733520507812e+02 2.806442871093750000e+02 4.237898559570312500e+02
9.044251251220703125e+01 5.397939453125000000e+02 6.659283447265625000e+01 1.676515655517578125e+02 1.176718521118164062e+02 3.607077148437500000e+03 1.511847839355468750e+02 1.433826141357421875e+02 1.854106323242187500e+03 3.291739501953125000e+02 2.933048400878906250e+02 3.122562255859375000e+02 5.441286621093750000e+02 1.158883209228515625e+02 2.721884155273437500e+02 4.170976562500000000e+02
1.054468383789062500e+02 5.525745239257812500e+02 7.149166870117187500e+01 1.707375335693359375e+02 1.183986663818359375e+02 3.614042236328125000e+03 1.579573516845703125e+02 1.505841674804687500e+02 1.832937011718750000e+03 3.292245178222656250e+02 2.972953491210937500e+02 3.342673950195312500e+02 5.511127929687500000e+02 1.460507659912109375e+02 2.856813659667968750e+02 4.013198242187500000e+02
1.061320419311523438e+02 5.789539794921875000e+02 7.001742553710937500e+01 1.799478302001953125e+02 1.220411682128906250e+02 4.066762939453125000e+03 1.703333587646484375e+02 1.443869934082031250e+02 1.897548828125000000e+03 3.418191223144531250e+02 3.178980102539062500e+02 3.366069946289062500e+02 5.671148681640625000e+02 1.435690002441406250e+02 2.673244628906250000e+02 4.305175476074218750e+02
8.668038940429687500e+01 5.721588745117187500e+02 6.305431365966796875e+01 1.668908691406250000e+02 1.218655700683593750e+02 3.353352294921875000e+03 1.569951477050781250e+02 1.355149383544921875e+02 1.842284912109375000e+03 3.363942871093750000e+02 2.896252441406250000e+02 3.234022827148437500e+02 5.386796875000000000e+02 1.232388229370117188e+02 2.856319580078125000e+02 4.147279052734375000e+02
8.243487548828125000e+01 5.129141845703125000e+02 5.139155578613281250e+01 1.705688171386718750e+02 1.202740859985351562e+02 3.907325195312500000e+03 1.472188568115234375e+02 1.434129180908203125e+02 1.725353149414062500e+03 3.347751464843750000e+02 2.828549499511718750e+02 2.979701232910156250e+02 5.305504760742187500e+02 1.292799987792968750e+02 2.761032714843750000e+02 3.956881713867187500e+02
8.047822570800781250e+01 5.071994323730468750e+02 5.371149826049804688e+01 1.617165374755859375e+02 1.235021820068359375e+02 3.901334716796875000e+03 1.506709289550781250e+02 1.319162902832031250e+02 1.791596679687500000e+03 3.416284179687500000e+02 2.822876586914062500e+02 2.990069580078125000e+02 5.407897949218750000e+02 1.371118164062500000e+02 2.520536804199218750e+02 4.028973693847656250e+02
8.006205749511718750e+01 5.674469604492187500e+02 6.750891876220703125e+01 2.011981658935546875e+02 1.253496704101562500e+02 3.619117187500000000e+03 1.521275177001953125e+02 1.439542083740234375e+02 1.755698242187500000e+03 3.687026672363281250e+02 2.963024902343750000e+02 3.363012084960937500e+02 5.334882812500000000e+02 1.301437225341796875e+02 2.717599792480468750e+02 4.136186218261718750e+02
9.399449157714843750e+01 5.408739624023437500e+02 6.764870452880859375e+01 1.776784667968750000e+02 1.252149887084960938e+02 3.578442871093750000e+03 1.529801483154296875e+02 1.403502197265625000e+02 1.692393676757812500e+03 4.350568847656250000e+02 3.066566467285156250e+02 3.357333374023437500e+02 5.033563232421875000e+02 1.292951660156250000e+02 2.723859863281250000e+02 4.261770324707031250e+02
8.731401062011718750e+01 5.718676757812500000e+02 6.064766311645507812e+01 1.646795959472656250e+02 1.285267639160156250e+02 3.658258789062500000e+03 1.428053588867187500e+02 1.332407989501953125e+02 1.695955444335937500e+03 3.961405029296875000e+02 3.057756958007812500e+02 3.315491027832031250e+02 4.728422241210937500e+02 1.165715484619140625e+02 2.743927612304687500e+02 4.297905578613281250e+02
9.958312225341796875e+01 5.673263549804687500e+02 6.223638153076171875e+01 1.673514709472656250e+02 1.261849060058593750e+02 3.760933105468750000e+03 1.492141723632812500e+02 1.375256042480468750e+02 1.735571166992187500e+03 4.044598083496093750e+02 3.364417114257812500e+02 3.363375244140625000e+02 5.027765197753906250e+02 1.111549072265625000e+02 2.668763122558593750e+02 4.315941467285156250e+02
9.637612915039062500e+01 5.672032470703125000e+02 6.051787567138671875e+01 1.928558502197265625e+02 1.262012252807617188e+02 3.723906738281250000e+03 1.499459381103515625e+02 1.383351745605468750e+02 1.722967041015625000e+03 3.755950012207031250e+02 3.120563354492187500e+02 3.282435302734375000e+02 5.076200561523437500e+02 1.133215026855468750e+02 2.518084411621093750e+02 4.311113281250000000e+02
1.015938491821289062e+02 5.551437988281250000e+02 6.126851654052734375e+01 1.715180816650390625e+02 1.259001617431640625e+02 3.942962646484375000e+03 1.573522186279296875e+02 1.413244628906250000e+02 1.671872192382812500e+03 3.753890991210937500e+02 3.067846069335937500e+02 3.411307373046875000e+02 5.318552246093750000e+02 1.202497253417968750e+02 2.416001892089843750e+02 4.366420288085937500e+02
8.818881225585937500e+01 5.280174560546875000e+02 5.644799041748046875e+01 1.675303802490234375e+02 1.278892593383789062e+02 3.197095947265625000e+03 1.713911743164062500e+02 1.326110839843750000e+02 1.421293701171875000e+03 3.985502014160156250e+02 2.939983825683593750e+02 3.440689392089843750e+02 5.007934570312500000e+02 1.257751922607421875e+02 2.345079040527343750e+02 3.882107543945312500e+02
1.034214248657226562e+02 4.591649475097656250e+02 5.068584060668945312e+01 1.562278747558593750e+02 1.287042541503906250e+02 3.125444824218750000e+03 1.458548278808593750e+02 1.328501129150390625e+02 1.345950805664062500e+03 3.460675048828125000e+02 2.699691162109375000e+02 2.894010314941406250e+02 4.732353820800781250e+02 1.169995193481445312e+02 2.143294067382812500e+02 3.811220092773437500e+02
9.307394409179687500e+01 4.854089050292968750e+02 4.816792297363281250e+01 1.577839202880859375e+02 1.291723937988281250e+02 3.304668701171875000e+03 1.474215240478515625e+02 1.328254699707031250e+02 1.452050170898437500e+03 3.736397094726562500e+02 2.815669555664062500e+02 3.209337158203125000e+02 5.059048461914062500e+02 1.067868041992187500e+02 2.208715820312500000e+02 4.104743652343750000e+02
1.030768280029296875e+02 4.644772338867187500e+02 5.011087799072265625e+01 1.577037963867187500e+02 1.287709655761718750e+02 3.399250976562500000e+03 1.518477020263671875e+02 1.337082214355468750e+02 1.350114013671875000e+03 3.435202026367187500e+02 2.830626831054687500e+02 3.038878173828125000e+02 5.028936767578125000e+02 1.211139678955078125e+02 2.090512695312500000e+02 3.981157226562500000e+02
1.034630584716796875e+02 4.796577148437500000e+02 5.463055801391601562e+01 1.599173583984375000e+02 1.287375183105468750e+02 3.682633789062500000e+03 1.534583587646484375e+02 1.362880554199218750e+02 1.266262573242187500e+03 3.605869140625000000e+02 2.897231445312500000e+02 2.974369201660156250e+02 4.884169006347656250e+02 1.176238708496093750e+02 2.032316131591796875e+02 4.086226806640625000e+02
8.903262329101562500e+01 4.845241088867187500e+02 5.489612579345703125e+01 1.680163116455078125e+02 1.275706405639648438e+02 3.503018310546875000e+03 1.490705261230468750e+02 1.364888305664062500e+02 1.399076660156250000e+03 3.888580322265625000e+02 3.194256896972656250e+02 3.418303222656250000e+02 4.669655151367187500e+02 1.160503234863281250e+02 2.118568420410156250e+02 4.083953247070312500e+02
1.080156402587890625e+02 4.847171325683593750e+02 5.667027664184570312e+01 1.614043273925781250e+02 1.246398696899414062e+02 3.729710205078125000e+03 1.465667419433593750e+02 1.482837524414062500e+02 1.325444702148437500e+03 4.010117797851562500e+02 2.986398315429687500e+02 3.494228820800781250e+02 4.727871093750000000e+02 1.156728134155273438e+02 2.042082977294921875e+02 4.055946044921875000e+02
