8.755335998535156250e+01 3.952582397460937500e+02 6.210082626342773438e+01 7.994586181640625000e+01 1.262389373779296875e+02 3.141339355468750000e+03 1.366539459228515625e+02 1.346998596191406250e+02 1.507745117187500000e+03 2.955768432617187500e+02 2.245285339355468750e+02 3.479028320312500000e+02 4.997137451171875000e+02 1.058849334716796875e+02 2.583767395019531250e+02 3.026858825683593750e+02
7.951933288574218750e+01 3.974903259277343750e+02 5.772779846191406250e+01 7.922982788085937500e+01 1.272048492431640625e+02 3.189632324218750000e+03 1.353446044921875000e+02 1.326244201660156250e+02 1.435119384765625000e+03 2.887788696289062500e+02 2.285401458740234375e+02 3.505075683593750000e+02 4.896776123046875000e+02 9.728366088867187500e+01 2.646274108886718750e+02 3.074066162109375000e+02
7.343094635009765625e+01 3.979049682617187500e+02 4.935432434082031250e+01 7.809527587890625000e+01 1.281958923339843750e+02 3.123358398437500000e+03 1.352085876464843750e+02 1.315777740478515625e+02 1.517913452148437500e+03 2.867398986816406250e+02 2.252689361572265625e+02 3.467528991699218750e+02 4.723327331542968750e+02 9.123345947265625000e+01 2.624329528808593750e+02 3.061842956542968750e+02
8.380291748046875000e+01 3.981279296875000000e+02 3.909780120849609375e+01 7.545872497558593750e+01 1.291979370117187500e+02 3.034353515625000000e+03 1.314932403564453125e+02 1.256103591918945312e+02 1.468930786132812500e+03 2.867590026855468750e+02 2.196359863281250000e+02 3.444143981933593750e+02 4.951088256835937500e+02 9.756164550781250000e+01 2.600555725097656250e+02 2.993600769042968750e+02
7.785655212402343750e+01 4.042264404296875000e+02 3.418474960327148438e+01 7.264639282226562500e+01 1.303296203613281250e+02 3.058702880859375000e+03 1.309311370849609375e+02 1.249499740600585938e+02 1.405514892578125000e+03 2.987755126953125000e+02 2.264718627929687500e+02 3.472745971679687500e+02 4.709471435546875000e+02 9.693325805664062500e+01 2.593864746093750000e+02 2.980014038085937500e+02
7.005401611328125000e+01 3.971171875000000000e+02 2.815992736816406250e+01 7.120034790039062500e+01 1.298606262207031250e+02 3.009031250000000000e+03 1.272972946166992188e+02 1.279608230590820312e+02 1.355850708007812500e+03 2.986266174316406250e+02 2.263883666992187500e+02 3.427490234375000000e+02 4.681990966796875000e+02 9.510251617431640625e+01 2.449717254638671875e+02 3.003229980468750000e+02
6.589579010009765625e+01 4.079703674316406250e+02 2.284130859375000000e+01 6.937675476074218750e+01 1.307028503417968750e+02 2.981796630859375000e+03 1.376379699707031250e+02 1.265117492675781250e+02 1.295072021484375000e+03 3.078728027343750000e+02 2.320810546875000000e+02 3.441560668945312500e+02 4.806588745117187500e+02 9.329370117187500000e+01 2.430272521972656250e+02 2.970013427734375000e+02
6.482189941406250000e+01 4.051734924316406250e+02 2.276320266723632812e+01 6.939224243164062500e+01 1.334824981689453125e+02 2.973569335937500000e+03 1.317331237792968750e+02 1.264779129028320312e+02 1.259698120117187500e+03 3.005516357421875000e+02 2.377501525878906250e+02 3.451983032226562500e+02 4.956880493164062500e+02 9.190594482421875000e+01 2.177927398681640625e+02 2.936473388671875000e+02
6.204814147949218750e+01 3.962969055175781250e+02 1.804788208007812500e+01 6.726223754882812500e+01 1.308955383300781250e+02 2.943504638671875000e+03 1.319871215820312500e+02 1.197473831176757812e+02 1.217870117187500000e+03 2.923939819335937500e+02 2.321630096435546875e+02 3.377170104980468750e+02 4.843437194824218750e+02 9.049485778808593750e+01 2.032275695800781250e+02 2.920714111328125000e+02
6.317576599121093750e+01 3.881754150390625000e+02 1.501576995849609375e+01 6.676655578613281250e+01 1.313104858398437500e+02 2.951333984375000000e+03 1.276620864868164062e+02 1.204310150146484375e+02 1.174099121093750000e+03 2.864981079101562500e+02 2.300973052978515625e+02 3.425473632812500000e+02 4.602895507812500000e+02 8.934380340576171875e+01 1.872866363525390625e+02 2.879757995605468750e+02
6.068666839599609375e+01 3.855779418945312500e+02 1.496482849121093750e+01 6.521702575683593750e+01 1.323012695312500000e+02 2.941829345703125000e+03 1.253000946044921875e+02 1.175826721191406250e+02 1.136172973632812500e+03 2.857201843261718750e+02 2.263239593505859375e+02 3.389690246582031250e+02 4.665860595703125000e+02 8.737751770019531250e+01 1.809836273193359375e+02 2.881555786132812500e+02
5.857596588134765625e+01 3.796171264648437500e+02 1.134643173217773438e+01 6.372723388671875000e+01 1.299877624511718750e+02 2.903145019531250000e+03 1.232081298828125000e+02 1.143736572265625000e+02 1.109468261718750000e+03 2.856448974609375000e+02 2.240006408691406250e+02 3.313293457031250000e+02 4.467340698242187500e+02 8.771008300781250000e+01 1.706862182617187500e+02 2.859735412597656250e+02
5.803298950195312500e+01 3.735524902343750000e+02 8.926891326904296875e+00 6.173387145996093750e+01 1.315025177001953125e+02 2.893600830078125000e+03 1.206713638305664062e+02 1.117787017822265625e+02 1.094746337890625000e+03 2.829819641113281250e+02 2.185480651855468750e+02 3.256347656250000000e+02 4.247090454101562500e+02 8.731541442871093750e+01 1.788807983398437500e+02 2.883858947753906250e+02
6.090256500244140625e+01 3.685197448730468750e+02 8.113872528076171875e+00 6.000778198242187500e+01 1.270117721557617188e+02 2.879153320312500000e+03 1.191548767089843750e+02 1.110462493896484375e+02 1.073569091796875000e+03 2.762125854492187500e+02 2.130035095214843750e+02 3.186905517578125000e+02 4.081117858886718750e+02 8.713964843750000000e+01 1.688803405761718750e+02 2.872992553710937500e+02
5.809555816650390625e+01 3.606683044433593750e+02 6.403930664062500000e+00 5.833016967773437500e+01 1.267218246459960938e+02 2.851646972656250000e+03 1.186360244750976562e+02 1.086949691772460938e+02 1.060075927734375000e+03 2.769176635742187500e+02 2.070162048339843750e+02 3.008527221679687500e+02 3.733339538574218750e+02 8.586983489990234375e+01 1.647985229492187500e+02 2.859766235351562500e+02
5.665224456787109375e+01 3.555527038574218750e+02 4.217102050781250000e+00 5.665951538085937500e+01 1.178154754638671875e+02 2.831797363281250000e+03 1.164478836059570312e+02 1.053525848388671875e+02 1.042623535156250000e+03 2.770653686523437500e+02 2.021188812255859375e+02 2.788924560546875000e+02 3.380065917968750000e+02 8.500357055664062500e+01 1.601480407714843750e+02 2.830180664062500000e+02
5.740013885498046875e+01 3.540297851562500000e+02 4.068222045898437500e+00 5.655218505859375000e+01 1.204655456542968750e+02 2.845986816406250000e+03 1.168709335327148438e+02 1.068029403686523438e+02 1.046207641601562500e+03 2.781548461914062500e+02 2.009573669433593750e+02 2.872987060546875000e+02 3.096899414062500000e+02 8.531611633300781250e+01 1.565216979980468750e+02 2.834592285156250000e+02
5.563529968261718750e+01 3.508226318359375000e+02 4.025367736816406250e+00 5.573278808593750000e+01 1.137671508789062500e+02 2.837269531250000000e+03 1.160828018188476562e+02 1.047130279541015625e+02 1.045671142578125000e+03 2.776481933593750000e+02 1.970855712890625000e+02 2.765232543945312500e+02 2.734755249023437500e+02 8.436444091796875000e+01 1.548076019287109375e+02 2.855772094726562500e+02
5.533994293212890625e+01 3.495794067382812500e+02 4.763214111328125000e+00 5.548410034179687500e+01 1.191480407714843750e+02 2.854866699218750000e+03 1.150498962402343750e+02 1.050045776367187500e+02 1.041674072265625000e+03 2.756591796875000000e+02 1.973288879394531250e+02 2.737409362792968750e+02 2.887345581054687500e+02 8.661041259765625000e+01 1.616782684326171875e+02 2.937600402832031250e+02
5.534558105468750000e+01 3.474743347167968750e+02 4.814178466796875000e+00 5.765571594238281250e+01 1.212788925170898438e+02 2.880402343750000000e+03 1.145502777099609375e+02 1.067765426635742188e+02 1.052633666992187500e+03 2.808683471679687500e+02 2.010852355957031250e+02 2.770562744140625000e+02 2.928427734375000000e+02 8.868183898925781250e+01 1.674508972167968750e+02 3.002622070312500000e+02
6.153462219238281250e+01 3.469598083496093750e+02 5.102516174316406250e+00 5.920111083984375000e+01 1.176450042724609375e+02 2.903670410156250000e+03 1.158331451416015625e+02 1.057681350708007812e+02 1.044621337890625000e+03 2.783784790039062500e+02 1.992124023437500000e+02 2.680422363281250000e+02 2.873399658203125000e+02 8.862683868408203125e+01 1.637467651367187500e+02 3.034039306640625000e+02
6.211651611328125000e+01 3.527391662597656250e+02 1.135018157958984375e+01 6.440415954589843750e+01 1.177379531860351562e+02 2.924907958984375000e+03 1.164676742553710938e+02 1.075695190429687500e+02 1.132340332031250000e+03 2.720564575195312500e+02 2.038463745117187500e+02 2.765112304687500000e+02 2.725465698242187500e+02 8.717207336425781250e+01 1.605052947998046875e+02 3.000308227539062500e+02
7.655085754394531250e+01 3.769094543457031250e+02 3.221572113037109375e+01 1.015513763427734375e+02 1.318651123046875000e+02 2.947139404296875000e+03 1.258549346923828125e+02 1.195219421386718750e+02 1.181189941406250000e+03 2.821753540039062500e+02 2.322015686035156250e+02 2.922633972167968750e+02 3.765258789062500000e+02 8.863339233398437500e+01 1.811041259765625000e+02 3.215409545898437500e+02
6.684780120849609375e+01 3.570545654296875000e+02 1.922180938720703125e+01 8.224111938476562500e+01 9.932420349121093750e+01 2.893109863281250000e+03 1.194459075927734375e+02 1.107089614868164062e+02 1.121312011718750000e+03 3.113974609375000000e+02 2.117513275146484375e+02 2.414625549316406250e+02 3.645100097656250000e+02 8.460393524169921875e+01 1.684505310058593750e+02 2.999394531250000000e+02
6.295630645751953125e+01 3.573845214843750000e+02 1.461915588378906250e+01 7.692568969726562500e+01 1.120772247314453125e+02 2.907911621093750000e+03 1.172275238037109375e+02 1.108625183105468750e+02 1.102619506835937500e+03 3.137187500000000000e+02 2.084890136718750000e+02 2.836994323730468750e+02 4.162397460937500000e+02 8.535193634033203125e+01 1.693801269531250000e+02 2.968736572265625000e+02
6.022972869873046875e+01 3.500617065429687500e+02 9.416435241699218750e+00 7.095779418945312500e+01 1.044023132324218750e+02 2.877210937500000000e+03 1.181136093139648438e+02 1.063676071166992188e+02 1.064778564453125000e+03 3.025998840332031250e+02 2.021605377197265625e+02 2.738450012207031250e+02 4.173435363769531250e+02 8.417155456542968750e+01 1.619753112792968750e+02 2.884875488281250000e+02
5.712091827392578125e+01 3.505054931640625000e+02 7.801414489746093750e+00 6.806202697753906250e+01 1.106311645507812500e+02 2.838186035156250000e+03 1.175504684448242188e+02 1.051605377197265625e+02 1.055557128906250000e+03 2.855870056152343750e+02 1.978522338867187500e+02 2.815465087890625000e+02 4.034179382324218750e+02 8.313203430175781250e+01 1.566930236816406250e+02 2.870296630859375000e+02
5.787745666503906250e+01 3.607608032226562500e+02 7.195960998535156250e+00 6.929689025878906250e+01 1.154963684082031250e+02 2.822523925781250000e+03 1.164049835205078125e+02 1.042758102416992188e+02 1.054187866210937500e+03 2.983002624511718750e+02 2.048808898925781250e+02 3.034516601562500000e+02 4.374224853515625000e+02 8.283303070068359375e+01 1.606586914062500000e+02 2.937051696777343750e+02
5.603670501708984375e+01 3.654955444335937500e+02 9.821578979492187500e+00 6.879362487792968750e+01 1.173165283203125000e+02 2.852182617187500000e+03 1.165067214965820312e+02 1.076766586303710938e+02 1.080216064453125000e+03 3.122444458007812500e+02 2.031792297363281250e+02 3.120811767578125000e+02 4.550598754882812500e+02 8.534891510009765625e+01 1.574967041015625000e+02 2.993795471191406250e+02
5.869482421875000000e+01 3.686594238281250000e+02 8.835651397705078125e+00 6.719554138183593750e+01 1.186960601806640625e+02 2.831670410156250000e+03 1.187403259277343750e+02 1.069627609252929688e+02 1.092897827148437500e+03 2.941411437988281250e+02 2.036531982421875000e+02 3.100468750000000000e+02 4.448972473144531250e+02 8.725842285156250000e+01 1.528084106445312500e+02 3.021999206542968750e+02
5.763034820556640625e+01 3.813005371093750000e+02 1.145732498168945312e+01 7.254167175292968750e+01 1.246460189819335938e+02 2.858997802734375000e+03 1.182889785766601562e+02 1.169900436401367188e+02 1.105317626953125000e+03 2.938700256347656250e+02 2.086578521728515625e+02 3.256651611328125000e+02 4.657922363281250000e+02 8.533692169189453125e+01 1.489931640625000000e+02 3.017640075683593750e+02
5.751847076416015625e+01 3.731614074707031250e+02 1.575735473632812500e+01 7.283161926269531250e+01 1.247434005737304688e+02 2.842632812500000000e+03 1.162331314086914062e+02 1.143925476074218750e+02 1.073208251953125000e+03 2.892578735351562500e+02 2.066232299804687500e+02 3.251931762695312500e+02 4.832221984863281250e+02 8.660026550292968750e+01 1.558115539550781250e+02 3.023353576660156250e+02
5.751397705078125000e+01 3.736787109375000000e+02 1.788854217529296875e+01 7.952618408203125000e+01 1.210698776245117188e+02 2.909647949218750000e+03 1.155209579467773438e+02 1.115775299072265625e+02 1.093907470703125000e+03 2.984055786132812500e+02 2.073358764648437500e+02 3.293146362304687500e+02 4.938061523437500000e+02 8.845507812500000000e+01 1.616670227050781250e+02 3.049452819824218750e+02
6.577101135253906250e+01 3.713767700195312500e+02 2.053514480590820312e+01 7.869718933105468750e+01 1.162426071166992188e+02 2.883075195312500000e+03 1.177591476440429688e+02 1.116280288696289062e+02 1.071664550781250000e+03 2.864437866210937500e+02 2.062046356201171875e+02 3.300271606445312500e+02 4.931391601562500000e+02 8.724609375000000000e+01 1.716809692382812500e+02 3.109221191406250000e+02
6.367126464843750000e+01 3.876939697265625000e+02 2.764999389648437500e+01 8.069223022460937500e+01 1.215602264404296875e+02 2.957033691406250000e+03 1.254647598266601562e+02 1.152935333251953125e+02 1.183567260742187500e+03 2.824633178710937500e+02 2.131508636474609375e+02 3.258955078125000000e+02 5.052464904785156250e+02 8.656539916992187500e+01 1.893854980468750000e+02 3.079537353515625000e+02
6.742031860351562500e+01 3.916073608398437500e+02 3.212209320068359375e+01 7.907958984375000000e+01 1.209470748901367188e+02 3.062510742187500000e+03 1.277059402465820312e+02 1.158850173950195312e+02 1.130593383789062500e+03 2.803948669433593750e+02 2.120199737548828125e+02 3.305151367187500000e+02 4.994596252441406250e+02 8.526345062255859375e+01 1.936009979248046875e+02 3.213247985839843750e+02
7.760452270507812500e+01 3.915577087402343750e+02 3.243132019042968750e+01 7.747434997558593750e+01 1.193299636840820312e+02 3.232452392578125000e+03 1.274641799926757812e+02 1.167637176513671875e+02 1.149106323242187500e+03 2.918233642578125000e+02 2.096260223388671875e+02 3.248224487304687500e+02 5.083771362304687500e+02 8.595261383056640625e+01 1.890549621582031250e+02 3.220389404296875000e+02
7.583338928222656250e+01 3.880117187500000000e+02 2.864530181884765625e+01 7.537196350097656250e+01 1.188640670776367188e+02 3.075097900390625000e+03 1.254107284545898438e+02 1.155600891113281250e+02 1.196327636718750000e+03 3.048330993652343750e+02 2.116549377441406250e+02 3.243945007324218750e+02 5.300237426757812500e+02 8.542787170410156250e+01 1.808979187011718750e+02 3.154379882812500000e+02
6.847702789306640625e+01 3.859976196289062500e+02 3.053364181518554688e+01 7.460412597656250000e+01 1.203865432739257812e+02 2.996868652343750000e+03 1.248331451416015625e+02 1.131632843017578125e+02 1.259245605468750000e+03 2.999268188476562500e+02 2.108065795898437500e+02 3.112426147460937500e+02 5.346511840820312500e+02 9.150714111328125000e+01 1.793334960937500000e+02 3.058517456054687500e+02
7.065237426757812500e+01 3.868302307128906250e+02 4.196602630615234375e+01 7.588787841796875000e+01 1.193481826782226562e+02 2.989019042968750000e+03 1.241597976684570312e+02 1.148775024414062500e+02 1.254578125000000000e+03 2.888618164062500000e+02 2.087362670898437500e+02 3.206217346191406250e+02 5.433595581054687500e+02 1.033510284423828125e+02 2.023964843750000000e+02 3.027910156250000000e+02
7.578656005859375000e+01 4.083411560058593750e+02 4.641201019287109375e+01 8.196797180175781250e+01 1.206911010742187500e+02 3.037170410156250000e+03 1.234714202880859375e+02 1.198786544799804688e+02 1.232956298828125000e+03 2.822075195312500000e+02 2.201234130859375000e+02 3.251427001953125000e+02 5.347786254882812500e+02 1.096076202392578125e+02 2.284227905273437500e+02 3.132106323242187500e+02
7.121525573730468750e+01 4.006839599609375000e+02 4.530435943603515625e+01 8.053143310546875000e+01 1.219004974365234375e+02 2.981634033203125000e+03 1.270450668334960938e+02 1.156930465698242188e+02 1.214424194335937500e+03 2.826015930175781250e+02 2.202606048583984375e+02 3.156512451171875000e+02 5.233837280273437500e+02 1.075844955444335938e+02 2.453482818603515625e+02 3.168338012695312500e+02
7.749049377441406250e+01 4.084760437011718750e+02 4.482509613037109375e+01 8.465924072265625000e+01 1.229356155395507812e+02 3.053674316406250000e+03 1.299634704589843750e+02 1.156878738403320312e+02 1.205869995117187500e+03 2.918779907226562500e+02 2.244434356689453125e+02 3.229641723632812500e+02 5.206713867187500000e+02 1.185204162597656250e+02 2.511164550781250000e+02 3.281322631835937500e+02
7.735696411132812500e+01 4.161246337890625000e+02 4.270796585083007812e+01 9.555902099609375000e+01 1.225110855102539062e+02 3.062221923828125000e+03 1.303917541503906250e+02 1.161492233276367188e+02 1.411069091796875000e+03 2.907285766601562500e+02 2.338483886718750000e+02 3.207180175781250000e+02 5.267177734375000000e+02 1.146414642333984375e+02 2.576144714355468750e+02 3.399821472167968750e+02
7.486633300781250000e+01 4.064638977050781250e+02 4.075396728515625000e+01 9.248284912109375000e+01 1.210256958007812500e+02 2.942208740234375000e+03 1.275533294677734375e+02 1.137352066040039062e+02 1.464110351562500000e+03 2.859021606445312500e+02 2.277555694580078125e+02 3.069761962890625000e+02 5.237100830078125000e+02 1.084907226562500000e+02 2.499885711669921875e+02 3.427906494140625000e+02
8.060728454589843750e+01 4.083999023437500000e+02 4.567747116088867188e+01 9.359587097167968750e+01 1.236326980590820312e+02 2.930120849609375000e+03 1.292550354003906250e+02 1.153491363525390625e+02 1.464215698242187500e+03 2.820609130859375000e+02 2.285540618896484375e+02 3.142000427246093750e+02 5.180034179687500000e+02 1.251110687255859375e+02 2.623986511230468750e+02 3.371221313476562500e+02
8.394561767578125000e+01 4.199822082519531250e+02 4.675779724121093750e+01 9.736694335937500000e+01 1.299882202148437500e+02 2.999422851562500000e+03 1.348314361572265625e+02 1.134528579711914062e+02 1.573796508789062500e+03 2.883999938964843750e+02 2.370495758056640625e+02 3.170715942382812500e+02 5.199647827148437500e+02 1.312855834960937500e+02 2.472270050048828125e+02 3.595538940429687500e+02
7.701618194580078125e+01 4.224859619140625000e+02 4.115800476074218750e+01 9.490563964843750000e+01 1.292800750732421875e+02 3.003173339843750000e+03 1.318281860351562500e+02 1.112384490966796875e+02 1.622430541992187500e+03 2.891383056640625000e+02 2.287750549316406250e+02 3.105585327148437500e+02 5.045250854492187500e+02 1.215147171020507812e+02 2.605378723144531250e+02 3.562417907714843750e+02
7.184675598144531250e+01 4.070054321289062500e+02 3.220854187011718750e+01 9.562588500976562500e+01 1.255139617919921875e+02 3.016950683593750000e+03 1.281090393066406250e+02 1.124124984741210938e+02 1.567386840820312500e+03 2.881391601562500000e+02 2.234384765625000000e+02 2.838762512207031250e+02 4.968020629882812500e+02 1.175441970825195312e+02 2.529594573974609375e+02 3.455308227539062500e+02
6.763639068603515625e+01 3.991169433593750000e+02 2.716850662231445312e+01 9.260232543945312500e+01 1.228244247436523438e+02 3.039610351562500000e+03 1.269469070434570312e+02 1.096122360229492188e+02 1.621301635742187500e+03 2.877115478515625000e+02 2.199681701660156250e+02 2.751271667480468750e+02 4.986983032226562500e+02 1.193164291381835938e+02 2.380486450195312500e+02 3.417615966796875000e+02
6.496276092529296875e+01 4.205981445312500000e+02 3.605522155761718750e+01 1.044334106445312500e+02 1.308385314941406250e+02 3.140742675781250000e+03 1.263971633911132812e+02 1.138207397460937500e+02 1.544577270507812500e+03 2.990360717773437500e+02 2.254820556640625000e+02 2.969010314941406250e+02 5.106283569335937500e+02 1.117513275146484375e+02 2.465588684082031250e+02 3.463651428222656250e+02
6.804957580566406250e+01 4.168913574218750000e+02 4.090051269531250000e+01 9.901162719726562500e+01 1.334128265380859375e+02 3.239173339843750000e+03 1.266125106811523438e+02 1.131196670532226562e+02 1.450269165039062500e+03 3.402690429687500000e+02 2.308229827880859375e+02 3.098389587402343750e+02 4.992610778808593750e+02 1.060479431152343750e+02 2.465728607177734375e+02 3.522421264648437500e+02
6.567756652832031250e+01 4.298788757324218750e+02 3.786109161376953125e+01 9.203305053710937500e+01 1.319970092773437500e+02 3.289521484375000000e+03 1.237714309692382812e+02 1.109887466430664062e+02 1.362745361328125000e+03 3.313082580566406250e+02 2.311728515625000000e+02 3.094761352539062500e+02 4.912534790039062500e+02 9.819003295898437500e+01 2.490709533691406250e+02 3.566165771484375000e+02
7.072904205322265625e+01 4.319336853027343750e+02 4.032429122924804688e+01 9.023031616210937500e+01 1.348071289062500000e+02 3.361327636718750000e+03 1.238607788085937500e+02 1.110957107543945312e+02 1.309581542968750000e+03 3.308396606445312500e+02 2.421846313476562500e+02 3.214424133300781250e+02 5.024744873046875000e+02 9.258177185058593750e+01 2.543309631347656250e+02 3.637117919921875000e+02
7.091680145263671875e+01 4.334352111816406250e+02 3.841197586059570312e+01 9.661506652832031250e+01 1.351536865234375000e+02 3.395281250000000000e+03 1.240920257568359375e+02 1.108109588623046875e+02 1.264884765625000000e+03 3.162794799804687500e+02 2.375046234130859375e+02 3.153569335937500000e+02 5.049567260742187500e+02 9.035256195068359375e+01 2.459071197509765625e+02 3.688086853027343750e+02
7.438363647460937500e+01 4.271924133300781250e+02 3.952410888671875000e+01 9.155151367187500000e+01 1.362626953125000000e+02 3.510485839843750000e+03 1.268702163696289062e+02 1.117784194946289062e+02 1.215212158203125000e+03 3.086493225097656250e+02 2.326884002685546875e+02 3.209859619140625000e+02 5.075474853515625000e+02 9.158055114746093750e+01 2.308868560791015625e+02 3.819593505859375000e+02
7.005656433105468750e+01 4.136480712890625000e+02 3.310699462890625000e+01 8.731619262695312500e+01 1.352698516845703125e+02 3.406788574218750000e+03 1.327062988281250000e+02 1.090794296264648438e+02 1.158145996093750000e+03 3.103745727539062500e+02 2.239219512939453125e+02 3.227296752929687500e+02 4.878013000488281250e+02 9.387071228027343750e+01 2.129040832519531250e+02 3.575146789550781250e+02
7.581661224365234375e+01 3.918857421875000000e+02 2.683678436279296875e+01 8.153233337402343750e+01 1.335884094238281250e+02 3.348600830078125000e+03 1.262514419555664062e+02 1.072030029296875000e+02 1.119473388671875000e+03 2.948722229003906250e+02 2.147435302734375000e+02 2.861750793457031250e+02 4.992568664550781250e+02 9.075045776367187500e+01 1.913657226562500000e+02 3.393221435546875000e+02
7.116500854492187500e+01 3.890828552246093750e+02 2.083903503417968750e+01 7.915490722656250000e+01 1.330937652587890625e+02 3.320690185546875000e+03 1.236802978515625000e+02 1.059369506835937500e+02 1.147135742187500000e+03 2.931834716796875000e+02 2.113808135986328125e+02 2.929391784667968750e+02 5.046306457519531250e+02 8.813136291503906250e+01 1.793497009277343750e+02 3.465725402832031250e+02
