1.075417861938476562e+02 4.524975585937500000e+02 7.118445587158203125e+01 1.172675628662109375e+02 1.189328079223632812e+02 3.260049072265625000e+03 1.537484741210937500e+02 1.581405029296875000e+02 1.628418334960937500e+03 3.315637512207031250e+02 2.673593750000000000e+02 3.355808105468750000e+02 5.594055175781250000e+02 1.157110443115234375e+02 2.796628417968750000e+02 3.375221862792968750e+02
9.708708190917968750e+01 4.544942016601562500e+02 6.696635437011718750e+01 1.149881286621093750e+02 1.196119308471679688e+02 3.292821533203125000e+03 1.512484130859375000e+02 1.539345397949218750e+02 1.551342773437500000e+03 3.216567077636718750e+02 2.712343139648437500e+02 3.367110290527343750e+02 5.549685668945312500e+02 1.063096694946289062e+02 2.868904113769531250e+02 3.431659545898437500e+02
8.632873535156250000e+01 4.545855712890625000e+02 5.896126174926757812e+01 1.121652374267578125e+02 1.202009582519531250e+02 3.238997802734375000e+03 1.512441711425781250e+02 1.518519287109375000e+02 1.633187377929687500e+03 3.178527526855468750e+02 2.662055664062500000e+02 3.353956909179687500e+02 5.385966796875000000e+02 9.926314544677734375e+01 2.818503723144531250e+02 3.405728454589843750e+02
1.001471023559570312e+02 4.539018554687500000e+02 4.859769821166992188e+01 1.078115234375000000e+02 1.207784652709960938e+02 3.157018554687500000e+03 1.468098144531250000e+02 1.442427825927734375e+02 1.576299072265625000e+03 3.180996704101562500e+02 2.575483398437500000e+02 3.347088317871093750e+02 5.609335937500000000e+02 1.092397155761718750e+02 2.760696411132812500e+02 3.304706420898437500e+02
9.270983886718750000e+01 4.608324279785156250e+02 4.445314025878906250e+01 1.037239074707031250e+02 1.213268280029296875e+02 3.143712158203125000e+03 1.459427490234375000e+02 1.427783203125000000e+02 1.500095703125000000e+03 3.377632446289062500e+02 2.655294189453125000e+02 3.362052001953125000e+02 5.366949462890625000e+02 1.093211135864257812e+02 2.730858459472656250e+02 3.269808349609375000e+02
8.230963134765625000e+01 4.522015380859375000e+02 3.857513809204101562e+01 1.021778106689453125e+02 1.212041702270507812e+02 3.115288330078125000e+03 1.421155700683593750e+02 1.476042938232421875e+02 1.450308715820312500e+03 3.376863403320312500e+02 2.665515747070312500e+02 3.345993957519531250e+02 5.325214233398437500e+02 1.065734558105468750e+02 2.538023681640625000e+02 3.304662170410156250e+02
7.665840148925781250e+01 4.671821594238281250e+02 3.338994598388671875e+01 1.009742584228515625e+02 1.215691299438476562e+02 3.095439697265625000e+03 1.581167907714843750e+02 1.470128631591796875e+02 1.394814331054687500e+03 3.507540283203125000e+02 2.751333923339843750e+02 3.353956909179687500e+02 5.471713867187500000e+02 1.043375167846679688e+02 2.510644683837890625e+02 3.279711303710937500e+02
7.654928588867187500e+01 4.667974853515625000e+02 3.542998886108398438e+01 1.026865844726562500e+02 1.226756362915039062e+02 3.079866210937500000e+03 1.518009796142578125e+02 1.479313659667968750e+02 1.368564941406250000e+03 3.416157226562500000e+02 2.850802612304687500e+02 3.360203247070312500e+02 5.608692626953125000e+02 1.030554122924804688e+02 2.275265960693359375e+02 3.248774414062500000e+02
7.465989685058593750e+01 4.574349975585937500e+02 3.134603118896484375e+01 1.015930023193359375e+02 1.216134719848632812e+02 3.076026611328125000e+03 1.513103637695312500e+02 1.405708007812500000e+02 1.338279296875000000e+03 3.301618957519531250e+02 2.794216918945312500e+02 3.329448547363281250e+02 5.526130981445312500e+02 1.020766601562500000e+02 2.169854431152343750e+02 3.245189819335937500e+02
7.804922485351562500e+01 4.491673583984375000e+02 2.921578598022460938e+01 1.025798187255859375e+02 1.217405166625976562e+02 3.102396972656250000e+03 1.460514068603515625e+02 1.430850524902343750e+02 1.298689819335937500e+03 3.226995239257812500e+02 2.780738830566406250e+02 3.353517761230468750e+02 5.243443603515625000e+02 1.015061950683593750e+02 2.071787719726562500e+02 3.208218688964843750e+02
7.589845275878906250e+01 4.503395996093750000e+02 3.154393386840820312e+01 1.021388092041015625e+02 1.222527236938476562e+02 3.120707275390625000e+03 1.432532653808593750e+02 1.415431823730468750e+02 1.265638916015625000e+03 3.253077392578125000e+02 2.755985107421875000e+02 3.342011108398437500e+02 5.340412597656250000e+02 9.950873565673828125e+01 2.054500122070312500e+02 3.234941406250000000e+02
7.310403442382812500e+01 4.464642333984375000e+02 2.823434829711914062e+01 1.013890533447265625e+02 1.215232620239257812e+02 3.079435058593750000e+03 1.414342651367187500e+02 1.383450317382812500e+02 1.240386230468750000e+03 3.301145324707031250e+02 2.755274658203125000e+02 3.315484924316406250e+02 5.123854370117187500e+02 1.010235977172851562e+02 1.944016265869140625e+02 3.226852111816406250e+02
7.301756286621093750e+01 4.411162719726562500e+02 2.596609115600585938e+01 9.957244873046875000e+01 1.223179321289062500e+02 3.085751464843750000e+03 1.386792907714843750e+02 1.357406311035156250e+02 1.232705078125000000e+03 3.295682678222656250e+02 2.702777099609375000e+02 3.307749633789062500e+02 4.857389526367187500e+02 1.015454330444335938e+02 2.088560791015625000e+02 3.295354309082031250e+02
8.101614379882812500e+01 4.372503051757812500e+02 2.664936065673828125e+01 9.805889892578125000e+01 1.212723770141601562e+02 3.055828857421875000e+03 1.372643737792968750e+02 1.365351562500000000e+02 1.212882568359375000e+03 3.188666687011718750e+02 2.641738891601562500e+02 3.302716369628906250e+02 4.729252014160156250e+02 1.022770690917968750e+02 1.961553802490234375e+02 3.306611633300781250e+02
7.734507751464843750e+01 4.283728027343750000e+02 2.627507019042968750e+01 9.693566894531250000e+01 1.216751785278320312e+02 3.034959960937500000e+03 1.382095642089843750e+02 1.347458953857421875e+02 1.202524169921875000e+03 3.233568725585937500e+02 2.576130676269531250e+02 3.256441040039062500e+02 4.461772460937500000e+02 1.009686737060546875e+02 1.925621490478515625e+02 3.315786132812500000e+02
7.472866821289062500e+01 4.249254760742187500e+02 2.468841552734375000e+01 9.634373474121093750e+01 1.198727874755859375e+02 3.016219482421875000e+03 1.357164459228515625e+02 1.302284851074218750e+02 1.184735961914062500e+03 3.311809692382812500e+02 2.535174255371093750e+02 3.168627319335937500e+02 4.316985168457031250e+02 1.005289993286132812e+02 1.888924713134765625e+02 3.296736450195312500e+02
8.001570892333984375e+01 4.333606567382812500e+02 2.885877990722656250e+01 1.008439178466796875e+02 1.212473602294921875e+02 3.136521972656250000e+03 1.398937530517578125e+02 1.391547241210937500e+02 1.230272583007812500e+03 3.446207885742187500e+02 2.605632324218750000e+02 3.267361145019531250e+02 4.337728881835937500e+02 1.045978851318359375e+02 1.877865905761718750e+02 3.384058837890625000e+02
7.774880218505859375e+01 4.372353820800781250e+02 3.345377349853515625e+01 1.040604705810546875e+02 1.199279327392578125e+02 3.157784667968750000e+03 1.411870117187500000e+02 1.381767578125000000e+02 1.264547485351562500e+03 3.537520751953125000e+02 2.595652160644531250e+02 3.245945434570312500e+02 4.245143737792968750e+02 1.046831817626953125e+02 1.908105773925781250e+02 3.537055053710937500e+02
7.813433837890625000e+01 4.423293457031250000e+02 3.793030548095703125e+01 1.074596710205078125e+02 1.216207351684570312e+02 3.187223876953125000e+03 1.399440307617187500e+02 1.419202728271484375e+02 1.272278442382812500e+03 3.526581115722656250e+02 2.673776245117187500e+02 3.249727783203125000e+02 4.509919433593750000e+02 1.126221313476562500e+02 2.088805541992187500e+02 3.789122924804687500e+02
7.914797973632812500e+01 4.408169250488281250e+02 3.886853790283203125e+01 1.166811218261718750e+02 1.219552230834960938e+02 3.255464599609375000e+03 1.394608459472656250e+02 1.487277221679687500e+02 1.306728759765625000e+03 3.671036071777343750e+02 2.825895385742187500e+02 3.276666564941406250e+02 4.657952575683593750e+02 1.188498458862304688e+02 2.224412536621093750e+02 3.952587890625000000e+02
9.396334075927734375e+01 4.396802978515625000e+02 3.884477615356445312e+01 1.223577423095703125e+02 1.206491165161132812e+02 3.303090087890625000e+03 1.434841003417968750e+02 1.467822723388671875e+02 1.289177124023437500e+03 3.620841674804687500e+02 2.798372497558593750e+02 3.210837707519531250e+02 4.695614929199218750e+02 1.184273986816406250e+02 2.154414215087890625e+02 3.995909118652343750e+02
9.622355651855468750e+01 4.533124694824218750e+02 4.825709533691406250e+01 1.345015258789062500e+02 1.206367874145507812e+02 3.362520019531250000e+03 1.456473236083984375e+02 1.491673889160156250e+02 1.419909423828125000e+03 3.428937072753906250e+02 2.873229064941406250e+02 3.259683837890625000e+02 4.594639892578125000e+02 1.136904754638671875e+02 2.058326873779296875e+02 3.876136779785156250e+02
9.990658569335937500e+01 4.425360107421875000e+02 6.529694366455078125e+01 1.450442352294921875e+02 1.254118881225585938e+02 3.382686035156250000e+03 1.438623352050781250e+02 1.464663848876953125e+02 1.445242309570312500e+03 3.349682617187500000e+02 2.858441467285156250e+02 3.156658325195312500e+02 5.277998046875000000e+02 1.078831329345703125e+02 2.150800170898437500e+02 3.829241333007812500e+02
8.753948974609375000e+01 3.962452392578125000e+02 5.439062881469726562e+01 1.174191436767578125e+02 1.137754287719726562e+02 3.203787109375000000e+03 1.305355682373046875e+02 1.279177474975585938e+02 1.340353149414062500e+03 3.491926879882812500e+02 2.489101715087890625e+02 3.019215087890625000e+02 5.134959716796875000e+02 9.570767974853515625e+01 2.004037475585937500e+02 3.472683715820312500e+02
7.201064300537109375e+01 3.776387329101562500e+02 3.561695861816406250e+01 9.404820251464843750e+01 1.132018432617187500e+02 2.930721191406250000e+03 1.218157348632812500e+02 1.195788116455078125e+02 1.217115234375000000e+03 3.719634704589843750e+02 2.244253387451171875e+02 2.846535949707031250e+02 5.206032104492187500e+02 9.046994018554687500e+01 1.888837280273437500e+02 3.154908447265625000e+02
6.330006408691406250e+01 3.684220275878906250e+02 1.969585418701171875e+01 8.326185607910156250e+01 1.091549072265625000e+02 2.610136230468750000e+03 1.236468887329101562e+02 1.132213973999023438e+02 1.110874267578125000e+03 3.655468139648437500e+02 2.136636505126953125e+02 2.592713623046875000e+02 5.202470092773437500e+02 8.855899047851562500e+01 1.759100189208984375e+02 2.953000793457031250e+02
6.023966979980468750e+01 3.755646972656250000e+02 1.735951232910156250e+01 8.440364074707031250e+01 1.105868835449218750e+02 2.450522949218750000e+03 1.258215942382812500e+02 1.135337295532226562e+02 1.105082641601562500e+03 3.324037170410156250e+02 2.126914520263671875e+02 2.635289916992187500e+02 5.146624755859375000e+02 8.831055450439453125e+01 1.706491088867187500e+02 2.999035034179687500e+02
6.486777496337890625e+01 4.046425781250000000e+02 2.114886093139648438e+01 9.398397827148437500e+01 1.126428833007812500e+02 2.462353027343750000e+03 1.258633270263671875e+02 1.148616027832031250e+02 1.141879028320312500e+03 3.553511657714843750e+02 2.340296936035156250e+02 2.899905395507812500e+02 5.274417724609375000e+02 8.906205749511718750e+01 1.852536621093750000e+02 3.249742431640625000e+02
6.431711578369140625e+01 4.222523193359375000e+02 3.047018051147460938e+01 9.853048706054687500e+01 1.129414978027343750e+02 2.515667236328125000e+03 1.270754089355468750e+02 1.239269332885742188e+02 1.238671997070312500e+03 3.904671630859375000e+02 2.376732025146484375e+02 3.035432739257812500e+02 5.354912109375000000e+02 9.558265686035156250e+01 1.846230010986328125e+02 3.463169555664062500e+02
7.076606750488281250e+01 4.314866333007812500e+02 3.058073043823242188e+01 9.800552368164062500e+01 1.132769088745117188e+02 2.576796386718750000e+03 1.324407806396484375e+02 1.248290939331054688e+02 1.295750732421875000e+03 3.594200439453125000e+02 2.404136199951171875e+02 3.070470275878906250e+02 5.294685058593750000e+02 1.012319869995117188e+02 1.748517456054687500e+02 3.566024169921875000e+02
7.019384002685546875e+01 4.579609985351562500e+02 3.553117370605468750e+01 1.096367797851562500e+02 1.157198333740234375e+02 2.659198242187500000e+03 1.327946166992187500e+02 1.450871276855468750e+02 1.327991699218750000e+03 3.527370910644531250e+02 2.513193359375000000e+02 3.171495056152343750e+02 5.376236572265625000e+02 9.794288635253906250e+01 1.658414306640625000e+02 3.554388427734375000e+02
6.987884521484375000e+01 4.437740478515625000e+02 4.331040954589843750e+01 1.120050659179687500e+02 1.156791229248046875e+02 2.706086425781250000e+03 1.293489990234375000e+02 1.422596435546875000e+02 1.255391357421875000e+03 3.419976501464843750e+02 2.488531036376953125e+02 3.189201660156250000e+02 5.451893310546875000e+02 9.914019775390625000e+01 1.785240478515625000e+02 3.537134094238281250e+02
7.001657104492187500e+01 4.388023071289062500e+02 4.675835037231445312e+01 1.240720825195312500e+02 1.137578048706054688e+02 2.875738281250000000e+03 1.274719009399414062e+02 1.351421203613281250e+02 1.273439819335937500e+03 3.584239196777343750e+02 2.489122314453125000e+02 3.216919860839843750e+02 5.492647705078125000e+02 1.026488037109375000e+02 1.919412841796875000e+02 3.557846374511718750e+02
8.495185852050781250e+01 4.324437255859375000e+02 4.970142364501953125e+01 1.228898773193359375e+02 1.113666229248046875e+02 2.882604980468750000e+03 1.313825225830078125e+02 1.332578887939453125e+02 1.228840698242187500e+03 3.380725708007812500e+02 2.464913787841796875e+02 3.227635498046875000e+02 5.485539550781250000e+02 1.005600433349609375e+02 2.083148956298828125e+02 3.634559936523437500e+02
8.284761047363281250e+01 4.569988403320312500e+02 5.794890975952148438e+01 1.240144805908203125e+02 1.139471282958984375e+02 2.886099609375000000e+03 1.458584289550781250e+02 1.387880401611328125e+02 1.381857543945312500e+03 3.252415771484375000e+02 2.571978149414062500e+02 3.212559204101562500e+02 5.539522705078125000e+02 9.862914276123046875e+01 2.288765258789062500e+02 3.565015258789062500e+02
8.694960784912109375e+01 4.640431213378906250e+02 6.273289489746093750e+01 1.203903656005859375e+02 1.140454406738281250e+02 3.181910156250000000e+03 1.505614776611328125e+02 1.401081542968750000e+02 1.314363647460937500e+03 3.202861633300781250e+02 2.563442993164062500e+02 3.240912170410156250e+02 5.510024414062500000e+02 9.611576843261718750e+01 2.337801971435546875e+02 3.729987487792968750e+02
1.010242004394531250e+02 4.606993713378906250e+02 6.148133850097656250e+01 1.160175628662109375e+02 1.127932586669921875e+02 3.849141601562500000e+03 1.490664520263671875e+02 1.405863952636718750e+02 1.321863769531250000e+03 3.387022094726562500e+02 2.510442352294921875e+02 3.214030151367187500e+02 5.547099609375000000e+02 9.667922210693359375e+01 2.258662719726562500e+02 3.720972290039062500e+02
9.795458984375000000e+01 4.518541259765625000e+02 5.380469512939453125e+01 1.114787445068359375e+02 1.125076141357421875e+02 3.625907226562500000e+03 1.444405517578125000e+02 1.380424194335937500e+02 1.393642456054687500e+03 3.614960021972656250e+02 2.522200775146484375e+02 3.211254272460937500e+02 5.653056640625000000e+02 9.599385070800781250e+01 2.108847351074218750e+02 3.584713134765625000e+02
8.582908630371093750e+01 4.460535888671875000e+02 5.438993453979492188e+01 1.094012756347656250e+02 1.133006134033203125e+02 3.324195312500000000e+03 1.421795349121093750e+02 1.336999816894531250e+02 1.477396728515625000e+03 3.534826354980468750e+02 2.505812530517578125e+02 3.144749755859375000e+02 5.662755737304687500e+02 1.054905700683593750e+02 2.053524932861328125e+02 3.417685241699218750e+02
8.613693237304687500e+01 4.459331665039062500e+02 6.606861114501953125e+01 1.110667572021484375e+02 1.129508819580078125e+02 3.075595947265625000e+03 1.406667480468750000e+02 1.354815979003906250e+02 1.472953369140625000e+03 3.321850280761718750e+02 2.468295593261718750e+02 3.196748962402343750e+02 5.694276123046875000e+02 1.220224990844726562e+02 2.286228790283203125e+02 3.353498229980468750e+02
9.368716430664062500e+01 4.771729125976562500e+02 7.004496765136718750e+01 1.203440399169921875e+02 1.139076309204101562e+02 2.931315673828125000e+03 1.395860595703125000e+02 1.431595458984375000e+02 1.430889160156250000e+03 3.166068725585937500e+02 2.635205688476562500e+02 3.229747924804687500e+02 5.646888427734375000e+02 1.303718719482421875e+02 2.496143646240234375e+02 3.506427307128906250e+02
8.787182617187500000e+01 4.679319152832031250e+02 6.673321533203125000e+01 1.189642639160156250e+02 1.148117904663085938e+02 2.853516113281250000e+03 1.449857177734375000e+02 1.377471618652343750e+02 1.394390380859375000e+03 3.146280212402343750e+02 2.651801757812500000e+02 3.181179809570312500e+02 5.589106445312500000e+02 1.260837020874023438e+02 2.634925842285156250e+02 3.572647094726562500e+02
9.581602478027343750e+01 4.751901855468750000e+02 6.515118408203125000e+01 1.239449920654296875e+02 1.155535507202148438e+02 2.869404785156250000e+03 1.501799926757812500e+02 1.364557495117187500e+02 1.381749145507812500e+03 3.279387512207031250e+02 2.701618347167968750e+02 3.223112182617187500e+02 5.588615112304687500e+02 1.360076599121093750e+02 2.688341979980468750e+02 3.729059448242187500e+02
9.591319274902343750e+01 4.855086059570312500e+02 6.224277877807617188e+01 1.405965270996093750e+02 1.156226501464843750e+02 2.952314697265625000e+03 1.507220458984375000e+02 1.371177978515625000e+02 1.562501464843750000e+03 3.276248168945312500e+02 2.836300354003906250e+02 3.219484863281250000e+02 5.635296630859375000e+02 1.305831146240234375e+02 2.745506591796875000e+02 3.893452758789062500e+02
9.148365783691406250e+01 4.711567077636718750e+02 5.975554275512695312e+01 1.362782745361328125e+02 1.150385589599609375e+02 2.936695800781250000e+03 1.459908599853515625e+02 1.337884826660156250e+02 1.623690429687500000e+03 3.197110900878906250e+02 2.747987365722656250e+02 3.151724548339843750e+02 5.633093261718750000e+02 1.208328704833984375e+02 2.650836486816406250e+02 3.909917602539062500e+02
9.957129669189453125e+01 4.712663879394531250e+02 6.590651702880859375e+01 1.354512939453125000e+02 1.164622573852539062e+02 2.910880859375000000e+03 1.477319946289062500e+02 1.359783630371093750e+02 1.618960205078125000e+03 3.148008117675781250e+02 2.733677978515625000e+02 3.201235961914062500e+02 5.619793701171875000e+02 1.367030334472656250e+02 2.757377624511718750e+02 3.792094726562500000e+02
1.048040466308593750e+02 4.889747314453125000e+02 6.710226440429687500e+01 1.403201293945312500e+02 1.195659027099609375e+02 2.912989013671875000e+03 1.566231994628906250e+02 1.337810668945312500e+02 1.710783569335937500e+03 3.267643737792968750e+02 2.858297119140625000e+02 3.226215820312500000e+02 5.648015747070312500e+02 1.441172027587890625e+02 2.589952392578125000e+02 4.071551513671875000e+02
9.451552581787109375e+01 4.932971801757812500e+02 5.920381927490234375e+01 1.365816650390625000e+02 1.193792266845703125e+02 2.930978027343750000e+03 1.525277252197265625e+02 1.304053955078125000e+02 1.760616088867187500e+03 3.269020996093750000e+02 2.748654785156250000e+02 3.197049865722656250e+02 5.579082641601562500e+02 1.304987182617187500e+02 2.698575744628906250e+02 4.017040405273437500e+02
8.593208312988281250e+01 4.708265991210937500e+02 4.745605468750000000e+01 1.369111022949218750e+02 1.176994705200195312e+02 2.931661376953125000e+03 1.461550140380859375e+02 1.320739135742187500e+02 1.672430419921875000e+03 3.234891357421875000e+02 2.653382568359375000e+02 3.032344360351562500e+02 5.541032714843750000e+02 1.240006942749023438e+02 2.629857177734375000e+02 3.835756225585937500e+02
8.026062011718750000e+01 4.570217895507812500e+02 4.122957611083984375e+01 1.326190185546875000e+02 1.165768814086914062e+02 2.960500000000000000e+03 1.436318359375000000e+02 1.286189117431640625e+02 1.716591552734375000e+03 3.245903930664062500e+02 2.599747314453125000e+02 2.980349426269531250e+02 5.577201538085937500e+02 1.283353424072265625e+02 2.448286437988281250e+02 3.771123657226562500e+02
7.712271881103515625e+01 4.895613098144531250e+02 5.452432250976562500e+01 1.496571655273437500e+02 1.204477767944335938e+02 3.026212890625000000e+03 1.431342315673828125e+02 1.349349670410156250e+02 1.632764038085937500e+03 3.413866271972656250e+02 2.689845581054687500e+02 3.132944946289062500e+02 5.675185546875000000e+02 1.210030517578125000e+02 2.545098724365234375e+02 3.843868103027343750e+02
8.252503967285156250e+01 4.857641601562500000e+02 6.083990859985351562e+01 1.422814941406250000e+02 1.217122650146484375e+02 3.161996093750000000e+03 1.437942199707031250e+02 1.347854461669921875e+02 1.537935302734375000e+03 3.945898742675781250e+02 2.781683349609375000e+02 3.202196655273437500e+02 5.612194824218750000e+02 1.150808639526367188e+02 2.570843505859375000e+02 3.925677490234375000e+02
8.030210876464843750e+01 4.999459228515625000e+02 5.485962677001953125e+01 1.303032531738281250e+02 1.211563568115234375e+02 3.318899902343750000e+03 1.399724578857421875e+02 1.312667846679687500e+02 1.464436767578125000e+03 3.805010681152343750e+02 2.781932983398437500e+02 3.208383483886718750e+02 5.568939819335937500e+02 1.068716583251953125e+02 2.587772216796875000e+02 3.965696716308593750e+02
8.727690124511718750e+01 4.998141784667968750e+02 5.653755187988281250e+01 1.257022476196289062e+02 1.223055419921875000e+02 3.419003662109375000e+03 1.392412414550781250e+02 1.303891448974609375e+02 1.427160644531250000e+03 3.707382812500000000e+02 2.919090270996093750e+02 3.270645751953125000e+02 5.678598632812500000e+02 1.006086883544921875e+02 2.648346862792968750e+02 4.041004028320312500e+02
8.717185211181640625e+01 4.962222900390625000e+02 5.274882507324218750e+01 1.339588928222656250e+02 1.225722503662109375e+02 3.585252685546875000e+03 1.393833312988281250e+02 1.295162048339843750e+02 1.391482055664062500e+03 3.491603088378906250e+02 2.831820068359375000e+02 3.249084472656250000e+02 5.712927246093750000e+02 9.832187652587890625e+01 2.514449005126953125e+02 4.082461547851562500e+02
