1.118818969726562500e+02 4.496782226562500000e+02 6.249275588989257812e+01 1.013656616210937500e+02 1.520876007080078125e+02 3.055651855468750000e+03 1.564033203125000000e+02 1.617093200683593750e+02 1.582099121093750000e+03 3.226955261230468750e+02 2.578556823730468750e+02 3.865859375000000000e+02 5.480296630859375000e+02 1.146729583740234375e+02 2.655672607421875000e+02 3.316596984863281250e+02
1.006274490356445312e+02 4.567185058593750000e+02 6.064167785644531250e+01 1.021396331787109375e+02 1.530588226318359375e+02 2.987315429687500000e+03 1.565731811523437500e+02 1.605630187988281250e+02 1.528325927734375000e+03 3.115059814453125000e+02 2.680374450683593750e+02 3.915099487304687500e+02 5.151140136718750000e+02 1.046115646362304688e+02 2.668894042968750000e+02 3.411639099121093750e+02
9.475984954833984375e+01 4.597360839843750000e+02 5.587110137939453125e+01 1.022346649169921875e+02 1.549980010986328125e+02 2.964849121093750000e+03 1.572180938720703125e+02 1.606199645996093750e+02 1.652180541992187500e+03 3.119993286132812500e+02 2.641448364257812500e+02 3.852254638671875000e+02 4.868536987304687500e+02 9.761100769042968750e+01 2.618451843261718750e+02 3.406337585449218750e+02
1.084026260375976562e+02 4.645599365234375000e+02 4.999179840087890625e+01 9.991906738281250000e+01 1.566777648925781250e+02 2.949257080078125000e+03 1.526474914550781250e+02 1.540736999511718750e+02 1.564198242187500000e+03 3.168212890625000000e+02 2.567785644531250000e+02 3.838214111328125000e+02 5.674328613281250000e+02 1.185643768310546875e+02 2.576064147949218750e+02 3.314965515136718750e+02
1.021420745849609375e+02 4.840913085937500000e+02 5.203009033203125000e+01 9.806346130371093750e+01 1.585153808593750000e+02 2.993720214843750000e+03 1.543735809326171875e+02 1.567170257568359375e+02 1.512976562500000000e+03 3.491648254394531250e+02 2.782496337890625000e+02 3.900296936035156250e+02 4.953709106445312500e+02 1.155371856689453125e+02 2.571227722167968750e+02 3.352551269531250000e+02
9.359126281738281250e+01 4.830052490234375000e+02 5.014015960693359375e+01 1.003368072509765625e+02 1.580043945312500000e+02 3.065717773437500000e+03 1.499806060791015625e+02 1.650391998291015625e+02 1.498522583007812500e+03 3.526503295898437500e+02 2.848728027343750000e+02 3.817810058593750000e+02 5.079316406250000000e+02 1.153490600585937500e+02 2.444140625000000000e+02 3.462503356933593750e+02
8.950643920898437500e+01 5.175049438476562500e+02 4.799325942993164062e+01 1.013276367187500000e+02 1.599710388183593750e+02 3.081474609375000000e+03 1.760078430175781250e+02 1.671993103027343750e+02 1.483476196289062500e+03 3.803782043457031250e+02 3.065750732421875000e+02 3.878138427734375000e+02 5.532569580078125000e+02 1.148804321289062500e+02 2.504070434570312500e+02 3.469052734375000000e+02
9.047142791748046875e+01 5.263768920898437500e+02 5.322466278076171875e+01 1.085112304687500000e+02 1.633216247558593750e+02 3.313095947265625000e+03 1.674300842285156250e+02 1.722716064453125000e+02 1.489996582031250000e+03 3.757171325683593750e+02 3.268656921386718750e+02 3.887960205078125000e+02 5.784616699218750000e+02 1.151817932128906250e+02 2.324531860351562500e+02 3.479749450683593750e+02
8.712281799316406250e+01 5.269044189453125000e+02 5.068106079101562500e+01 1.081799774169921875e+02 1.600682983398437500e+02 3.397077636718750000e+03 1.724728393554687500e+02 1.659666442871093750e+02 1.496794677734375000e+03 3.704531250000000000e+02 3.284267883300781250e+02 3.795333862304687500e+02 5.578167724609375000e+02 1.154363861083984375e+02 2.337433624267578125e+02 3.536183471679687500e+02
9.389144134521484375e+01 5.266415405273437500e+02 5.042268753051757812e+01 1.143801574707031250e+02 1.623341522216796875e+02 3.506018798828125000e+03 1.681978912353515625e+02 1.735044403076171875e+02 1.469286743164062500e+03 3.652639465332031250e+02 3.354885559082031250e+02 3.911069946289062500e+02 5.210359497070312500e+02 1.158945312500000000e+02 2.317497863769531250e+02 3.504783630371093750e+02
9.073482513427734375e+01 5.349113769531250000e+02 5.418750000000000000e+01 1.152731475830078125e+02 1.633401947021484375e+02 3.611842773437500000e+03 1.670906066894531250e+02 1.728780212402343750e+02 1.448907348632812500e+03 3.717707519531250000e+02 3.382447814941406250e+02 3.848006286621093750e+02 5.735124511718750000e+02 1.135662612915039062e+02 2.370687713623046875e+02 3.596461486816406250e+02
8.667759704589843750e+01 5.348481445312500000e+02 5.192153930664062500e+01 1.159943237304687500e+02 1.615686340332031250e+02 3.513441894531250000e+03 1.651237640380859375e+02 1.708654632568359375e+02 1.433666503906250000e+03 3.795104064941406250e+02 3.425828247070312500e+02 3.800063476562500000e+02 5.270454101562500000e+02 1.170717086791992188e+02 2.306328430175781250e+02 3.607964477539062500e+02
8.779931640625000000e+01 5.318316650390625000e+02 5.086728668212890625e+01 1.128515472412109375e+02 1.642395019531250000e+02 3.449764892578125000e+03 1.603583831787109375e+02 1.684138183593750000e+02 1.438177490234375000e+03 3.801656494140625000e+02 3.400295104980468750e+02 3.780631713867187500e+02 5.089313354492187500e+02 1.184249572753906250e+02 2.590367126464843750e+02 3.751222229003906250e+02
1.009532241821289062e+02 5.277677612304687500e+02 5.181983184814453125e+01 1.092640533447265625e+02 1.604397888183593750e+02 3.332000488281250000e+03 1.570278930664062500e+02 1.696639404296875000e+02 1.401583129882812500e+03 3.665943603515625000e+02 3.348207702636718750e+02 3.745193786621093750e+02 5.132901611328125000e+02 1.199504394531250000e+02 2.371332855224609375e+02 3.786927490234375000e+02
9.442152404785156250e+01 5.103699340820312500e+02 5.073882293701171875e+01 1.037475433349609375e+02 1.621992187500000000e+02 3.176760742187500000e+03 1.568104400634765625e+02 1.658066101074218750e+02 1.382329345703125000e+03 3.741129760742187500e+02 3.243545837402343750e+02 3.555393371582031250e+02 4.847395629882812500e+02 1.181883773803710938e+02 2.310178833007812500e+02 3.804289245605468750e+02
9.036682128906250000e+01 4.952587890625000000e+02 4.778202819824218750e+01 9.635214233398437500e+01 1.542408905029296875e+02 2.984670898437500000e+03 1.473799285888671875e+02 1.543951110839843750e+02 1.324342773437500000e+03 3.761263427734375000e+02 3.117708740234375000e+02 3.244413452148437500e+02 4.705535583496093750e+02 1.166196899414062500e+02 2.228775177001953125e+02 3.759309692382812500e+02
9.366012573242187500e+01 4.910808715820312500e+02 4.838009643554687500e+01 9.749772644042968750e+01 1.601644897460937500e+02 2.931502929687500000e+03 1.505658874511718750e+02 1.614669647216796875e+02 1.355687011718750000e+03 3.829356994628906250e+02 3.094685363769531250e+02 3.689928283691406250e+02 4.743703308105468750e+02 1.183064880371093750e+02 2.165757904052734375e+02 3.790429077148437500e+02
8.699700927734375000e+01 4.769304809570312500e+02 4.836063766479492188e+01 9.215155029296875000e+01 1.503280639648437500e+02 2.744067382812500000e+03 1.463690338134765625e+02 1.538725280761718750e+02 1.367719116210937500e+03 3.824927368164062500e+02 2.943790893554687500e+02 3.332689208984375000e+02 4.499431762695312500e+02 1.157980270385742188e+02 2.129650878906250000e+02 3.841635742187500000e+02
8.352714538574218750e+01 4.621257324218750000e+02 4.801873779296875000e+01 8.580252075195312500e+01 1.594180603027343750e+02 2.724675292968750000e+03 1.377582092285156250e+02 1.518150787353515625e+02 1.339318481445312500e+03 3.725478820800781250e+02 2.886624145507812500e+02 3.312625732421875000e+02 4.845623779296875000e+02 1.191260833740234375e+02 2.228392486572265625e+02 3.943725585937500000e+02
7.634373474121093750e+01 4.257603759765625000e+02 4.383975219726562500e+01 8.063537597656250000e+01 1.568179931640625000e+02 2.587336425781250000e+03 1.272372131347656250e+02 1.477303924560546875e+02 1.321884277343750000e+03 3.684238281250000000e+02 2.812726440429687500e+02 3.328845825195312500e+02 4.605786132812500000e+02 1.191666641235351562e+02 2.213292999267578125e+02 3.940178833007812500e+02
7.193923950195312500e+01 3.712514038085937500e+02 3.160784912109375000e+01 5.822331237792968750e+01 1.399540863037109375e+02 2.389554199218750000e+03 1.170939712524414062e+02 1.268108825683593750e+02 1.217299560546875000e+03 3.345988769531250000e+02 2.403448944091796875e+02 2.683505554199218750e+02 4.003183593750000000e+02 1.107847900390625000e+02 2.021269226074218750e+02 3.740097045898437500e+02
5.441442108154296875e+01 3.147678222656250000e+02 9.858402252197265625e+00 3.176588439941406250e+01 9.837312316894531250e+01 2.307474609375000000e+03 1.024297790527343750e+02 1.007099914550781250e+02 1.100294921875000000e+03 2.732621459960937500e+02 1.887848510742187500e+02 1.883232574462890625e+02 2.344796295166015625e+02 9.130572509765625000e+01 1.577976531982421875e+02 3.159492797851562500e+02
5.787715148925781250e+01 3.263799438476562500e+02 8.596378326416015625e+00 5.498591613769531250e+01 5.948951339721679688e+01 2.339947021484375000e+03 1.094530029296875000e+02 1.009788589477539062e+02 1.008399658203125000e+03 2.530516510009765625e+02 1.922367858886718750e+02 1.826777038574218750e+02 2.989589843750000000e+02 8.111140441894531250e+01 1.521495056152343750e+02 2.878067626953125000e+02
9.720614624023437500e+01 4.684587402343750000e+02 5.588945007324218750e+01 1.448010253906250000e+02 1.451880187988281250e+02 2.849015136718750000e+03 1.473769989013671875e+02 1.616607513427734375e+02 1.518913940429687500e+03 4.869903564453125000e+02 3.072478637695312500e+02 3.100566101074218750e+02 5.124111328125000000e+02 1.207644958496093750e+02 2.350010223388671875e+02 4.083367614746093750e+02
8.101095581054687500e+01 4.214913330078125000e+02 4.294794464111328125e+01 1.161954956054687500e+02 1.439703979492187500e+02 2.924700195312500000e+03 1.286719665527343750e+02 1.443342895507812500e+02 1.344615600585937500e+03 4.172817077636718750e+02 2.665480957031250000e+02 3.528341064453125000e+02 5.589617919921875000e+02 1.081741180419921875e+02 2.167396087646484375e+02 3.722628784179687500e+02
7.594818115234375000e+01 3.905815124511718750e+02 3.758287811279296875e+01 1.044748840332031250e+02 1.200243377685546875e+02 2.799772705078125000e+03 1.341315917968750000e+02 1.276721267700195312e+02 1.245857666015625000e+03 4.099597167968750000e+02 2.452721710205078125e+02 3.078613281250000000e+02 5.312744750976562500e+02 1.011943588256835938e+02 2.072707977294921875e+02 3.519442749023437500e+02
6.616739654541015625e+01 3.940462341308593750e+02 3.544512557983398438e+01 9.962936401367187500e+01 1.354732666015625000e+02 3.009339355468750000e+03 1.295163574218750000e+02 1.238707504272460938e+02 1.212005615234375000e+03 3.787967834472656250e+02 2.305301818847656250e+02 3.087107238769531250e+02 5.047301940917968750e+02 9.507524108886718750e+01 1.963998870849609375e+02 3.443666076660156250e+02
7.028839111328125000e+01 4.238466186523437500e+02 3.328897857666015625e+01 1.042687072753906250e+02 1.376206970214843750e+02 3.060348632812500000e+03 1.246024703979492188e+02 1.183485717773437500e+02 1.206220947265625000e+03 3.935836486816406250e+02 2.553153076171875000e+02 3.306879882812500000e+02 5.221175537109375000e+02 9.209809875488281250e+01 2.038345642089843750e+02 3.583505554199218750e+02
6.210388183593750000e+01 4.235786132812500000e+02 3.808461761474609375e+01 9.847688293457031250e+01 1.385155334472656250e+02 3.187370361328125000e+03 1.243042755126953125e+02 1.278921661376953125e+02 1.272513427734375000e+03 4.035932312011718750e+02 2.386823730468750000e+02 3.288230590820312500e+02 5.289335327148437500e+02 9.855976867675781250e+01 1.934095611572265625e+02 3.644144592285156250e+02
7.020389556884765625e+01 4.218311462402343750e+02 3.292591476440429688e+01 9.004725646972656250e+01 1.407752838134765625e+02 3.374256347656250000e+03 1.291815338134765625e+02 1.200368347167968750e+02 1.255612060546875000e+03 3.748855590820312500e+02 2.347898101806640625e+02 3.271423339843750000e+02 4.924981994628906250e+02 1.001590728759765625e+02 1.776470642089843750e+02 3.631292114257812500e+02
6.362264251708984375e+01 4.475700378417968750e+02 3.611185455322265625e+01 1.020861053466796875e+02 1.494022064208984375e+02 3.267451660156250000e+03 1.248194885253906250e+02 1.487914123535156250e+02 1.268965332031250000e+03 3.652728576660156250e+02 2.427994537353515625e+02 3.572167358398437500e+02 5.217524414062500000e+02 9.216574096679687500e+01 1.619166870117187500e+02 3.544685974121093750e+02
6.262218475341796875e+01 4.149597778320312500e+02 4.088269805908203125e+01 9.531768798828125000e+01 1.474259338378906250e+02 3.082813964843750000e+03 1.182327499389648438e+02 1.334389190673828125e+02 1.169716430664062500e+03 3.365729675292968750e+02 2.296803741455078125e+02 3.469334411621093750e+02 5.370195312500000000e+02 9.507312011718750000e+01 1.803657531738281250e+02 3.485930175781250000e+02
6.149163818359375000e+01 4.129676513671875000e+02 4.096320724487304688e+01 1.070945281982421875e+02 1.427706756591796875e+02 3.616467041015625000e+03 1.168627700805664062e+02 1.241705932617187500e+02 1.239045776367187500e+03 3.464510803222656250e+02 2.280444641113281250e+02 3.597911376953125000e+02 5.400452880859375000e+02 9.700008392333984375e+01 1.838785400390625000e+02 3.471559143066406250e+02
8.119616699218750000e+01 3.977261657714843750e+02 4.156967163085937500e+01 9.662945556640625000e+01 1.346052551269531250e+02 3.403445800781250000e+03 1.217785949707031250e+02 1.222093353271484375e+02 1.102166625976562500e+03 2.920292968750000000e+02 2.194301605224609375e+02 3.570695800781250000e+02 5.253766479492187500e+02 9.176371765136718750e+01 1.978645019531250000e+02 3.512286071777343750e+02
6.637047576904296875e+01 4.220418701171875000e+02 5.018297958374023438e+01 8.926802062988281250e+01 1.479691619873046875e+02 3.845591308593750000e+03 1.347930603027343750e+02 1.235706100463867188e+02 1.513801269531250000e+03 2.896712646484375000e+02 2.248773193359375000e+02 3.483675537109375000e+02 5.399098510742187500e+02 8.679534912109375000e+01 2.277660217285156250e+02 3.253019409179687500e+02
7.804234313964843750e+01 4.268894653320312500e+02 5.295746612548828125e+01 9.272590637207031250e+01 1.419955444335937500e+02 3.296500244140625000e+03 1.358990173339843750e+02 1.260643920898437500e+02 1.295444458007812500e+03 2.948014221191406250e+02 2.249421081542968750e+02 3.631745605468750000e+02 5.300004882812500000e+02 8.661120605468750000e+01 2.182305297851562500e+02 3.668818969726562500e+02
9.756846618652343750e+01 4.216618957519531250e+02 5.141657257080078125e+01 8.826525878906250000e+01 1.390467224121093750e+02 3.301727294921875000e+03 1.328923034667968750e+02 1.264033966064453125e+02 1.314416259765625000e+03 3.213722839355468750e+02 2.183705291748046875e+02 3.473710937500000000e+02 5.431599731445312500e+02 8.868824768066406250e+01 2.132038574218750000e+02 3.621993408203125000e+02
9.032659912109375000e+01 4.124642333984375000e+02 4.639469146728515625e+01 8.355935668945312500e+01 1.388125305175781250e+02 3.114937011718750000e+03 1.286302185058593750e+02 1.226044387817382812e+02 1.372143310546875000e+03 3.359069824218750000e+02 2.230925292968750000e+02 3.510234375000000000e+02 5.858862304687500000e+02 8.663357543945312500e+01 2.032819976806640625e+02 3.493105468750000000e+02
7.713066101074218750e+01 4.091770324707031250e+02 4.876523208618164062e+01 8.246824645996093750e+01 1.415625915527343750e+02 2.984048828125000000e+03 1.283442840576171875e+02 1.176130294799804688e+02 1.435930175781250000e+03 3.208934631347656250e+02 2.190906524658203125e+02 3.214498596191406250e+02 5.716738281250000000e+02 1.017178802490234375e+02 2.016051635742187500e+02 3.324223937988281250e+02
8.488650512695312500e+01 4.119705810546875000e+02 6.119184875488281250e+01 8.558274841308593750e+01 1.383793334960937500e+02 3.442188476562500000e+03 1.273022079467773438e+02 1.228260421752929688e+02 1.400444335937500000e+03 2.992553710937500000e+02 2.149813232421875000e+02 3.519848937988281250e+02 5.891770019531250000e+02 1.267850265502929688e+02 2.376929473876953125e+02 3.287380981445312500e+02
9.263204956054687500e+01 4.581886596679687500e+02 6.036757659912109375e+01 9.796257019042968750e+01 1.423409118652343750e+02 3.659378173828125000e+03 1.266923522949218750e+02 1.323024597167968750e+02 1.377240600585937500e+03 2.895277709960937500e+02 2.420463562011718750e+02 3.510755004882812500e+02 5.634757080078125000e+02 1.271385192871093750e+02 2.629745788574218750e+02 3.491381835937500000e+02
8.469230651855468750e+01 4.360992126464843750e+02 5.790332412719726562e+01 9.213005065917968750e+01 1.436138610839843750e+02 3.522039550781250000e+03 1.350466003417968750e+02 1.216954574584960938e+02 1.393797607421875000e+03 2.928652954101562500e+02 2.365127563476562500e+02 3.302612304687500000e+02 5.478450317382812500e+02 1.239217910766601562e+02 2.679716796875000000e+02 3.515329284667968750e+02
9.778386688232421875e+01 4.550337524414062500e+02 5.675988006591796875e+01 1.017633056640625000e+02 1.453803710937500000e+02 3.858170410156250000e+03 1.393351745605468750e+02 1.242764511108398438e+02 1.374662719726562500e+03 3.129307861328125000e+02 2.451475982666015625e+02 3.527501831054687500e+02 5.499057617187500000e+02 1.364227600097656250e+02 2.656730651855468750e+02 3.714336853027343750e+02
9.566136932373046875e+01 4.675252685546875000e+02 5.469735717773437500e+01 1.224892120361328125e+02 1.444711608886718750e+02 3.423378906250000000e+03 1.393720855712890625e+02 1.250615844726562500e+02 1.803034667968750000e+03 3.049923095703125000e+02 2.630538940429687500e+02 3.406121215820312500e+02 5.663667602539062500e+02 1.294370269775390625e+02 2.698330383300781250e+02 3.869328002929687500e+02
9.218142700195312500e+01 4.508024902343750000e+02 5.306827545166015625e+01 1.140545043945312500e+02 1.418276519775390625e+02 3.420950683593750000e+03 1.340581054687500000e+02 1.201312179565429688e+02 1.602042846679687500e+03 2.982756347656250000e+02 2.496595458984375000e+02 3.156655273437500000e+02 5.557035522460937500e+02 1.237811279296875000e+02 2.577271728515625000e+02 3.878466186523437500e+02
1.008751220703125000e+02 4.590655212402343750e+02 5.840109252929687500e+01 1.179794616699218750e+02 1.476216125488281250e+02 3.297914062500000000e+03 1.392144165039062500e+02 1.251717834472656250e+02 1.630840820312500000e+03 2.938908996582031250e+02 2.545120086669921875e+02 3.409262390136718750e+02 5.469357910156250000e+02 1.449832916259765625e+02 2.744052734375000000e+02 3.808703002929687500e+02
1.029717102050781250e+02 4.799684753417968750e+02 5.822608566284179688e+01 1.254314651489257812e+02 1.563685607910156250e+02 4.120431152343750000e+03 1.494490814208984375e+02 1.209095764160156250e+02 1.702201416015625000e+03 3.085025024414062500e+02 2.708746337890625000e+02 3.387019348144531250e+02 5.553543701171875000e+02 1.388641510009765625e+02 2.530975341796875000e+02 4.079892272949218750e+02
9.455386352539062500e+01 4.822297363281250000e+02 5.271354675292968750e+01 1.214694824218750000e+02 1.533955688476562500e+02 3.630969238281250000e+03 1.431267700195312500e+02 1.173659591674804688e+02 1.710756225585937500e+03 3.092994384765625000e+02 2.556127777099609375e+02 3.233594665527343750e+02 5.248905029296875000e+02 1.319968261718750000e+02 2.737418518066406250e+02 3.981858825683593750e+02
8.884191894531250000e+01 4.596696777343750000e+02 4.488602447509765625e+01 1.248064956665039062e+02 1.483118896484375000e+02 4.001110351562500000e+03 1.375187225341796875e+02 1.214926452636718750e+02 1.650578125000000000e+03 3.082897949218750000e+02 2.497832336425781250e+02 2.872013854980468750e+02 5.175567626953125000e+02 1.273296432495117188e+02 2.584571838378906250e+02 3.877769165039062500e+02
8.223743438720703125e+01 4.518712768554687500e+02 4.165271759033203125e+01 1.213417968750000000e+02 1.440177001953125000e+02 3.851895751953125000e+03 1.370451354980468750e+02 1.149092178344726562e+02 1.678240478515625000e+03 3.148182373046875000e+02 2.459820709228515625e+02 2.752929992675781250e+02 5.300015869140625000e+02 1.277259826660156250e+02 2.409059143066406250e+02 3.833586425781250000e+02
7.725512695312500000e+01 4.891856689453125000e+02 5.417671966552734375e+01 1.430611877441406250e+02 1.602208557128906250e+02 3.885457519531250000e+03 1.368899230957031250e+02 1.260492172241210938e+02 1.597072631835937500e+03 3.350804748535156250e+02 2.580882568359375000e+02 3.469622497558593750e+02 5.602003173828125000e+02 1.209426345825195312e+02 2.504248199462890625e+02 3.865507202148437500e+02
8.253753662109375000e+01 4.820983886718750000e+02 5.609764480590820312e+01 1.354600219726562500e+02 1.587245941162109375e+02 3.743833740234375000e+03 1.377732543945312500e+02 1.233573837280273438e+02 1.491683471679687500e+03 4.279590759277343750e+02 2.668147583007812500e+02 3.315594787597656250e+02 5.201636352539062500e+02 1.159577941894531250e+02 2.474617767333984375e+02 3.906663513183593750e+02
7.761329650878906250e+01 5.030126953125000000e+02 5.204547119140625000e+01 1.272407684326171875e+02 1.588477172851562500e+02 3.613541259765625000e+03 1.324057922363281250e+02 1.196672897338867188e+02 1.421208984375000000e+03 3.895656127929687500e+02 2.687119445800781250e+02 3.315642089843750000e+02 5.103506469726562500e+02 1.070164184570312500e+02 2.471162109375000000e+02 3.935504760742187500e+02
8.716297149658203125e+01 5.059202880859375000e+02 5.360243988037109375e+01 1.271410598754882812e+02 1.634869079589843750e+02 3.605216308593750000e+03 1.344636383056640625e+02 1.217366790771484375e+02 1.426170898437500000e+03 3.900443115234375000e+02 2.885739440917968750e+02 3.572811279296875000e+02 5.519640502929687500e+02 1.003317871093750000e+02 2.556748962402343750e+02 3.996473388671875000e+02
8.757984924316406250e+01 5.127145996093750000e+02 5.210707855224609375e+01 1.402653503417968750e+02 1.632081451416015625e+02 3.521491943359375000e+03 1.354222259521484375e+02 1.220525054931640625e+02 1.411791992187500000e+03 3.724235839843750000e+02 2.840369873046875000e+02 3.344448242187500000e+02 5.468146362304687500e+02 9.891381835937500000e+01 2.426743621826171875e+02 4.042163391113281250e+02
9.465121459960937500e+01 5.107922363281250000e+02 5.386430740356445312e+01 1.346388397216796875e+02 1.651948547363281250e+02 3.512437744140625000e+03 1.420394897460937500e+02 1.258318786621093750e+02 1.389002075195312500e+03 3.621956787109375000e+02 2.820993652343750000e+02 3.540755920410156250e+02 5.562057495117187500e+02 1.038846435546875000e+02 2.291857299804687500e+02 4.165960083007812500e+02
8.981748199462890625e+01 5.008374633789062500e+02 5.021260070800781250e+01 1.321940612792968750e+02 1.640565948486328125e+02 3.027596191406250000e+03 1.550365753173828125e+02 1.207716598510742188e+02 1.327722778320312500e+03 3.703545532226562500e+02 2.720289001464843750e+02 3.521679687500000000e+02 5.166115112304687500e+02 1.097536468505859375e+02 2.185009613037109375e+02 3.979965820312500000e+02
1.027773437500000000e+02 4.730934753417968750e+02 4.741603851318359375e+01 1.267194747924804688e+02 1.627913665771484375e+02 2.883659667968750000e+03 1.437013092041015625e+02 1.189650955200195312e+02 1.281421264648437500e+03 3.458041992187500000e+02 2.597898864746093750e+02 2.990245361328125000e+02 5.698619995117187500e+02 1.056825408935546875e+02 2.038895263671875000e+02 3.879482727050781250e+02
9.833161926269531250e+01 4.842356872558593750e+02 4.490361785888671875e+01 1.294932403564453125e+02 1.629239196777343750e+02 2.844107177734375000e+03 1.427597808837890625e+02 1.184747009277343750e+02 1.382953857421875000e+03 3.545311889648437500e+02 2.608843994140625000e+02 3.251412048339843750e+02 5.748487548828125000e+02 1.024200820922851562e+02 2.045810241699218750e+02 4.051002502441406250e+02
1.064324111938476562e+02 4.651211547851562500e+02 4.460034942626953125e+01 1.296829376220703125e+02 1.600388488769531250e+02 2.857900390625000000e+03 1.435566864013671875e+02 1.189392700195312500e+02 1.319014282226562500e+03 3.318702697753906250e+02 2.605957031250000000e+02 2.980018310546875000e+02 5.613770751953125000e+02 1.148243865966796875e+02 1.950621643066406250e+02 3.967282714843750000e+02
1.095941390991210938e+02 4.765762329101562500e+02 4.956739425659179688e+01 1.330149230957031250e+02 1.648647460937500000e+02 3.207196777343750000e+03 1.460031738281250000e+02 1.216564941406250000e+02 1.272506835937500000e+03 3.393988037109375000e+02 2.717565612792968750e+02 2.943504943847656250e+02 5.531736450195312500e+02 1.158185882568359375e+02 1.961520538330078125e+02 4.087370910644531250e+02
1.034101409912109375e+02 4.884486083984375000e+02 5.162652587890625000e+01 1.464282073974609375e+02 1.644311370849609375e+02 3.007976562500000000e+03 1.433146972656250000e+02 1.225713195800781250e+02 1.378190551757812500e+03 3.535285034179687500e+02 2.963259277343750000e+02 3.227298278808593750e+02 5.328208007812500000e+02 1.174259262084960938e+02 2.028193817138671875e+02 4.134872131347656250e+02
1.151070404052734375e+02 4.977223205566406250e+02 5.720289230346679688e+01 1.472643127441406250e+02 1.661658630371093750e+02 3.111169189453125000e+03 1.404472961425781250e+02 1.328032684326171875e+02 1.341807373046875000e+03 3.764838867187500000e+02 2.968627624511718750e+02 3.314227294921875000e+02 5.498657836914062500e+02 1.184191665649414062e+02 2.030247344970703125e+02 4.142680969238281250e+02
1.138587188720703125e+02 4.907708435058593750e+02 6.482740783691406250e+01 1.481483764648437500e+02 1.659589996337890625e+02 3.095962402343750000e+03 1.451688385009765625e+02 1.295306396484375000e+02 1.312653930664062500e+03 3.829367370605468750e+02 3.033491516113281250e+02 3.173794250488281250e+02 5.069203796386718750e+02 1.127830047607421875e+02 1.986216735839843750e+02 4.150007324218750000e+02
