1.174375534057617188e+02 4.882581176757812500e+02 7.565705871582031250e+01 1.439884643554687500e+02 1.371011810302734375e+02 3.093955566406250000e+03 1.586070861816406250e+02 1.786742858886718750e+02 1.740501342773437500e+03 3.463679809570312500e+02 2.947872314453125000e+02 3.655001220703125000e+02 5.353398437500000000e+02 1.192043075561523438e+02 2.686539916992187500e+02 3.588569946289062500e+02
9.506181335449218750e+01 5.040551147460937500e+02 7.514089202880859375e+01 1.440341186523437500e+02 1.391842193603515625e+02 3.166640869140625000e+03 1.621682434082031250e+02 1.791930847167968750e+02 1.645140625000000000e+03 3.468576049804687500e+02 3.120168762207031250e+02 3.703038330078125000e+02 5.364646606445312500e+02 1.126159667968750000e+02 2.696991882324218750e+02 3.748389282226562500e+02
9.253633117675781250e+01 5.088373107910156250e+02 6.904724884033203125e+01 1.441367492675781250e+02 1.421576843261718750e+02 3.231431396484375000e+03 1.677528686523437500e+02 1.810768585205078125e+02 1.782955078125000000e+03 3.463941040039062500e+02 2.950255737304687500e+02 3.615024719238281250e+02 4.894806823730468750e+02 1.056564178466796875e+02 2.538611297607421875e+02 3.679454650878906250e+02
1.151265106201171875e+02 5.168532714843750000e+02 6.603528594970703125e+01 1.447191467285156250e+02 1.430868835449218750e+02 3.126425292968750000e+03 1.566417999267578125e+02 1.567571411132812500e+02 1.645523193359375000e+03 3.491088256835937500e+02 2.902810058593750000e+02 3.577937011718750000e+02 5.102362060546875000e+02 1.225185623168945312e+02 2.492707366943359375e+02 3.523045959472656250e+02
1.076830520629882812e+02 5.266139526367187500e+02 6.658985900878906250e+01 1.456443481445312500e+02 1.430364837646484375e+02 3.370269531250000000e+03 1.643211517333984375e+02 1.688724822998046875e+02 1.599735595703125000e+03 3.852184448242187500e+02 3.172882080078125000e+02 3.694253540039062500e+02 4.892845153808593750e+02 1.206401214599609375e+02 2.564040222167968750e+02 3.558238525390625000e+02
9.132716369628906250e+01 5.161864013671875000e+02 6.653130340576171875e+01 1.466896362304687500e+02 1.425995178222656250e+02 3.180686279296875000e+03 1.566479797363281250e+02 1.801701354980468750e+02 1.616963256835937500e+03 3.826860351562500000e+02 3.174633483886718750e+02 3.621421813964843750e+02 4.921500244140625000e+02 1.195811920166015625e+02 2.524563293457031250e+02 3.736221618652343750e+02
9.210659790039062500e+01 5.617065429687500000e+02 6.763773345947265625e+01 1.506238098144531250e+02 1.430847167968750000e+02 3.211270019531250000e+03 1.897259826660156250e+02 1.824194946289062500e+02 1.613685913085937500e+03 3.942810058593750000e+02 3.408376159667968750e+02 3.685480346679687500e+02 5.371518554687500000e+02 1.180105667114257812e+02 2.625650634765625000e+02 3.687790527343750000e+02
1.005591964721679688e+02 5.658230590820312500e+02 7.206224060058593750e+01 1.537381896972656250e+02 1.404086914062500000e+02 3.240005126953125000e+03 1.739043579101562500e+02 1.859436035156250000e+02 1.645575439453125000e+03 3.910867004394531250e+02 3.526976013183593750e+02 3.706254882812500000e+02 5.524794921875000000e+02 1.189783172607421875e+02 2.262430572509765625e+02 3.665873413085937500e+02
9.269500732421875000e+01 5.639401855468750000e+02 6.981457519531250000e+01 1.500724792480468750e+02 1.447719726562500000e+02 3.184087158203125000e+03 1.866601562500000000e+02 1.649470214843750000e+02 1.632702880859375000e+03 3.742952270507812500e+02 3.500976867675781250e+02 3.661474304199218750e+02 5.523158569335937500e+02 1.189174041748046875e+02 2.401817626953125000e+02 3.770346984863281250e+02
1.073989410400390625e+02 5.595040893554687500e+02 6.735614776611328125e+01 1.516143188476562500e+02 1.446962890625000000e+02 3.253161621093750000e+03 1.729600372314453125e+02 1.851486511230468750e+02 1.610215332031250000e+03 3.614312744140625000e+02 3.530520935058593750e+02 3.728597412109375000e+02 5.164875488281250000e+02 1.184701766967773438e+02 2.400710601806640625e+02 3.612838439941406250e+02
9.507835388183593750e+01 5.637351074218750000e+02 7.310660552978515625e+01 1.485669250488281250e+02 1.423249511718750000e+02 3.235874023437500000e+03 1.735692443847656250e+02 1.820084838867187500e+02 1.584124145507812500e+03 3.911236572265625000e+02 3.506376953125000000e+02 3.727734985351562500e+02 5.531546630859375000e+02 1.094466400146484375e+02 2.428834838867187500e+02 3.884114074707031250e+02
8.874416351318359375e+01 5.629145507812500000e+02 6.450103759765625000e+01 1.443194580078125000e+02 1.442067260742187500e+02 3.013990234375000000e+03 1.710242309570312500e+02 1.754113922119140625e+02 1.544602294921875000e+03 3.957576904296875000e+02 3.524301757812500000e+02 3.654312133789062500e+02 5.242205200195312500e+02 1.184750976562500000e+02 2.362586059570312500e+02 3.778945922851562500e+02
9.163243865966796875e+01 5.436827392578125000e+02 5.860353088378906250e+01 1.351980895996093750e+02 1.407016601562500000e+02 2.939068603515625000e+03 1.617641906738281250e+02 1.668105468750000000e+02 1.538487915039062500e+03 3.852300415039062500e+02 3.391246643066406250e+02 3.629409179687500000e+02 5.270242919921875000e+02 1.171205368041992188e+02 2.426086425781250000e+02 3.918916931152343750e+02
1.084414672851562500e+02 5.220426025390625000e+02 5.914165496826171875e+01 1.337523651123046875e+02 1.433658142089843750e+02 2.843615722656250000e+03 1.614476318359375000e+02 1.695354461669921875e+02 1.376713989257812500e+03 3.474501647949218750e+02 3.208091430664062500e+02 3.558192443847656250e+02 5.216854858398437500e+02 1.154014968872070312e+02 2.187722320556640625e+02 3.819724121093750000e+02
8.926329803466796875e+01 4.873355102539062500e+02 5.309440612792968750e+01 1.238596649169921875e+02 1.417913208007812500e+02 2.724794921875000000e+03 1.606421813964843750e+02 1.543368225097656250e+02 1.331349365234375000e+03 3.680628967285156250e+02 2.978208618164062500e+02 3.351393127441406250e+02 4.835979003906250000e+02 1.060419921875000000e+02 2.172503967285156250e+02 3.748390502929687500e+02
8.183699035644531250e+01 4.681085815429687500e+02 4.143312072753906250e+01 1.122686920166015625e+02 1.334895935058593750e+02 2.729309082031250000e+03 1.474575347900390625e+02 1.390784606933593750e+02 1.230363037109375000e+03 3.726696777343750000e+02 2.823868408203125000e+02 3.254202270507812500e+02 4.680842590332031250e+02 1.077467803955078125e+02 2.120529937744140625e+02 3.538139953613281250e+02
9.767877197265625000e+01 4.690584106445312500e+02 4.727211380004882812e+01 1.040588836669921875e+02 1.381537628173828125e+02 2.706670898437500000e+03 1.474783020019531250e+02 1.607547302246093750e+02 1.402552246093750000e+03 3.815135498046875000e+02 2.909145507812500000e+02 3.578613891601562500e+02 4.611730957031250000e+02 1.190895996093750000e+02 2.049516906738281250e+02 3.748985290527343750e+02
7.588471984863281250e+01 4.524052429199218750e+02 4.448328781127929688e+01 9.546527099609375000e+01 1.203515701293945312e+02 2.668229248046875000e+03 1.393820190429687500e+02 1.347285003662109375e+02 1.363726684570312500e+03 3.748970947265625000e+02 2.655513610839843750e+02 3.119492187500000000e+02 4.399625244140625000e+02 1.067060089111328125e+02 2.034404144287109375e+02 3.798066406250000000e+02
7.483739471435546875e+01 4.321413574218750000e+02 4.202233123779296875e+01 8.736116027832031250e+01 1.306024780273437500e+02 2.572712890625000000e+03 1.299004974365234375e+02 1.340021057128906250e+02 1.248373535156250000e+03 3.399570922851562500e+02 2.651564025878906250e+02 2.952717895507812500e+02 4.325088500976562500e+02 1.175742340087890625e+02 2.011265563964843750e+02 3.736667785644531250e+02
7.155810546875000000e+01 3.930152282714843750e+02 3.370310974121093750e+01 8.837448120117187500e+01 1.217740707397460938e+02 2.613638671875000000e+03 1.190609970092773438e+02 1.361768951416015625e+02 1.298805053710937500e+03 3.642329406738281250e+02 2.691345825195312500e+02 2.881853027343750000e+02 4.209083862304687500e+02 1.156940917968750000e+02 1.971176300048828125e+02 3.689307250976562500e+02
9.354739379882812500e+01 3.688367614746093750e+02 2.491925048828125000e+01 8.092616271972656250e+01 9.290626525878906250e+01 2.662284667968750000e+03 1.194942398071289062e+02 1.191298828125000000e+02 1.153217773437500000e+03 3.196816406250000000e+02 2.320042419433593750e+02 2.749636840820312500e+02 3.978701782226562500e+02 1.041029205322265625e+02 1.804631805419921875e+02 3.628469238281250000e+02
7.622230529785156250e+01 3.757135009765625000e+02 3.500698471069335938e+01 9.446713256835937500e+01 8.836759948730468750e+01 2.805704101562500000e+03 1.168668594360351562e+02 1.223859786987304688e+02 1.331396972656250000e+03 2.777778015136718750e+02 2.416347503662109375e+02 2.752719421386718750e+02 3.622052612304687500e+02 9.039544677734375000e+01 1.670799255371093750e+02 3.205163269042968750e+02
9.983570098876953125e+01 4.850434265136718750e+02 5.592967605590820312e+01 1.677022705078125000e+02 1.499185333251953125e+02 3.456708496093750000e+03 1.457774353027343750e+02 1.672395629882812500e+02 1.599367553710937500e+03 3.398211059570312500e+02 3.249363403320312500e+02 3.576229553222656250e+02 6.036555175781250000e+02 1.149617919921875000e+02 2.062206115722656250e+02 3.929519348144531250e+02
9.608815765380859375e+01 4.793001098632812500e+02 6.026882171630859375e+01 1.610546569824218750e+02 1.374827270507812500e+02 3.100814941406250000e+03 1.502885894775390625e+02 1.610146484375000000e+02 1.543120483398437500e+03 4.374680786132812500e+02 3.061552124023437500e+02 3.221847534179687500e+02 6.106565551757812500e+02 1.109794464111328125e+02 2.243677062988281250e+02 3.678928222656250000e+02
9.260260772705078125e+01 4.977352294921875000e+02 5.842893600463867188e+01 1.827372131347656250e+02 1.352362365722656250e+02 3.829385253906250000e+03 1.448757171630859375e+02 1.791026306152343750e+02 1.514164306640625000e+03 4.185858154296875000e+02 3.268358459472656250e+02 3.201060180664062500e+02 6.040859985351562500e+02 1.174922256469726562e+02 2.182062225341796875e+02 3.965369262695312500e+02
8.905305480957031250e+01 4.381753234863281250e+02 5.323832702636718750e+01 1.519215087890625000e+02 1.288583984375000000e+02 3.062888183593750000e+03 1.558475952148437500e+02 1.465509338378906250e+02 1.353700927734375000e+03 3.915669250488281250e+02 2.814475097656250000e+02 3.112030639648437500e+02 5.974863281250000000e+02 1.030805206298828125e+02 2.094229736328125000e+02 3.556530456542968750e+02
8.343458557128906250e+01 4.424007568359375000e+02 5.599674224853515625e+01 1.458367919921875000e+02 1.319450073242187500e+02 3.072287597656250000e+03 1.440107116699218750e+02 1.456782836914062500e+02 1.445606201171875000e+03 3.373817749023437500e+02 2.728891906738281250e+02 3.173573913574218750e+02 5.779369506835937500e+02 9.986691284179687500e+01 1.940334472656250000e+02 3.718385925292968750e+02
8.991668701171875000e+01 5.117107543945312500e+02 5.522532653808593750e+01 1.647809600830078125e+02 1.333977508544921875e+02 3.549976074218750000e+03 1.394861907958984375e+02 1.447472381591796875e+02 1.432401611328125000e+03 3.857968444824218750e+02 3.246896972656250000e+02 3.440333557128906250e+02 5.855610351562500000e+02 9.969407653808593750e+01 2.075386199951171875e+02 3.796352233886718750e+02
8.275311279296875000e+01 5.057837524414062500e+02 5.637695693969726562e+01 1.476327056884765625e+02 1.305253906250000000e+02 3.774806396484375000e+03 1.386579589843750000e+02 1.628580780029296875e+02 1.455472656250000000e+03 4.011732177734375000e+02 2.878883666992187500e+02 3.367187805175781250e+02 5.653123779296875000e+02 1.141083450317382812e+02 2.024936218261718750e+02 3.868058471679687500e+02
9.419441223144531250e+01 4.853683166503906250e+02 5.381937026977539062e+01 1.391402130126953125e+02 1.294040679931640625e+02 3.711554687500000000e+03 1.455733337402343750e+02 1.477388000488281250e+02 1.424612792968750000e+03 3.314858093261718750e+02 2.868871765136718750e+02 3.138721923828125000e+02 5.463740844726562500e+02 1.148771972656250000e+02 1.819712066650390625e+02 3.860748901367187500e+02
8.315512847900390625e+01 5.162358398437500000e+02 5.790228271484375000e+01 1.562439270019531250e+02 1.345401000976562500e+02 3.759641601562500000e+03 1.387015838623046875e+02 1.706596527099609375e+02 1.418453369140625000e+03 3.685465393066406250e+02 2.988341979980468750e+02 3.357051391601562500e+02 5.609443359375000000e+02 9.983794403076171875e+01 1.778316040039062500e+02 3.772445068359375000e+02
8.377677917480468750e+01 4.530801391601562500e+02 6.232015991210937500e+01 1.452373504638671875e+02 1.329766998291015625e+02 3.514092773437500000e+03 1.374740600585937500e+02 1.461777038574218750e+02 1.311326416015625000e+03 3.425418701171875000e+02 2.802403564453125000e+02 3.271589050292968750e+02 5.511830444335937500e+02 1.033127059936523438e+02 1.988123474121093750e+02 3.681863708496093750e+02
8.840725708007812500e+01 4.555712280273437500e+02 6.771524810791015625e+01 1.579641571044921875e+02 1.228348922729492188e+02 3.666023925781250000e+03 1.424075927734375000e+02 1.411824645996093750e+02 1.450398803710937500e+03 3.813444824218750000e+02 2.825356750488281250e+02 3.268694152832031250e+02 5.440510864257812500e+02 1.054720458984375000e+02 2.027005310058593750e+02 3.651941223144531250e+02
1.057492523193359375e+02 4.648184814453125000e+02 7.536110687255859375e+01 1.771474151611328125e+02 1.126405334472656250e+02 3.412052490234375000e+03 1.456289062500000000e+02 1.571265258789062500e+02 1.448876220703125000e+03 3.381484375000000000e+02 2.947355957031250000e+02 3.308645324707031250e+02 5.417958374023437500e+02 1.028124847412109375e+02 2.080320892333984375e+02 3.856520996093750000e+02
9.640214538574218750e+01 5.212677001953125000e+02 7.489434814453125000e+01 2.042429351806640625e+02 1.224837646484375000e+02 3.602804443359375000e+03 1.531794281005859375e+02 1.777678527832031250e+02 1.525107299804687500e+03 3.582375488281250000e+02 3.365090026855468750e+02 3.231567077636718750e+02 5.530806884765625000e+02 1.095677795410156250e+02 2.145661468505859375e+02 4.020283813476562500e+02
9.683898162841796875e+01 4.883509521484375000e+02 6.172479629516601562e+01 1.689053497314453125e+02 1.154553070068359375e+02 3.414952148437500000e+03 1.553473510742187500e+02 1.660290527343750000e+02 1.381539306640625000e+03 3.593364562988281250e+02 2.959309997558593750e+02 3.264430541992187500e+02 5.304576416015625000e+02 1.020366210937500000e+02 2.131281433105468750e+02 3.968751831054687500e+02
1.105593948364257812e+02 5.286372070312500000e+02 6.362966918945312500e+01 1.620662231445312500e+02 1.179295654296875000e+02 3.566080566406250000e+03 1.521846313476562500e+02 1.692768554687500000e+02 1.451394165039062500e+03 3.699820251464843750e+02 2.932115478515625000e+02 3.220219421386718750e+02 5.401688232421875000e+02 1.055560913085937500e+02 2.006139831542968750e+02 4.077534790039062500e+02
9.765392303466796875e+01 5.206616210937500000e+02 5.855807495117187500e+01 1.466913452148437500e+02 1.187284317016601562e+02 3.435081298828125000e+03 1.456375732421875000e+02 1.628225402832031250e+02 1.509732666015625000e+03 3.837038574218750000e+02 2.983233032226562500e+02 3.269521789550781250e+02 5.724238891601562500e+02 1.046120986938476562e+02 1.917207946777343750e+02 3.839544677734375000e+02
8.248359680175781250e+01 5.163567504882812500e+02 6.550983428955078125e+01 1.438954010009765625e+02 1.214654693603515625e+02 3.476138916015625000e+03 1.465346679687500000e+02 1.491889038085937500e+02 1.530680053710937500e+03 3.619265747070312500e+02 2.895989685058593750e+02 3.071915283203125000e+02 5.607519531250000000e+02 1.161460113525390625e+02 1.976148223876953125e+02 3.563950500488281250e+02
9.246075439453125000e+01 5.239359130859375000e+02 7.026629638671875000e+01 1.467476654052734375e+02 1.282589416503906250e+02 3.747812500000000000e+03 1.479851226806640625e+02 1.538878021240234375e+02 1.446079467773437500e+03 3.429588012695312500e+02 2.795856933593750000e+02 3.358367919921875000e+02 5.623159790039062500e+02 1.258042831420898438e+02 2.251933288574218750e+02 3.585378112792968750e+02
9.949149322509765625e+01 5.671592407226562500e+02 7.004976654052734375e+01 1.624509277343750000e+02 1.288927612304687500e+02 3.643778564453125000e+03 1.492495574951171875e+02 1.639260101318359375e+02 1.432485473632812500e+03 3.385303649902343750e+02 3.038650512695312500e+02 3.373441772460937500e+02 5.252781982421875000e+02 1.247101135253906250e+02 2.688593444824218750e+02 3.862868652343750000e+02
8.499690246582031250e+01 5.256842041015625000e+02 6.738887786865234375e+01 1.498202667236328125e+02 1.313147888183593750e+02 3.722325439453125000e+03 1.568766937255859375e+02 1.482964782714843750e+02 1.482047119140625000e+03 3.362304687500000000e+02 2.891000671386718750e+02 3.250426940917968750e+02 5.261690673828125000e+02 1.162914199829101562e+02 2.678232727050781250e+02 3.834931640625000000e+02
1.005132904052734375e+02 5.482782592773437500e+02 6.826168823242187500e+01 1.589513854980468750e+02 1.327467956542968750e+02 4.020783935546875000e+03 1.593545684814453125e+02 1.476479187011718750e+02 1.476820068359375000e+03 3.499271545410156250e+02 2.947423706054687500e+02 3.375477294921875000e+02 5.394365234375000000e+02 1.299082794189453125e+02 2.603676757812500000e+02 3.927285461425781250e+02
9.757373046875000000e+01 5.614837646484375000e+02 6.875083923339843750e+01 1.826288604736328125e+02 1.292156066894531250e+02 3.808401123046875000e+03 1.563252105712890625e+02 1.489178771972656250e+02 1.840667114257812500e+03 3.375461120605468750e+02 3.151465454101562500e+02 3.354340820312500000e+02 5.481911010742187500e+02 1.186951904296875000e+02 2.642732849121093750e+02 3.971012268066406250e+02
9.017045593261718750e+01 5.206343994140625000e+02 6.948435974121093750e+01 1.592815704345703125e+02 1.287046051025390625e+02 4.142505859375000000e+03 1.525001678466796875e+02 1.493897705078125000e+02 1.712297973632812500e+03 3.412431335449218750e+02 2.874077148437500000e+02 3.128164978027343750e+02 5.233664550781250000e+02 1.090259552001953125e+02 2.573566589355468750e+02 3.954451293945312500e+02
1.030483322143554688e+02 5.338252563476562500e+02 7.190761566162109375e+01 1.626729431152343750e+02 1.342673645019531250e+02 3.805195800781250000e+03 1.577464904785156250e+02 1.506657562255859375e+02 1.714861938476562500e+03 3.410006713867187500e+02 2.960568237304687500e+02 3.357730407714843750e+02 5.311291503906250000e+02 1.427727355957031250e+02 2.705964965820312500e+02 3.813103332519531250e+02
1.033854522705078125e+02 5.612758789062500000e+02 7.125856781005859375e+01 1.720958557128906250e+02 1.382620544433593750e+02 3.948059082031250000e+03 1.682039489746093750e+02 1.498559570312500000e+02 1.757279174804687500e+03 3.503547668457031250e+02 3.171595153808593750e+02 3.470887145996093750e+02 5.450165405273437500e+02 1.417103271484375000e+02 2.555566711425781250e+02 4.136653442382812500e+02
8.663699340820312500e+01 5.589462890625000000e+02 6.233986663818359375e+01 1.645862121582031250e+02 1.380542602539062500e+02 3.716409912109375000e+03 1.565159301757812500e+02 1.507576904296875000e+02 1.743524414062500000e+03 3.458774414062500000e+02 2.888376770019531250e+02 3.312116394042968750e+02 5.280202636718750000e+02 1.153030853271484375e+02 2.716262207031250000e+02 4.024677429199218750e+02
8.662606048583984375e+01 4.909168395996093750e+02 4.880985260009765625e+01 1.672130737304687500e+02 1.318732147216796875e+02 3.939306640625000000e+03 1.547579345703125000e+02 1.516622467041015625e+02 1.626181274414062500e+03 3.440079040527343750e+02 2.876994628906250000e+02 2.984845275878906250e+02 5.192807617187500000e+02 1.197522125244140625e+02 2.598318481445312500e+02 3.887981567382812500e+02
8.647486877441406250e+01 4.832713623046875000e+02 5.028718566894531250e+01 1.635452117919921875e+02 1.312365722656250000e+02 3.920464111328125000e+03 1.552019958496093750e+02 1.501493835449218750e+02 1.754165771484375000e+03 3.478271789550781250e+02 2.885487060546875000e+02 2.987232666015625000e+02 5.312049560546875000e+02 1.269776077270507812e+02 2.369152832031250000e+02 3.967893371582031250e+02
8.655056762695312500e+01 5.238154296875000000e+02 6.282726287841796875e+01 1.858845825195312500e+02 1.394908447265625000e+02 3.764880859375000000e+03 1.554093475341796875e+02 1.549324798583984375e+02 1.671564941406250000e+03 3.672579040527343750e+02 3.005761108398437500e+02 3.562666931152343750e+02 5.351068115234375000e+02 1.185137939453125000e+02 2.587624511718750000e+02 4.029757995605468750e+02
9.552909088134765625e+01 5.084519042968750000e+02 6.524755096435546875e+01 1.677564544677734375e+02 1.378638610839843750e+02 3.882092285156250000e+03 1.557047119140625000e+02 1.508937225341796875e+02 1.585679809570312500e+03 4.440718383789062500e+02 3.113862915039062500e+02 3.574506530761718750e+02 5.002965393066406250e+02 1.176884613037109375e+02 2.589478454589843750e+02 4.185046081542968750e+02
8.792546844482421875e+01 5.211011962890625000e+02 5.990218734741210938e+01 1.484621887207031250e+02 1.412344665527343750e+02 3.948260253906250000e+03 1.544733581542968750e+02 1.500544433593750000e+02 1.580647338867187500e+03 3.968416748046875000e+02 3.021489868164062500e+02 3.463714904785156250e+02 4.657355957031250000e+02 1.148162078857421875e+02 2.601487121582031250e+02 4.198074951171875000e+02
9.720674133300781250e+01 5.203095092773437500e+02 6.282984542846679688e+01 1.496282958984375000e+02 1.402387695312500000e+02 3.747065917968750000e+03 1.554705352783203125e+02 1.513335723876953125e+02 1.621301025390625000e+03 4.018115234375000000e+02 3.162302246093750000e+02 3.570043029785156250e+02 4.954849853515625000e+02 1.111493835449218750e+02 2.711935119628906250e+02 4.244380187988281250e+02
9.657699584960937500e+01 5.205867919921875000e+02 6.144660568237304688e+01 1.706448364257812500e+02 1.405588073730468750e+02 3.878657714843750000e+03 1.553422241210937500e+02 1.512272949218750000e+02 1.612779418945312500e+03 3.702137451171875000e+02 3.030106811523437500e+02 3.389559936523437500e+02 4.967614440917968750e+02 1.116315612792968750e+02 2.531451263427734375e+02 4.295729370117187500e+02
1.019060668945312500e+02 5.205012207031250000e+02 6.389525604248046875e+01 1.508579406738281250e+02 1.396587524414062500e+02 3.970190185546875000e+03 1.647682647705078125e+02 1.513385009765625000e+02 1.588130004882812500e+03 3.744478149414062500e+02 2.957284851074218750e+02 3.497924194335937500e+02 5.054627075195312500e+02 1.184897460937500000e+02 2.463042755126953125e+02 4.453465576171875000e+02
8.988940429687500000e+01 4.979342956542968750e+02 6.120471191406250000e+01 1.482445983886718750e+02 1.412429809570312500e+02 3.744682128906250000e+03 1.741221313476562500e+02 1.503666687011718750e+02 1.396638305664062500e+03 3.944182128906250000e+02 2.909581909179687500e+02 3.519348754882812500e+02 5.015576782226562500e+02 1.201700668334960938e+02 2.446590423583984375e+02 3.983364257812500000e+02
1.102385406494140625e+02 4.853018188476562500e+02 6.145391464233398438e+01 1.465535888671875000e+02 1.427009429931640625e+02 3.574112548828125000e+03 1.533675842285156250e+02 1.477658691406250000e+02 1.367873291015625000e+03 3.613156127929687500e+02 2.935643920898437500e+02 3.074125976562500000e+02 5.032268066406250000e+02 1.131927337646484375e+02 2.177626342773437500e+02 3.922334594726562500e+02
1.060932769775390625e+02 5.119442138671875000e+02 6.164562988281250000e+01 1.544489746093750000e+02 1.429464874267578125e+02 4.036922363281250000e+03 1.537893218994140625e+02 1.488208465576171875e+02 1.491333496093750000e+03 3.777030944824218750e+02 2.962771606445312500e+02 3.301552734375000000e+02 5.140233764648437500e+02 1.116218261718750000e+02 2.217318878173828125e+02 4.277516174316406250e+02
1.165862884521484375e+02 4.907640380859375000e+02 6.283880233764648438e+01 1.561044006347656250e+02 1.431841278076171875e+02 4.218129882812500000e+03 1.540270385742187500e+02 1.488387451171875000e+02 1.416096801757812500e+03 3.594899597167968750e+02 2.980075378417968750e+02 3.272315063476562500e+02 5.250144042968750000e+02 1.243626327514648438e+02 2.083588714599609375e+02 4.223753051757812500e+02
1.185611801147460938e+02 5.130104980468750000e+02 6.850454711914062500e+01 1.597888488769531250e+02 1.421286315917968750e+02 4.489548339843750000e+03 1.567206115722656250e+02 1.485663757324218750e+02 1.350746337890625000e+03 3.705387573242187500e+02 3.136624145507812500e+02 3.232723388671875000e+02 5.268833007812500000e+02 1.231659088134765625e+02 2.112764892578125000e+02 4.359105529785156250e+02
9.863790893554687500e+01 5.304229736328125000e+02 6.928748321533203125e+01 1.870084533691406250e+02 1.422751770019531250e+02 4.431216308593750000e+03 1.518831481933593750e+02 1.469217834472656250e+02 1.509942138671875000e+03 3.900701293945312500e+02 3.429345092773437500e+02 3.464574279785156250e+02 5.065388183593750000e+02 1.224179687500000000e+02 2.203581542968750000e+02 4.363888244628906250e+02
