1.082027816772460938e+02 4.556258544921875000e+02 6.336427688598632812e+01 1.063348693847656250e+02 1.656578369140625000e+02 3.257889892578125000e+03 1.564604949951171875e+02 1.608832397460937500e+02 1.601627197265625000e+03 3.286257934570312500e+02 2.649215698242187500e+02 4.137744140625000000e+02 4.296957397460937500e+02 1.174125823974609375e+02 2.627154541015625000e+02 3.343188476562500000e+02
9.480062866210937500e+01 4.618645019531250000e+02 6.116117095947265625e+01 1.097043914794921875e+02 1.702299194335937500e+02 3.273797363281250000e+03 1.550553741455078125e+02 1.581970825195312500e+02 1.547920166015625000e+03 3.221523437500000000e+02 2.748533020019531250e+02 4.257935791015625000e+02 4.310145263671875000e+02 1.076810760498046875e+02 2.700277404785156250e+02 3.453685302734375000e+02
8.666606140136718750e+01 4.668693847656250000e+02 5.807488250732421875e+01 1.140813903808593750e+02 1.769219207763671875e+02 3.337768310546875000e+03 1.567492675781250000e+02 1.590940856933593750e+02 1.663098876953125000e+03 3.241076660156250000e+02 2.724546508789062500e+02 4.293871154785156250e+02 4.242714233398437500e+02 1.005953063964843750e+02 2.668112792968750000e+02 3.461635742187500000e+02
1.050875320434570312e+02 4.727180786132812500e+02 5.224221801757812500e+01 1.131570892333984375e+02 1.844676513671875000e+02 3.318173828125000000e+03 1.518433532714843750e+02 1.514713592529296875e+02 1.630037597656250000e+03 3.259783630371093750e+02 2.655201110839843750e+02 4.301229248046875000e+02 4.631652526855468750e+02 1.140974121093750000e+02 2.652227478027343750e+02 3.362981567382812500e+02
9.571336364746093750e+01 4.879763183593750000e+02 5.246289825439453125e+01 1.077564544677734375e+02 1.895024719238281250e+02 3.440285888671875000e+03 1.523370971679687500e+02 1.526540832519531250e+02 1.576062988281250000e+03 3.458907775878906250e+02 2.833502197265625000e+02 4.362510375976562500e+02 4.516562500000000000e+02 1.140957031250000000e+02 2.705433044433593750e+02 3.360410766601562500e+02
8.214979553222656250e+01 4.710985412597656250e+02 4.891187286376953125e+01 1.047029113769531250e+02 1.903793792724609375e+02 3.314732177734375000e+03 1.452846374511718750e+02 1.603865203857421875e+02 1.560007934570312500e+03 3.437346801757812500e+02 2.817000122070312500e+02 4.317923278808593750e+02 4.427207641601562500e+02 1.104015350341796875e+02 2.522709655761718750e+02 3.422615966796875000e+02
7.800134277343750000e+01 4.970554809570312500e+02 4.451791381835937500e+01 1.007037963867187500e+02 1.916400909423828125e+02 3.208802734375000000e+03 1.666703948974609375e+02 1.579034271240234375e+02 1.532752563476562500e+03 3.563222045898437500e+02 2.953589172363281250e+02 4.308591308593750000e+02 4.866117553710937500e+02 1.078055114746093750e+02 2.605722045898437500e+02 3.351132202148437500e+02
7.971464538574218750e+01 4.934771423339843750e+02 4.806725311279296875e+01 1.026475830078125000e+02 1.946886749267578125e+02 3.171974121093750000e+03 1.530192108154296875e+02 1.601336364746093750e+02 1.552469848632812500e+03 3.422235717773437500e+02 3.076322326660156250e+02 4.287406005859375000e+02 4.931936950683593750e+02 1.062388000488281250e+02 2.322754058837890625e+02 3.296341247558593750e+02
7.546451568603515625e+01 4.786240539550781250e+02 4.241647720336914062e+01 9.871391296386718750e+01 1.887225799560546875e+02 3.050151855468750000e+03 1.573219909667968750e+02 1.464613647460937500e+02 1.510482910156250000e+03 3.316232299804687500e+02 2.970339355468750000e+02 4.130581054687500000e+02 4.883197631835937500e+02 1.049573974609375000e+02 2.284820556640625000e+02 3.301676330566406250e+02
8.221453857421875000e+01 4.689151000976562500e+02 4.091869735717773438e+01 1.010289001464843750e+02 1.835252075195312500e+02 3.097815185546875000e+03 1.491521301269531250e+02 1.547786560058593750e+02 1.457193969726562500e+03 3.231063232421875000e+02 3.002728576660156250e+02 4.097204589843750000e+02 4.531753540039062500e+02 1.043828277587890625e+02 2.214150848388671875e+02 3.233458251953125000e+02
7.696586608886718750e+01 4.765780944824218750e+02 4.549141693115234375e+01 9.975241088867187500e+01 1.790461730957031250e+02 3.142422363281250000e+03 1.469741516113281250e+02 1.513967437744140625e+02 1.416359741210937500e+03 3.295063476562500000e+02 2.990328674316406250e+02 3.979057006835937500e+02 4.643549499511718750e+02 1.009220275878906250e+02 2.256102905273437500e+02 3.304653320312500000e+02
7.249568939208984375e+01 4.690711059570312500e+02 3.928570556640625000e+01 9.776286315917968750e+01 1.699780731201171875e+02 2.928188964843750000e+03 1.445882568359375000e+02 1.457537994384765625e+02 1.371937255859375000e+03 3.340439453125000000e+02 3.016282958984375000e+02 3.808141479492187500e+02 4.439699707031250000e+02 1.049291992187500000e+02 2.126554565429687500e+02 3.277084350585937500e+02
7.320904541015625000e+01 4.592807617187500000e+02 3.660461425781250000e+01 9.204290771484375000e+01 1.631715087890625000e+02 2.768362304687500000e+03 1.389033050537109375e+02 1.414841918945312500e+02 1.358194213867187500e+03 3.350902099609375000e+02 2.910947875976562500e+02 3.633374023437500000e+02 4.106081848144531250e+02 1.050118560791015625e+02 2.353116455078125000e+02 3.414700927734375000e+02
8.358638000488281250e+01 4.442663574218750000e+02 3.646734619140625000e+01 8.230186462402343750e+01 1.473365173339843750e+02 2.631338378906250000e+03 1.338503112792968750e+02 1.404162292480468750e+02 1.275871826171875000e+03 3.112382812500000000e+02 2.742169189453125000e+02 3.353855285644531250e+02 3.861444702148437500e+02 1.040169830322265625e+02 2.085167388916015625e+02 3.345473022460937500e+02
6.641986083984375000e+01 3.971665649414062500e+02 2.539990997314453125e+01 6.848754882812500000e+01 1.257604980468750000e+02 2.483350585937500000e+03 1.278242416381835938e+02 1.245061187744140625e+02 1.170656005859375000e+03 3.038302001953125000e+02 2.382841949462890625e+02 2.821729431152343750e+02 3.140020446777343750e+02 9.469741058349609375e+01 1.950240783691406250e+02 3.175239257812500000e+02
6.003829193115234375e+01 3.611248168945312500e+02 8.947929382324218750e+00 6.184570312500000000e+01 8.652684020996093750e+01 2.421626953125000000e+03 1.152784805297851562e+02 1.036680984497070312e+02 1.051540771484375000e+03 2.902907714843750000e+02 2.023229522705078125e+02 2.370334320068359375e+02 2.218618621826171875e+02 8.924072265625000000e+01 1.693857879638671875e+02 2.973474426269531250e+02
7.350206756591796875e+01 3.953665161132812500e+02 2.132109069824218750e+01 8.099185180664062500e+01 9.118238067626953125e+01 2.610323242187500000e+03 1.291026458740234375e+02 1.259645233154296875e+02 1.210684814453125000e+03 3.210166015625000000e+02 2.333131103515625000e+02 3.172597961425781250e+02 3.592663879394531250e+02 9.862309265136718750e+01 1.817864685058593750e+02 3.218165893554687500e+02
7.612373352050781250e+01 4.324470520019531250e+02 3.763835525512695312e+01 9.890682983398437500e+01 1.472392578125000000e+02 2.684670898437500000e+03 1.389672851562500000e+02 1.358420410156250000e+02 1.316702148437500000e+03 3.519413452148437500e+02 2.580935668945312500e+02 3.638292541503906250e+02 4.129900512695312500e+02 1.043570404052734375e+02 2.046650543212890625e+02 3.568038635253906250e+02
8.182404327392578125e+01 4.584004516601562500e+02 4.761140823364257812e+01 1.130804138183593750e+02 1.593703460693359375e+02 2.862579833984375000e+03 1.425681152343750000e+02 1.480161590576171875e+02 1.350921020507812500e+03 3.658637695312500000e+02 2.826618041992187500e+02 3.683809204101562500e+02 4.386755371093750000e+02 1.169749526977539062e+02 2.299855346679687500e+02 3.913918151855468750e+02
8.515919494628906250e+01 4.640450439453125000e+02 4.948316955566406250e+01 1.284936523437500000e+02 1.614628295898437500e+02 3.073264892578125000e+03 1.447934417724609375e+02 1.574320526123046875e+02 1.389409545898437500e+03 3.857978515625000000e+02 3.020557250976562500e+02 3.696288452148437500e+02 4.395982055664062500e+02 1.238432159423828125e+02 2.416779632568359375e+02 4.094160156250000000e+02
9.931433868408203125e+01 4.643139648437500000e+02 4.818280792236328125e+01 1.344527587890625000e+02 1.595366668701171875e+02 3.154593750000000000e+03 1.498990631103515625e+02 1.542826232910156250e+02 1.352215576171875000e+03 3.783918457031250000e+02 2.960802917480468750e+02 3.634719238281250000e+02 4.308183898925781250e+02 1.226682968139648438e+02 2.343033599853515625e+02 4.134728698730468750e+02
9.784542083740234375e+01 4.737849731445312500e+02 5.558239364624023438e+01 1.430593872070312500e+02 1.578223419189453125e+02 3.256089843750000000e+03 1.507900695800781250e+02 1.556276702880859375e+02 1.467949951171875000e+03 3.567380065917968750e+02 3.001905822753906250e+02 3.623923950195312500e+02 4.060378112792968750e+02 1.174547729492187500e+02 2.242888793945312500e+02 3.998152160644531250e+02
9.340866851806640625e+01 4.799617919921875000e+02 5.943278503417968750e+01 1.433732604980468750e+02 1.346682281494140625e+02 3.255130126953125000e+03 1.535163574218750000e+02 1.540939941406250000e+02 1.433705444335937500e+03 3.597698059082031250e+02 2.937969970703125000e+02 3.248411254882812500e+02 4.399002990722656250e+02 1.147483825683593750e+02 2.231986541748046875e+02 3.792024536132812500e+02
9.716150665283203125e+01 4.884495239257812500e+02 6.385810470581054688e+01 1.538134460449218750e+02 1.660740051269531250e+02 3.134175292968750000e+03 1.563544616699218750e+02 1.575630493164062500e+02 1.509285156250000000e+03 4.011658020019531250e+02 2.990782470703125000e+02 3.412970581054687500e+02 5.056702880859375000e+02 1.157034912109375000e+02 2.331676330566406250e+02 3.837313537597656250e+02
8.663250732421875000e+01 4.536830444335937500e+02 5.304991531372070312e+01 1.367941436767578125e+02 1.497134094238281250e+02 3.334507812500000000e+03 1.421634063720703125e+02 1.476679382324218750e+02 1.460488159179687500e+03 4.036217041015625000e+02 2.737925720214843750e+02 3.109793395996093750e+02 4.841572875976562500e+02 1.079605255126953125e+02 2.288582916259765625e+02 3.615373229980468750e+02
8.497413635253906250e+01 4.333649902343750000e+02 5.182087707519531250e+01 1.342082824707031250e+02 1.436231689453125000e+02 3.473675292968750000e+03 1.431434936523437500e+02 1.390907135009765625e+02 1.427218750000000000e+03 4.031314697265625000e+02 2.635119018554687500e+02 3.056074829101562500e+02 4.971540832519531250e+02 1.041722640991210938e+02 2.314288330078125000e+02 3.499476318359375000e+02
8.030627441406250000e+01 4.302671508789062500e+02 5.486005401611328125e+01 1.339042358398437500e+02 1.441540069580078125e+02 3.550374755859375000e+03 1.423105316162109375e+02 1.351584472656250000e+02 1.435645751953125000e+03 3.757586364746093750e+02 2.543864135742187500e+02 3.011741943359375000e+02 5.000650634765625000e+02 1.000864181518554688e+02 2.295843353271484375e+02 3.487880554199218750e+02
8.351380920410156250e+01 4.574552612304687500e+02 5.895759963989257812e+01 1.412095031738281250e+02 1.486126708984375000e+02 3.509217529296875000e+03 1.382016143798828125e+02 1.317838439941406250e+02 1.492202514648437500e+03 3.959423828125000000e+02 2.737302246093750000e+02 3.237177429199218750e+02 5.111984863281250000e+02 9.766708374023437500e+01 2.395093841552734375e+02 3.670930175781250000e+02
7.844341278076171875e+01 4.663345947265625000e+02 6.517561340332031250e+01 1.384666290283203125e+02 1.490177459716796875e+02 3.371879638671875000e+03 1.349648742675781250e+02 1.375826721191406250e+02 1.568799926757812500e+03 4.148638305664062500e+02 2.663536376953125000e+02 3.361887207031250000e+02 5.259301147460937500e+02 1.023445129394531250e+02 2.400511932373046875e+02 3.798334655761718750e+02
8.284673309326171875e+01 4.612807006835937500e+02 6.419351959228515625e+01 1.265428009033203125e+02 1.476579742431640625e+02 3.252347900390625000e+03 1.367186279296875000e+02 1.317260131835937500e+02 1.591567016601562500e+03 3.826366271972656250e+02 2.563251342773437500e+02 3.259020080566406250e+02 5.218850708007812500e+02 1.054828338623046875e+02 2.268413696289062500e+02 3.818257141113281250e+02
7.904661560058593750e+01 4.801774291992187500e+02 6.628066253662109375e+01 1.341370391845703125e+02 1.504294586181640625e+02 3.139940185546875000e+03 1.331735229492187500e+02 1.484633789062500000e+02 1.626794921875000000e+03 3.783263854980468750e+02 2.613595275878906250e+02 3.350986328125000000e+02 5.270160522460937500e+02 9.850638580322265625e+01 2.112550354003906250e+02 3.759263305664062500e+02
7.705017089843750000e+01 4.529139404296875000e+02 6.990003967285156250e+01 1.318320007324218750e+02 1.464453125000000000e+02 2.980555664062500000e+03 1.257604217529296875e+02 1.429178771972656250e+02 1.575182250976562500e+03 3.688448181152343750e+02 2.516006927490234375e+02 3.298778686523437500e+02 5.305552368164062500e+02 9.858534240722656250e+01 2.218360748291015625e+02 3.714769897460937500e+02
7.711563110351562500e+01 4.427805175781250000e+02 7.235338592529296875e+01 1.463317718505859375e+02 1.348160705566406250e+02 3.149494628906250000e+03 1.222599868774414062e+02 1.344282836914062500e+02 1.619329101562500000e+03 3.820007629394531250e+02 2.483042144775390625e+02 3.241849975585937500e+02 5.325960083007812500e+02 1.021846084594726562e+02 2.323208770751953125e+02 3.731633911132812500e+02
9.311260986328125000e+01 4.401910400390625000e+02 7.648858642578125000e+01 1.503800048828125000e+02 1.280367889404296875e+02 3.241876708984375000e+03 1.277719192504882812e+02 1.351865234375000000e+02 1.602640502929687500e+03 3.686686401367187500e+02 2.489754333496093750e+02 3.253672485351562500e+02 5.413598632812500000e+02 1.002874298095703125e+02 2.481663818359375000e+02 3.847487792968750000e+02
9.702999114990234375e+01 4.991273193359375000e+02 8.344138336181640625e+01 1.682106018066406250e+02 1.426497192382812500e+02 3.624280029296875000e+03 1.525981597900390625e+02 1.523921661376953125e+02 1.729088378906250000e+03 3.873758850097656250e+02 2.809535522460937500e+02 3.351369934082031250e+02 5.699047851562500000e+02 1.049090270996093750e+02 2.701816101074218750e+02 3.961662292480468750e+02
9.487446594238281250e+01 5.091858520507812500e+02 7.502263641357421875e+01 1.445415954589843750e+02 1.548242034912109375e+02 3.875382324218750000e+03 1.571891632080078125e+02 1.527717132568359375e+02 1.472070190429687500e+03 3.567561035156250000e+02 2.754287109375000000e+02 3.774342651367187500e+02 5.131031494140625000e+02 1.011177673339843750e+02 2.392354736328125000e+02 4.190657348632812500e+02
1.073632965087890625e+02 5.043342895507812500e+02 7.537550354003906250e+01 1.364800872802734375e+02 1.509514923095703125e+02 3.946787597656250000e+03 1.561786499023437500e+02 1.525187377929687500e+02 1.489631225585937500e+03 3.683554077148437500e+02 2.667797241210937500e+02 3.701403198242187500e+02 5.141965332031250000e+02 1.011298828125000000e+02 2.365714263916015625e+02 4.198934020996093750e+02
1.063666381835937500e+02 4.902079772949218750e+02 7.079686737060546875e+01 1.273156433105468750e+02 1.475376586914062500e+02 3.912427978515625000e+03 1.510949554443359375e+02 1.479615936279296875e+02 1.530676513671875000e+03 3.794224243164062500e+02 2.656577758789062500e+02 3.626718139648437500e+02 5.134727783203125000e+02 9.868434906005859375e+01 2.267546081542968750e+02 4.044253234863281250e+02
9.295954895019531250e+01 4.795799560546875000e+02 7.156579589843750000e+01 1.214551696777343750e+02 1.486604003906250000e+02 3.897336181640625000e+03 1.480337982177734375e+02 1.411844024658203125e+02 1.581286254882812500e+03 3.666076660156250000e+02 2.609445190429687500e+02 3.453672180175781250e+02 5.098760681152343750e+02 1.096445770263671875e+02 2.256183776855468750e+02 3.826349487304687500e+02
9.561932373046875000e+01 4.748067016601562500e+02 7.750505828857421875e+01 1.204167480468750000e+02 1.476124267578125000e+02 3.910189697265625000e+03 1.452971496582031250e+02 1.422608947753906250e+02 1.571881835937500000e+03 3.449272766113281250e+02 2.536460266113281250e+02 3.491018066406250000e+02 5.107569580078125000e+02 1.234829101562500000e+02 2.430607604980468750e+02 3.700935363769531250e+02
1.034701385498046875e+02 5.056206665039062500e+02 7.869682312011718750e+01 1.293177337646484375e+02 1.507651672363281250e+02 4.113143554687500000e+03 1.427995147705078125e+02 1.505548706054687500e+02 1.556235839843750000e+03 3.291493530273437500e+02 2.725849609375000000e+02 3.600417480468750000e+02 4.931909790039062500e+02 1.306019439697265625e+02 2.653264770507812500e+02 3.800866088867187500e+02
9.631029510498046875e+01 4.903916015625000000e+02 7.539604187011718750e+01 1.252138900756835938e+02 1.550491943359375000e+02 4.067764892578125000e+03 1.487066040039062500e+02 1.419643707275390625e+02 1.551372802734375000e+03 3.270358886718750000e+02 2.725753173828125000e+02 3.476437988281250000e+02 4.826179199218750000e+02 1.282709960937500000e+02 2.735463867187500000e+02 3.819844970703125000e+02
1.040037231445312500e+02 4.987838745117187500e+02 7.326889038085937500e+01 1.305994873046875000e+02 1.594137725830078125e+02 4.098825683593750000e+03 1.536332702636718750e+02 1.402867126464843750e+02 1.542547851562500000e+03 3.451914062500000000e+02 2.781907958984375000e+02 3.524498901367187500e+02 4.868942871093750000e+02 1.374627685546875000e+02 2.685879211425781250e+02 3.937770385742187500e+02
1.036942749023437500e+02 5.083210449218750000e+02 7.024345397949218750e+01 1.479165802001953125e+02 1.620086059570312500e+02 4.071302734375000000e+03 1.535483093261718750e+02 1.400942535400390625e+02 1.722065673828125000e+03 3.420481872558593750e+02 2.930259399414062500e+02 3.526106567382812500e+02 4.825435180664062500e+02 1.336276702880859375e+02 2.671572875976562500e+02 4.059342956542968750e+02
9.872209930419921875e+01 4.895679931640625000e+02 6.736511993408203125e+01 1.420783996582031250e+02 1.614625854492187500e+02 3.726843750000000000e+03 1.477015838623046875e+02 1.346207275390625000e+02 1.693291137695312500e+03 3.334573669433593750e+02 2.814729614257812500e+02 3.350852966308593750e+02 4.650230712890625000e+02 1.255537796020507812e+02 2.547119445800781250e+02 4.054402465820312500e+02
1.051179885864257812e+02 4.885739746093750000e+02 7.005252838134765625e+01 1.416832122802734375e+02 1.656147766113281250e+02 3.703527343750000000e+03 1.499016113281250000e+02 1.369163818359375000e+02 1.653849487304687500e+03 3.241505432128906250e+02 2.800216369628906250e+02 3.394513244628906250e+02 4.626507873535156250e+02 1.403635253906250000e+02 2.645932312011718750e+02 3.944169311523437500e+02
1.075406036376953125e+02 5.026546936035156250e+02 6.938964080810546875e+01 1.463480529785156250e+02 1.743635559082031250e+02 3.910361083984375000e+03 1.578699645996093750e+02 1.329235534667968750e+02 1.700847045898437500e+03 3.357917785644531250e+02 2.918670654296875000e+02 3.466246948242187500e+02 4.710285034179687500e+02 1.433957519531250000e+02 2.490969238281250000e+02 4.141868896484375000e+02
9.598318481445312500e+01 5.014649658203125000e+02 6.347079467773437500e+01 1.395237731933593750e+02 1.768933410644531250e+02 3.850670898437500000e+03 1.517942199707031250e+02 1.274604492187500000e+02 1.676231079101562500e+03 3.353477478027343750e+02 2.757445068359375000e+02 3.388089599609375000e+02 4.437010498046875000e+02 1.295261688232421875e+02 2.614924926757812500e+02 4.059138488769531250e+02
8.720355224609375000e+01 4.717289428710937500e+02 5.376956176757812500e+01 1.374225158691406250e+02 1.717560729980468750e+02 4.052051757812500000e+03 1.438834991455078125e+02 1.289229125976562500e+02 1.567036254882812500e+03 3.308475341796875000e+02 2.635163879394531250e+02 3.108602905273437500e+02 4.208794250488281250e+02 1.269028778076171875e+02 2.550614624023437500e+02 3.897886657714843750e+02
8.059391784667968750e+01 4.552891540527343750e+02 4.834468841552734375e+01 1.299415283203125000e+02 1.649813995361328125e+02 4.141895507812500000e+03 1.411186828613281250e+02 1.222056350708007812e+02 1.568798828125000000e+03 3.286223754882812500e+02 2.555305938720703125e+02 2.980363464355468750e+02 4.220279846191406250e+02 1.309993591308593750e+02 2.370614013671875000e+02 3.878038330078125000e+02
7.774617004394531250e+01 4.868493652343750000e+02 5.688885116577148438e+01 1.462772216796875000e+02 1.734518432617187500e+02 4.309387695312500000e+03 1.397073059082031250e+02 1.292312316894531250e+02 1.533597167968750000e+03 3.422170410156250000e+02 2.628630981445312500e+02 3.374191284179687500e+02 4.325450134277343750e+02 1.236029739379882812e+02 2.463933105468750000e+02 3.936675720214843750e+02
8.471890258789062500e+01 4.839541931152343750e+02 5.952696990966796875e+01 1.395780029296875000e+02 1.806060943603515625e+02 4.272766601562500000e+03 1.397254028320312500e+02 1.271669845581054688e+02 1.465940429687500000e+03 3.925070495605468750e+02 2.713903198242187500e+02 3.651358337402343750e+02 4.223186950683593750e+02 1.178203125000000000e+02 2.488620300292968750e+02 3.980426330566406250e+02
8.050753021240234375e+01 5.044202880859375000e+02 5.409822845458984375e+01 1.297825012207031250e+02 1.833443908691406250e+02 4.318880371093750000e+03 1.356470947265625000e+02 1.221917114257812500e+02 1.417488403320312500e+03 3.749815673828125000e+02 2.748239135742187500e+02 3.630784912109375000e+02 3.977525939941406250e+02 1.089175109863281250e+02 2.508105163574218750e+02 3.994311523437500000e+02
8.890971374511718750e+01 5.070899963378906250e+02 5.610169982910156250e+01 1.293537597656250000e+02 1.918666534423828125e+02 4.522431152343750000e+03 1.385009002685546875e+02 1.234191513061523438e+02 1.416659301757812500e+03 3.779965820312500000e+02 2.952491760253906250e+02 3.751099853515625000e+02 4.258164672851562500e+02 1.021658935546875000e+02 2.588083801269531250e+02 4.056040954589843750e+02
8.964440155029296875e+01 5.137144775390625000e+02 5.532613372802734375e+01 1.444576721191406250e+02 1.992219238281250000e+02 4.765798828125000000e+03 1.412395782470703125e+02 1.268319015502929688e+02 1.404729492187500000e+03 3.651374816894531250e+02 2.895613708496093750e+02 3.787891235351562500e+02 4.470358276367187500e+02 1.011483764648437500e+02 2.466968994140625000e+02 4.132035217285156250e+02
9.672755432128906250e+01 5.084824523925781250e+02 5.863468170166015625e+01 1.375970764160156250e+02 2.049697570800781250e+02 5.001230957031250000e+03 1.481554870605468750e+02 1.331820373535156250e+02 1.377269775390625000e+03 3.626854248046875000e+02 2.842838439941406250e+02 3.834793395996093750e+02 4.729276428222656250e+02 1.057833557128906250e+02 2.316634368896484375e+02 4.332114562988281250e+02
8.825782775878906250e+01 4.881654968261718750e+02 5.188624191284179688e+01 1.310604553222656250e+02 2.056293334960937500e+02 4.929424804687500000e+03 1.600084838867187500e+02 1.274119873046875000e+02 1.307447021484375000e+03 3.646842346191406250e+02 2.693816528320312500e+02 3.867921752929687500e+02 4.735489807128906250e+02 1.113613586425781250e+02 2.197283782958984375e+02 3.968101806640625000e+02
1.000203781127929688e+02 4.471508178710937500e+02 4.510858154296875000e+01 1.197202911376953125e+02 2.022295532226562500e+02 4.906512207031250000e+03 1.432744750976562500e+02 1.228502120971679688e+02 1.248649658203125000e+03 3.337267761230468750e+02 2.514349975585937500e+02 3.525780944824218750e+02 4.696713256835937500e+02 1.041440887451171875e+02 2.020053558349609375e+02 3.755121154785156250e+02
9.015028381347656250e+01 4.517725830078125000e+02 3.930039978027343750e+01 1.171654357910156250e+02 1.998840332031250000e+02 5.083059570312500000e+03 1.387521667480468750e+02 1.199822540283203125e+02 1.309440185546875000e+03 3.419818115234375000e+02 2.481024169921875000e+02 3.501874084472656250e+02 4.809137878417968750e+02 9.880003356933593750e+01 1.992150268554687500e+02 3.977730102539062500e+02
9.860371398925781250e+01 4.285105590820312500e+02 3.701316452026367188e+01 1.127753753662109375e+02 1.944678649902343750e+02 4.879667968750000000e+03 1.383764343261718750e+02 1.182546463012695312e+02 1.234648193359375000e+03 3.175445861816406250e+02 2.450931396484375000e+02 3.282272949218750000e+02 4.757268676757812500e+02 1.085418243408203125e+02 1.865140838623046875e+02 3.795047912597656250e+02
