9.102474212646484375e+01 4.544358520507812500e+02 4.825048065185546875e+01 9.846331787109375000e+01 1.819414062500000000e+02 3.711558105468750000e+03 1.552159729003906250e+02 1.535345916748046875e+02 1.513974121093750000e+03 3.302060546875000000e+02 2.627604980468750000e+02 4.311848754882812500e+02 3.436165466308593750e+02 1.139407882690429688e+02 2.329090728759765625e+02 3.313801269531250000e+02
8.956366729736328125e+01 4.559333496093750000e+02 4.702633666992187500e+01 9.910621643066406250e+01 1.852454986572265625e+02 3.722425292968750000e+03 1.542243957519531250e+02 1.531828613281250000e+02 1.518794433593750000e+03 3.261959838867187500e+02 2.665088500976562500e+02 4.389894104003906250e+02 3.338006591796875000e+02 1.094135131835937500e+02 2.401989898681640625e+02 3.341020812988281250e+02
8.617089080810546875e+01 4.569014282226562500e+02 4.476956939697265625e+01 9.883958435058593750e+01 1.881987457275390625e+02 3.696701171875000000e+03 1.543174133300781250e+02 1.525954284667968750e+02 1.523124389648437500e+03 3.223075561523437500e+02 2.646907348632812500e+02 4.398767395019531250e+02 3.236136169433593750e+02 1.048134765625000000e+02 2.420597839355468750e+02 3.331974792480468750e+02
8.912899780273437500e+01 4.518078002929687500e+02 4.121835327148437500e+01 9.584478759765625000e+01 1.901821289062500000e+02 3.613230957031250000e+03 1.519843902587890625e+02 1.481877441406250000e+02 1.504876708984375000e+03 3.166889648437500000e+02 2.552449035644531250e+02 4.383215942382812500e+02 3.207980651855468750e+02 1.064134063720703125e+02 2.396883544921875000e+02 3.255604248046875000e+02
8.761148071289062500e+01 4.520192565917968750e+02 3.928127670288085938e+01 9.147303771972656250e+01 1.919736022949218750e+02 3.609668945312500000e+03 1.493590087890625000e+02 1.466758422851562500e+02 1.500348022460937500e+03 3.174375610351562500e+02 2.555464172363281250e+02 4.395902709960937500e+02 3.115732727050781250e+02 1.062659301757812500e+02 2.381677856445312500e+02 3.220639953613281250e+02
8.082062530517578125e+01 4.479630126953125000e+02 3.675823974609375000e+01 8.661338806152343750e+01 1.919103088378906250e+02 3.566823730468750000e+03 1.447894897460937500e+02 1.474695739746093750e+02 1.490468872070312500e+03 3.180896606445312500e+02 2.539536895751953125e+02 4.368260498046875000e+02 2.984825134277343750e+02 1.055276412963867188e+02 2.307702178955078125e+02 3.212112121582031250e+02
7.505223083496093750e+01 4.481376342773437500e+02 3.373966598510742188e+01 8.050218200683593750e+01 1.916205596923828125e+02 3.522478759765625000e+03 1.465975799560546875e+02 1.458959655761718750e+02 1.480113525390625000e+03 3.180603027343750000e+02 2.548680877685546875e+02 4.343782348632812500e+02 3.051995849609375000e+02 1.021758804321289062e+02 2.294842834472656250e+02 3.167863159179687500e+02
7.146800231933593750e+01 4.434426879882812500e+02 3.294428634643554688e+01 7.644776916503906250e+01 1.936452026367187500e+02 3.500711181640625000e+03 1.426310119628906250e+02 1.446517028808593750e+02 1.489746215820312500e+03 3.114437866210937500e+02 2.553202972412109375e+02 4.333767395019531250e+02 3.065685424804687500e+02 9.952600097656250000e+01 2.146282043457031250e+02 3.099408569335937500e+02
6.610462951660156250e+01 4.307310791015625000e+02 3.011113357543945312e+01 7.143852233886718750e+01 1.921028137207031250e+02 3.457547363281250000e+03 1.391861724853515625e+02 1.382701873779296875e+02 1.483140258789062500e+03 3.044172363281250000e+02 2.519654998779296875e+02 4.279706420898437500e+02 3.077610778808593750e+02 9.627620697021484375e+01 2.093072814941406250e+02 3.080702209472656250e+02
6.634671020507812500e+01 4.190061645507812500e+02 2.764225387573242188e+01 6.870648193359375000e+01 1.904245147705078125e+02 3.422161376953125000e+03 1.358071289062500000e+02 1.361708679199218750e+02 1.484411132812500000e+03 2.982382202148437500e+02 2.494320678710937500e+02 4.267457885742187500e+02 3.003237304687500000e+02 9.343560791015625000e+01 2.039715270996093750e+02 3.001790771484375000e+02
6.280902862548828125e+01 4.108468017578125000e+02 2.789233398437500000e+01 6.474794006347656250e+01 1.898946990966796875e+02 3.356738769531250000e+03 1.314419555664062500e+02 1.315924987792968750e+02 1.487257324218750000e+03 2.936159057617187500e+02 2.460453033447265625e+02 4.228068237304687500e+02 2.989548645019531250e+02 8.981368255615234375e+01 2.015143737792968750e+02 2.956026611328125000e+02
5.746733093261718750e+01 3.965054931640625000e+02 2.398122024536132812e+01 5.039767456054687500e+01 1.859740142822265625e+02 3.212121582031250000e+03 1.241786651611328125e+02 1.230593109130859375e+02 1.471966552734375000e+03 2.846601867675781250e+02 2.364449615478515625e+02 4.141567993164062500e+02 2.894265747070312500e+02 8.660060119628906250e+01 1.938848571777343750e+02 2.851779174804687500e+02
4.455283355712890625e+01 3.455428161621093750e+02 1.155693435668945312e+01 1.799703979492187500e+01 1.822993927001953125e+02 2.905488769531250000e+03 1.066614151000976562e+02 1.020732498168945312e+02 1.403698852539062500e+03 2.560585632324218750e+02 2.004981536865234375e+02 4.016008911132812500e+02 2.505135803222656250e+02 7.710725402832031250e+01 1.851716156005859375e+02 2.603976745605468750e+02
3.372434997558593750e+01 2.917027282714843750e+02 -3.402893066406250000e+00 -1.148348999023437500e+01 1.689523620605468750e+02 2.627736328125000000e+03 9.100093078613281250e+01 8.155828857421875000e+01 1.254440795898437500e+03 2.234284210205078125e+02 1.608840789794921875e+02 3.747537841796875000e+02 1.870597991943359375e+02 6.750540924072265625e+01 1.594737243652343750e+02 2.337131500244140625e+02
2.763359832763671875e+01 2.588608093261718750e+02 -1.204733276367187500e+01 -2.566574096679687500e+01 1.537641143798828125e+02 2.492287597656250000e+03 8.383631896972656250e+01 7.042512512207031250e+01 1.157336914062500000e+03 2.112513732910156250e+02 1.368209838867187500e+02 3.421684570312500000e+02 1.483920745849609375e+02 6.342442321777343750e+01 1.458729858398437500e+02 2.211750335693359375e+02
2.941689300537109375e+01 2.610323486328125000e+02 -1.183358001708984375e+01 -2.167172241210937500e+01 1.473089599609375000e+02 2.504342773437500000e+03 8.406009674072265625e+01 6.922602844238281250e+01 1.147326782226562500e+03 2.184691162109375000e+02 1.394400634765625000e+02 3.278245239257812500e+02 1.449140930175781250e+02 6.636795806884765625e+01 1.450659637451171875e+02 2.263872222900390625e+02
4.095152282714843750e+01 3.058058776855468750e+02 1.741439819335937500e+00 6.156631469726562500e+00 1.543255767822265625e+02 2.766939453125000000e+03 9.787771606445312500e+01 8.804678344726562500e+01 1.306251220703125000e+03 2.509723052978515625e+02 1.756523132324218750e+02 3.484631347656250000e+02 1.989045104980468750e+02 7.581014251708984375e+01 1.603021240234375000e+02 2.561450805664062500e+02
5.012646484375000000e+01 3.447814025878906250e+02 1.422834396362304688e+01 3.271144104003906250e+01 1.581742401123046875e+02 2.997803222656250000e+03 1.101040039062500000e+02 1.025684509277343750e+02 1.435085205078125000e+03 2.820496826171875000e+02 2.018239898681640625e+02 3.601313476562500000e+02 2.497087707519531250e+02 8.421173095703125000e+01 1.738693542480468750e+02 2.869730834960937500e+02
5.666619873046875000e+01 3.680469970703125000e+02 2.256386947631835938e+01 4.940190124511718750e+01 1.620336303710937500e+02 3.157632812500000000e+03 1.163633346557617188e+02 1.112769241333007812e+02 1.520859130859375000e+03 3.022329711914062500e+02 2.187706756591796875e+02 3.661571350097656250e+02 2.862875976562500000e+02 9.176477050781250000e+01 1.913806457519531250e+02 3.116955871582031250e+02
6.033371734619140625e+01 3.750024108886718750e+02 2.783120346069335938e+01 6.138647460937500000e+01 1.641327209472656250e+02 3.262177246093750000e+03 1.181118164062500000e+02 1.180627670288085938e+02 1.569520385742187500e+03 3.179697875976562500e+02 2.305572814941406250e+02 3.687411499023437500e+02 2.882922363281250000e+02 9.761897277832031250e+01 2.006802825927734375e+02 3.308164672851562500e+02
6.648272705078125000e+01 3.771606445312500000e+02 2.949780654907226562e+01 6.864501953125000000e+01 1.625296936035156250e+02 3.292659423828125000e+03 1.212041397094726562e+02 1.196301803588867188e+02 1.552310302734375000e+03 3.257460937500000000e+02 2.326011810302734375e+02 3.621189270019531250e+02 2.873644104003906250e+02 1.006095199584960938e+02 2.113615264892578125e+02 3.448978271484375000e+02
6.991298675537109375e+01 3.829608154296875000e+02 3.551723098754882812e+01 7.619271850585937500e+01 1.613359985351562500e+02 3.319108398437500000e+03 1.224911422729492188e+02 1.226976928710937500e+02 1.565965454101562500e+03 3.223245239257812500e+02 2.380237884521484375e+02 3.611357421875000000e+02 2.734707641601562500e+02 1.006259460449218750e+02 2.090911407470703125e+02 3.500910644531250000e+02
6.190103912353515625e+01 3.257842407226562500e+02 3.549214935302734375e+01 5.769464111328125000e+01 1.570655822753906250e+02 3.393573730468750000e+03 1.077770004272460938e+02 1.024634399414062500e+02 1.431998901367187500e+03 2.884708862304687500e+02 2.018501281738281250e+02 3.304539794921875000e+02 2.577450561523437500e+02 8.516568756103515625e+01 1.982999114990234375e+02 3.224756469726562500e+02
7.226138305664062500e+01 3.493910827636718750e+02 5.149953460693359375e+01 8.725241088867187500e+01 1.654204101562500000e+02 3.457147460937500000e+03 1.160252914428710938e+02 1.138585968017578125e+02 1.474529052734375000e+03 3.203023071289062500e+02 2.233286590576171875e+02 3.356798095703125000e+02 3.127204895019531250e+02 8.802919769287109375e+01 2.138654174804687500e+02 3.386368408203125000e+02
7.603306579589843750e+01 3.586922912597656250e+02 6.079273605346679688e+01 9.979997253417968750e+01 1.704691467285156250e+02 3.500054199218750000e+03 1.158747787475585938e+02 1.200235366821289062e+02 1.516623413085937500e+03 3.382991333007812500e+02 2.310677947998046875e+02 3.542504577636718750e+02 3.472219848632812500e+02 8.891455078125000000e+01 2.278585205078125000e+02 3.491604309082031250e+02
7.326722717285156250e+01 3.383721618652343750e+02 5.990574264526367188e+01 9.475083923339843750e+01 1.676295013427734375e+02 3.341875976562500000e+03 1.137303848266601562e+02 1.124437713623046875e+02 1.473311645507812500e+03 3.321466064453125000e+02 2.196119384765625000e+02 3.568016662597656250e+02 3.672880249023437500e+02 8.485109710693359375e+01 2.195076904296875000e+02 3.363957214355468750e+02
6.222737884521484375e+01 3.155744323730468750e+02 5.370124053955078125e+01 8.112474060058593750e+01 1.638870544433593750e+02 3.206974609375000000e+03 1.082639694213867188e+02 1.014592971801757812e+02 1.417483642578125000e+03 3.125318298339843750e+02 1.975575561523437500e+02 3.521600341796875000e+02 3.597022705078125000e+02 7.810382843017578125e+01 2.099454498291015625e+02 3.209757080078125000e+02
5.520855712890625000e+01 3.006210632324218750e+02 4.512151336669921875e+01 6.599801635742187500e+01 1.592115173339843750e+02 3.081289550781250000e+03 9.829433441162109375e+01 8.840942382812500000e+01 1.386991455078125000e+03 3.010654907226562500e+02 1.833228912353515625e+02 3.544674987792968750e+02 3.394872436523437500e+02 7.109577178955078125e+01 2.004871215820312500e+02 3.091259765625000000e+02
4.803681182861328125e+01 2.955941467285156250e+02 4.297097015380859375e+01 5.727455139160156250e+01 1.554613189697265625e+02 3.028827636718750000e+03 9.272991180419921875e+01 8.589424133300781250e+01 1.402390014648437500e+03 3.020986328125000000e+02 1.727437896728515625e+02 3.557485351562500000e+02 3.364934692382812500e+02 6.952012634277343750e+01 1.919210205078125000e+02 3.079693298339843750e+02
5.106628417968750000e+01 3.137037048339843750e+02 4.348298645019531250e+01 6.101432800292968750e+01 1.555175476074218750e+02 3.076493408203125000e+03 9.704880523681640625e+01 8.836457824707031250e+01 1.431570800781250000e+03 3.033119506835937500e+02 1.791909332275390625e+02 3.542811279296875000e+02 3.477327880859375000e+02 7.365479278564453125e+01 1.842822113037109375e+02 3.188008117675781250e+02
5.545269775390625000e+01 3.517583618164062500e+02 4.743385314941406250e+01 7.827995300292968750e+01 1.607543334960937500e+02 3.230429199218750000e+03 1.033919830322265625e+02 1.048126602172851562e+02 1.522607177734375000e+03 3.156439514160156250e+02 2.001327362060546875e+02 3.650690917968750000e+02 3.682428894042968750e+02 7.679574584960937500e+01 1.753151397705078125e+02 3.308677978515625000e+02
5.763513183593750000e+01 3.656882019042968750e+02 5.116374969482421875e+01 8.853077697753906250e+01 1.623045959472656250e+02 3.273691650390625000e+03 1.038075180053710938e+02 1.117617492675781250e+02 1.553891113281250000e+03 3.213214721679687500e+02 2.088901367187500000e+02 3.691006469726562500e+02 3.708502807617187500e+02 7.994106292724609375e+01 1.756961669921875000e+02 3.362933959960937500e+02
5.882018280029296875e+01 3.768674621582031250e+02 5.352053070068359375e+01 1.000914306640625000e+02 1.598304595947265625e+02 3.357292236328125000e+03 1.031661834716796875e+02 1.121950607299804688e+02 1.566869873046875000e+03 3.297908630371093750e+02 2.135936126708984375e+02 3.716403808593750000e+02 3.673146362304687500e+02 8.355926513671875000e+01 1.796376647949218750e+02 3.412349853515625000e+02
6.504825592041015625e+01 3.830785522460937500e+02 5.519030761718750000e+01 1.058819580078125000e+02 1.556769866943359375e+02 3.375836914062500000e+03 1.064719467163085938e+02 1.142411956787109375e+02 1.565180419921875000e+03 3.295994262695312500e+02 2.161300506591796875e+02 3.745440673828125000e+02 3.683760986328125000e+02 8.455624389648437500e+01 1.891085510253906250e+02 3.489497070312500000e+02
6.700395202636718750e+01 4.043280334472656250e+02 5.679776382446289062e+01 1.103155517578125000e+02 1.565068969726562500e+02 3.521690673828125000e+03 1.162367935180664062e+02 1.198523101806640625e+02 1.589599731445312500e+03 3.317130126953125000e+02 2.247850341796875000e+02 3.715120239257812500e+02 3.882266235351562500e+02 8.572515106201171875e+01 2.046446838378906250e+02 3.530679016113281250e+02
6.461287689208984375e+01 4.037486877441406250e+02 4.543132019042968750e+01 8.998085021972656250e+01 1.477636260986328125e+02 3.744338134765625000e+03 1.195357513427734375e+02 1.167584915161132812e+02 1.524430664062500000e+03 3.231249084472656250e+02 2.128403625488281250e+02 3.673849487304687500e+02 3.452097167968750000e+02 8.426927947998046875e+01 2.007118530273437500e+02 3.483732910156250000e+02
7.384533691406250000e+01 4.143070373535156250e+02 4.831231689453125000e+01 8.969444274902343750e+01 1.491143646240234375e+02 3.806200683593750000e+03 1.235790328979492188e+02 1.202079162597656250e+02 1.538862548828125000e+03 3.277824096679687500e+02 2.138770599365234375e+02 3.691747131347656250e+02 3.591236267089843750e+02 8.564498138427734375e+01 2.030361328125000000e+02 3.567624511718750000e+02
7.727020263671875000e+01 4.130598144531250000e+02 4.672326660156250000e+01 8.611616516113281250e+01 1.493886108398437500e+02 3.732172851562500000e+03 1.246187820434570312e+02 1.195674209594726562e+02 1.530578125000000000e+03 3.300424804687500000e+02 2.151033477783203125e+02 3.680939636230468750e+02 3.698038330078125000e+02 8.481958007812500000e+01 1.975523834228515625e+02 3.524580688476562500e+02
7.211442565917968750e+01 4.155291748046875000e+02 4.760411071777343750e+01 8.496160888671875000e+01 1.516447448730468750e+02 3.698614257812500000e+03 1.250443954467773438e+02 1.186167907714843750e+02 1.531132812500000000e+03 3.267754211425781250e+02 2.166060028076171875e+02 3.625544738769531250e+02 3.734243469238281250e+02 8.987350463867187500e+01 1.959797668457031250e+02 3.437594909667968750e+02
7.478440093994140625e+01 4.191079711914062500e+02 5.254412078857421875e+01 8.694223022460937500e+01 1.525267028808593750e+02 3.718802490234375000e+03 1.258227767944335938e+02 1.209924316406250000e+02 1.531406616210937500e+03 3.212294311523437500e+02 2.170482330322265625e+02 3.662963256835937500e+02 3.756251831054687500e+02 9.920092773437500000e+01 2.073930206298828125e+02 3.380896301269531250e+02
7.966175842285156250e+01 4.349022216796875000e+02 5.527315521240234375e+01 9.364035034179687500e+01 1.542593994140625000e+02 3.782975830078125000e+03 1.268750762939453125e+02 1.271787796020507812e+02 1.536009887695312500e+03 3.157466125488281250e+02 2.267371978759765625e+02 3.719705505371093750e+02 3.683841552734375000e+02 1.069173278808593750e+02 2.247655029296875000e+02 3.415858154296875000e+02
7.994939422607421875e+01 4.368737792968750000e+02 5.363971710205078125e+01 9.597309875488281250e+01 1.568859558105468750e+02 3.780425781250000000e+03 1.312018737792968750e+02 1.252932434082031250e+02 1.512650024414062500e+03 3.152610473632812500e+02 2.327255249023437500e+02 3.694522094726562500e+02 3.625719299316406250e+02 1.089751434326171875e+02 2.405197906494140625e+02 3.447235717773437500e+02
8.407122039794921875e+01 4.454902038574218750e+02 5.197360992431640625e+01 1.017617797851562500e+02 1.594709625244140625e+02 3.829358398437500000e+03 1.352667846679687500e+02 1.258794326782226562e+02 1.500771606445312500e+03 3.247208251953125000e+02 2.395996093750000000e+02 3.735795593261718750e+02 3.593971862792968750e+02 1.149727783203125000e+02 2.499232482910156250e+02 3.520851440429687500e+02
8.681968688964843750e+01 4.537359619140625000e+02 4.925852203369140625e+01 1.113575439453125000e+02 1.602529907226562500e+02 3.840821044921875000e+03 1.377148132324218750e+02 1.254517517089843750e+02 1.508322509765625000e+03 3.293890686035156250e+02 2.491076354980468750e+02 3.737225341796875000e+02 3.563502502441406250e+02 1.161977081298828125e+02 2.582756042480468750e+02 3.607770385742187500e+02
8.694095611572265625e+01 4.532719726562500000e+02 4.659088897705078125e+01 1.137393341064453125e+02 1.599750671386718750e+02 3.773661621093750000e+03 1.373101196289062500e+02 1.231943740844726562e+02 1.491782104492187500e+03 3.296445007324218750e+02 2.492750244140625000e+02 3.668202514648437500e+02 3.463233032226562500e+02 1.132796936035156250e+02 2.510667419433593750e+02 3.645587158203125000e+02
9.061954498291015625e+01 4.561135559082031250e+02 4.700245285034179688e+01 1.152685546875000000e+02 1.625116271972656250e+02 3.772415039062500000e+03 1.400859985351562500e+02 1.245622711181640625e+02 1.485787597656250000e+03 3.261517333984375000e+02 2.512656707763671875e+02 3.672161560058593750e+02 3.415143737792968750e+02 1.194822311401367188e+02 2.534159698486328125e+02 3.621606140136718750e+02
9.266516113281250000e+01 4.664512939453125000e+02 4.685821914672851562e+01 1.201405639648437500e+02 1.712133178710937500e+02 3.839447265625000000e+03 1.450118560791015625e+02 1.231525115966796875e+02 1.506533691406250000e+03 3.346347045898437500e+02 2.600061035156250000e+02 3.702109069824218750e+02 3.438746948242187500e+02 1.241646804809570312e+02 2.416912536621093750e+02 3.704351806640625000e+02
8.909742736816406250e+01 4.692542419433593750e+02 4.364595031738281250e+01 1.203645935058593750e+02 1.741858825683593750e+02 3.814520751953125000e+03 1.433891143798828125e+02 1.194490280151367188e+02 1.491789428710937500e+03 3.377818603515625000e+02 2.557832794189453125e+02 3.679440307617187500e+02 3.305133666992187500e+02 1.190998077392578125e+02 2.401720428466796875e+02 3.709891357421875000e+02
8.464027404785156250e+01 4.582121887207031250e+02 3.845497512817382812e+01 1.216232604980468750e+02 1.730292663574218750e+02 3.841742187500000000e+03 1.391558074951171875e+02 1.190866851806640625e+02 1.449893676757812500e+03 3.356499633789062500e+02 2.507597198486328125e+02 3.501940307617187500e+02 3.133670654296875000e+02 1.166354446411132812e+02 2.349444580078125000e+02 3.641355895996093750e+02
8.002409362792968750e+01 4.495003051757812500e+02 3.516847610473632812e+01 1.206415405273437500e+02 1.713426971435546875e+02 3.849961181640625000e+03 1.369021606445312500e+02 1.153310775756835938e+02 1.415954223632812500e+03 3.338357543945312500e+02 2.475179901123046875e+02 3.323699951171875000e+02 3.042042541503906250e+02 1.171243286132812500e+02 2.235738372802734375e+02 3.603904418945312500e+02
7.682153320312500000e+01 4.592836303710937500e+02 3.773004150390625000e+01 1.280121765136718750e+02 1.808548278808593750e+02 3.909614746093750000e+03 1.364006500244140625e+02 1.177282638549804688e+02 1.435847045898437500e+03 3.376541748046875000e+02 2.504969482421875000e+02 3.491219482421875000e+02 3.032252502441406250e+02 1.147615051269531250e+02 2.248110351562500000e+02 3.616736755371093750e+02
8.008293151855468750e+01 4.647324218750000000e+02 4.106380462646484375e+01 1.301836547851562500e+02 1.910433959960937500e+02 3.960680908203125000e+03 1.373953247070312500e+02 1.194510498046875000e+02 1.461455322265625000e+03 3.546798095703125000e+02 2.585019531250000000e+02 3.727807312011718750e+02 3.044328308105468750e+02 1.128914489746093750e+02 2.278622283935546875e+02 3.671089172363281250e+02
7.947026062011718750e+01 4.758029174804687500e+02 4.095112228393554688e+01 1.280050811767578125e+02 1.944665832519531250e+02 3.982961425781250000e+03 1.357013244628906250e+02 1.183964767456054688e+02 1.462219238281250000e+03 3.613475952148437500e+02 2.651347351074218750e+02 3.818816528320312500e+02 2.977131347656250000e+02 1.090750579833984375e+02 2.269809570312500000e+02 3.715112915039062500e+02
8.131350708007812500e+01 4.790512695312500000e+02 4.193939971923828125e+01 1.261057739257812500e+02 1.995303344726562500e+02 4.018649169921875000e+03 1.355881958007812500e+02 1.175844955444335938e+02 1.476689941406250000e+03 3.652390136718750000e+02 2.711025390625000000e+02 3.926083374023437500e+02 3.002755737304687500e+02 1.051778717041015625e+02 2.271466064453125000e+02 3.753565673828125000e+02
8.338727569580078125e+01 4.840007629394531250e+02 4.191823196411132812e+01 1.309110717773437500e+02 2.027272186279296875e+02 4.045828613281250000e+03 1.349308471679687500e+02 1.180235366821289062e+02 1.480380371093750000e+03 3.629850158691406250e+02 2.720930175781250000e+02 3.972308349609375000e+02 3.030265197753906250e+02 1.035900802612304688e+02 2.224554290771484375e+02 3.790372314453125000e+02
8.432917785644531250e+01 4.814121704101562500e+02 4.223527526855468750e+01 1.283675842285156250e+02 2.049893035888671875e+02 4.094004882812500000e+03 1.358470153808593750e+02 1.186191864013671875e+02 1.477788940429687500e+03 3.604259033203125000e+02 2.685877685546875000e+02 3.992534790039062500e+02 3.081356506347656250e+02 1.029879760742187500e+02 2.138614501953125000e+02 3.840364990234375000e+02
8.119468688964843750e+01 4.701194763183593750e+02 3.942809295654296875e+01 1.207622070312500000e+02 2.044874877929687500e+02 4.051877197265625000e+03 1.386178588867187500e+02 1.152580032348632812e+02 1.447474487304687500e+03 3.549189758300781250e+02 2.572293701171875000e+02 4.010008850097656250e+02 3.100776977539062500e+02 1.036604614257812500e+02 2.051968078613281250e+02 3.721586303710937500e+02
